0 0.33055555555555555 0.33240740740740743 0.06296296296296296 0.05925925925925926
1 0.5527777777777778 0.43425925925925923 0.0712962962962963 0.06851851851851852
2 0.375 0.48333333333333334 0.06111111111111111 0.06481481481481481
3 0.2111111111111111 0.5407407407407407 0.0824074074074074 0.08055555555555556
0 0.5 0.7277777777777777 0.06111111111111111 0.05740740740740741
0 0.5962962962962963 0.5462962962962963 0.05925925925925926 0.05555555555555555
0 0.4675925925925926 0.4898148148148148 0.06296296296296296 0.05925925925925926
0 0.3175925925925926 0.525 0.06296296296296296 0.05925925925925926
0 0.5268518518518519 0.3574074074074074 0.06296296296296296 0.05925925925925926
0 0.34814814814814815 0.3962962962962963 0.06296296296296296 0.05925925925925926
1 0.44907407407407407 0.3861111111111111 0.0712962962962963 0.06851851851851852
1 0.5 0.5537037037037037 0.0712962962962963 0.06851851851851852
1 0.46111111111111114 0.6509259259259259 0.0712962962962963 0.06851851851851852
1 0.3712962962962963 0.6787037037037037 0.0712962962962963 0.06851851851851852
1 0.28888888888888886 0.737037037037037 0.0712962962962963 0.06851851851851852
1 0.25925925925925924 0.4185185185185185 0.0712962962962963 0.06851851851851852
1 0.3148148148148148 0.6027777777777777 0.0712962962962963 0.06851851851851852
2 0.36944444444444446 0.7842592592592592 0.06111111111111111 0.06481481481481481
2 0.5407407407407407 0.6222222222222222 0.06111111111111111 0.06481481481481481
3 0.6287037037037037 0.6546296296296297 0.0824074074074074 0.08055555555555556
3 0.4212962962962963 0.5796296296296296 0.0824074074074074 0.08055555555555556