0 0.6694444444444444 0.6675925925925926 0.06296296296296296 0.05925925925925926
1 0.44722222222222224 0.5657407407407408 0.0712962962962963 0.06851851851851852
2 0.625 0.5166666666666667 0.06111111111111111 0.06481481481481481
3 0.7888888888888889 0.45925925925925926 0.0824074074074074 0.08055555555555556
0 0.5 0.2722222222222222 0.06111111111111111 0.05740740740740741
0 0.40370370370370373 0.4537037037037037 0.05925925925925926 0.05555555555555555
0 0.5324074074074074 0.5101851851851852 0.06296296296296296 0.05925925925925926
0 0.6824074074074075 0.475 0.06296296296296296 0.05925925925925926
0 0.47314814814814815 0.6425925925925926 0.06296296296296296 0.05925925925925926
0 0.6518518518518519 0.6037037037037037 0.06296296296296296 0.05925925925925926
1 0.5509259259259259 0.6138888888888889 0.0712962962962963 0.06851851851851852
1 0.5 0.4462962962962963 0.0712962962962963 0.06851851851851852
1 0.5388888888888889 0.3490740740740741 0.0712962962962963 0.06851851851851852
1 0.6287037037037037 0.3212962962962963 0.0712962962962963 0.06851851851851852
1 0.7111111111111111 0.26296296296296295 0.0712962962962963 0.06851851851851852
1 0.7407407407407407 0.5814814814814815 0.0712962962962963 0.06851851851851852
1 0.6851851851851852 0.3972222222222222 0.0712962962962963 0.06851851851851852
2 0.6305555555555555 0.21574074074074073 0.06111111111111111 0.06481481481481481
2 0.45925925925925926 0.37777777777777777 0.06111111111111111 0.06481481481481481
3 0.3712962962962963 0.3453703703703704 0.0824074074074074 0.08055555555555556
3 0.5787037037037037 0.4203703703703704 0.0824074074074074 0.08055555555555556