0 0.40555555555555556 0.2101851851851852 0.08518518518518518 0.08518518518518518
1 0.44722222222222224 0.33240740740740743 0.10277777777777777 0.09814814814814815
2 0.3148148148148148 0.35 0.08703703703703704 0.08703703703703704
3 0.18518518518518517 0.25555555555555554 0.11018518518518519 0.1175925925925926
3 0.774074074074074 0.5564814814814815 0.11018518518518519 0.1175925925925926
3 0.49074074074074076 0.44722222222222224 0.11018518518518519 0.1175925925925926
0 0.549074074074074 0.8361111111111111 0.08518518518518518 0.08518518518518518
0 0.5425925925925926 0.7351851851851852 0.08518518518518518 0.08518518518518518
0 0.4064814814814815 0.5685185185185185 0.08518518518518518 0.08518518518518518
0 0.6157407407407407 0.5527777777777778 0.08518518518518518 0.08518518518518518
0 0.29444444444444445 0.7703703703703704 0.08518518518518518 0.08518518518518518
0 0.21203703703703702 0.45092592592592595 0.08518518518518518 0.08518518518518518
2 0.6148148148148148 0.1648148148148148 0.08703703703703704 0.08703703703703704
2 0.525 0.600925925925926 0.08703703703703704 0.08703703703703704
1 0.2574074074074074 0.6064814814814815 0.10277777777777777 0.09814814814814815
1 0.35648148148148145 0.462037037037037 0.10277777777777777 0.09814814814814815
1 0.4 0.7027777777777777 0.10277777777777777 0.09814814814814815
1 0.6916666666666667 0.6833333333333333 0.10277777777777777 0.09814814814814815
1 0.6407407407407407 0.4425925925925926 0.10277777777777777 0.09814814814814815
1 0.7333333333333333 0.26851851851851855 0.10277777777777777 0.09814814814814815
1 0.5768518518518518 0.3212962962962963 0.10277777777777777 0.09814814814814815