0 0.8175925925925925 0.5018518518518519 0.09444444444444444 0.09814814814814815
0 0.5166666666666667 0.8157407407407408 0.08425925925925926 0.08703703703703704
0 0.4212962962962963 0.44722222222222224 0.08425925925925926 0.08888888888888889
0 0.5157407407407407 0.6277777777777778 0.08333333333333333 0.09074074074074075
0 0.6527777777777778 0.29907407407407405 0.09074074074074075 0.09444444444444444
1 0.775 0.6796296296296296 0.10555555555555556 0.10462962962962963
1 0.3712962962962963 0.5962962962962963 0.1037037037037037 0.1
1 0.41388888888888886 0.7611111111111111 0.1 0.1
1 0.6814814814814815 0.462037037037037 0.10555555555555556 0.10462962962962963
1 0.5018518518518519 0.524074074074074 0.10555555555555556 0.10462962962962963
2 0.5842592592592593 0.7296296296296296 0.09259259259259259 0.09259259259259259
2 0.5472222222222223 0.39814814814814814 0.09259259259259259 0.09259259259259259
3 0.4888888888888889 0.26481481481481484 0.11944444444444445 0.11203703703703703
3 0.6407407407407407 0.5925925925925926 0.11944444444444445 0.11203703703703703