0 0.1824074074074074 0.4981481481481482 0.09444444444444444 0.09814814814814815
0 0.48333333333333334 0.18425925925925926 0.08425925925925926 0.08703703703703704
0 0.5787037037037037 0.5527777777777778 0.08425925925925926 0.08888888888888889
0 0.4842592592592593 0.37222222222222223 0.08333333333333333 0.09074074074074075
0 0.3472222222222222 0.700925925925926 0.09074074074074075 0.09444444444444444
1 0.225 0.32037037037037036 0.10555555555555556 0.10462962962962963
1 0.6287037037037037 0.40370370370370373 0.1037037037037037 0.1
1 0.5861111111111111 0.2388888888888889 0.1 0.1
1 0.31851851851851853 0.537962962962963 0.10555555555555556 0.10462962962962963
1 0.4981481481481482 0.4759259259259259 0.10555555555555556 0.10462962962962963
2 0.41574074074074074 0.27037037037037037 0.09259259259259259 0.09259259259259259
2 0.4527777777777778 0.6018518518518519 0.09259259259259259 0.09259259259259259
3 0.5111111111111111 0.7351851851851852 0.11944444444444445 0.11203703703703703
3 0.3592592592592593 0.4074074074074074 0.11944444444444445 0.11203703703703703