0 0.5018518518518519 0.1824074074074074 0.09814814814814815 0.09444444444444444
0 0.8157407407407408 0.48333333333333334 0.08703703703703704 0.08425925925925926
0 0.44722222222222224 0.5787037037037037 0.08888888888888889 0.08425925925925926
0 0.6277777777777778 0.4842592592592593 0.09074074074074075 0.08333333333333333
0 0.29907407407407405 0.3472222222222222 0.09444444444444444 0.09074074074074075
1 0.6796296296296296 0.225 0.10462962962962963 0.10555555555555556
1 0.5962962962962963 0.6287037037037037 0.1 0.1037037037037037
1 0.7611111111111111 0.5861111111111111 0.1 0.1
1 0.462037037037037 0.31851851851851853 0.10462962962962963 0.10555555555555556
1 0.524074074074074 0.4981481481481482 0.10462962962962963 0.10555555555555556
2 0.7296296296296296 0.41574074074074074 0.09259259259259259 0.09259259259259259
2 0.39814814814814814 0.4527777777777778 0.09259259259259259 0.09259259259259259
3 0.26481481481481484 0.5111111111111111 0.11203703703703703 0.11944444444444445
3 0.5925925925925926 0.3592592592592593 0.11203703703703703 0.11944444444444445