2 0.7527777777777778 0.5388888888888889 0.05555555555555555 0.05092592592592592
2 0.7657407407407407 0.34444444444444444 0.058333333333333334 0.05648148148148148
2 0.2712962962962963 0.2740740740740741 0.05092592592592592 0.05
2 0.46944444444444444 0.4361111111111111 0.05740740740740741 0.05648148148148148
2 0.3527777777777778 0.6657407407407407 0.04537037037037037 0.04537037037037037
0 0.6194444444444445 0.5370370370370371 0.04722222222222222 0.04722222222222222
0 0.6888888888888889 0.4166666666666667 0.04814814814814815 0.05185185185185185
0 0.687962962962963 0.48055555555555557 0.05185185185185185 0.04722222222222222
0 0.8203703703703704 0.5231481481481481 0.05277777777777778 0.053703703703703705
0 0.2361111111111111 0.7 0.04259259259259259 0.046296296296296294
0 0.3333333333333333 0.23981481481481481 0.04537037037037037 0.05185185185185185
0 0.30648148148148147 0.462037037037037 0.04537037037037037 0.04722222222222222
1 0.537962962962963 0.5194444444444445 0.05462962962962963 0.05555555555555555
1 0.6472222222222223 0.34629629629629627 0.05740740740740741 0.05648148148148148
1 0.7574074074074074 0.2574074074074074 0.06018518518518518 0.06574074074074074
1 0.39814814814814814 0.43703703703703706 0.053703703703703705 0.05925925925925926
1 0.5194444444444445 0.36944444444444446 0.05740740740740741 0.05648148148148148
1 0.5444444444444444 0.2898148148148148 0.05740740740740741 0.058333333333333334
1 0.43333333333333335 0.2462962962962963 0.05740740740740741 0.06018518518518518
1 0.2824074074074074 0.6055555555555555 0.05555555555555555 0.05462962962962963
1 0.23981481481481481 0.3962962962962963 0.05555555555555555 0.053703703703703705
1 0.26296296296296295 0.5064814814814815 0.053703703703703705 0.05555555555555555
1 0.46296296296296297 0.5388888888888889 0.05462962962962963 0.05555555555555555
3 0.7851851851851852 0.4583333333333333 0.07222222222222222 0.06666666666666667
3 0.29907407407407405 0.33796296296296297 0.06481481481481481 0.06388888888888888
3 0.5398148148148149 0.5953703703703703 0.06388888888888888 0.05740740740740741
3 0.6018518518518519 0.4462962962962963 0.06666666666666667 0.06851851851851852
3 0.6370370370370371 0.2490740740740741 0.06944444444444445 0.06666666666666667
3 0.39351851851851855 0.36018518518518516 0.058333333333333334 0.06018518518518518
3 0.3888888888888889 0.5416666666666666 0.058333333333333334 0.06018518518518518
3 0.3962962962962963 0.6222222222222222 0.06018518518518518 0.06574074074074074
3 0.48055555555555557 0.6759259259259259 0.06111111111111111 0.06574074074074074