1 0.600925925925926 0.4444444444444444 0.03796296296296296 0.03981481481481482
1 0.2101851851851852 0.49537037037037035 0.040740740740740744 0.03888888888888889
1 0.6101851851851852 0.5166666666666667 0.03611111111111111 0.03981481481481482
1 0.3685185185185185 0.6722222222222223 0.03888888888888889 0.03981481481481482
0 0.5518518518518518 0.5898148148148148 0.03148148148148148 0.03333333333333333
1 0.5953703703703703 0.3527777777777778 0.03796296296296296 0.03888888888888889
1 0.46574074074074073 0.29444444444444445 0.03888888888888889 0.04259259259259259
1 0.5555555555555556 0.5388888888888889 0.03796296296296296 0.040740740740740744
3 0.5851851851851851 0.6324074074074074 0.04351851851851852 0.044444444444444446
1 0.46944444444444444 0.6240740740740741 0.03796296296296296 0.040740740740740744
2 0.5527777777777778 0.7324074074074074 0.032407407407407406 0.03425925925925926
1 0.7268518518518519 0.5333333333333333 0.037037037037037035 0.03796296296296296
3 0.2490740740740741 0.5842592592592593 0.04259259259259259 0.04259259259259259
0 0.5166666666666667 0.5833333333333334 0.03148148148148148 0.03333333333333333
0 0.4935185185185185 0.5370370370370371 0.030555555555555555 0.032407407407407406
0 0.30833333333333335 0.4462962962962963 0.030555555555555555 0.03333333333333333
1 0.8064814814814815 0.6583333333333333 0.03796296296296296 0.03981481481481482
1 0.462037037037037 0.6824074074074075 0.03796296296296296 0.037037037037037035
0 0.5212962962962963 0.6287037037037037 0.03148148148148148 0.032407407407407406
2 0.49907407407407406 0.3648148148148148 0.03333333333333333 0.03518518518518519
3 0.30277777777777776 0.5731481481481482 0.04351851851851852 0.044444444444444446
2 0.4537037037037037 0.5092592592592593 0.03518518518518519 0.03611111111111111
0 0.6935185185185185 0.5796296296296296 0.032407407407407406 0.03333333333333333
2 0.6388888888888888 0.48703703703703705 0.03333333333333333 0.03518518518518519
3 0.3388888888888889 0.6101851851851852 0.044444444444444446 0.044444444444444446
2 0.7638888888888888 0.5324074074074074 0.03333333333333333 0.03425925925925926
0 0.5416666666666666 0.4546296296296296 0.03148148148148148 0.03333333333333333
0 0.6898148148148148 0.6240740740740741 0.02962962962962963 0.03333333333333333
0 0.687037037037037 0.36018518518518516 0.030555555555555555 0.032407407407407406
0 0.3287037037037037 0.4083333333333333 0.03148148148148148 0.03333333333333333
2 0.6759259259259259 0.5120370370370371 0.03425925925925926 0.03518518518518519
0 0.4361111111111111 0.6555555555555556 0.032407407407407406 0.032407407407407406
2 0.5166666666666667 0.5 0.03333333333333333 0.03518518518518519
2 0.3851851851851852 0.6092592592592593 0.03518518518518519 0.03611111111111111
3 0.6037037037037037 0.5796296296296296 0.04537037037037037 0.044444444444444446
1 0.8027777777777778 0.5703703703703704 0.03611111111111111 0.03888888888888889
0 0.4148148148148148 0.6185185185185185 0.030555555555555555 0.032407407407407406
0 0.5740740740740741 0.4046296296296296 0.032407407407407406 0.03333333333333333
2 0.7240740740740741 0.6 0.03425925925925926 0.03425925925925926
3 0.6601851851851852 0.6722222222222223 0.03981481481481482 0.04259259259259259
2 0.37407407407407406 0.5555555555555556 0.03518518518518519 0.03518518518518519
1 0.7185185185185186 0.49074074074074076 0.03796296296296296 0.03796296296296296
3 0.5287037037037037 0.6824074074074075 0.04537037037037037 0.044444444444444446
2 0.41388888888888886 0.6925925925925925 0.03518518518518519 0.03518518518518519
2 0.4074074074074074 0.49444444444444446 0.03333333333333333 0.03425925925925926
2 0.712037037037037 0.6833333333333333 0.03611111111111111 0.03611111111111111
0 0.5398148148148149 0.3685185185185185 0.030555555555555555 0.032407407407407406
0 0.3851851851851852 0.4564814814814815 0.03148148148148148 0.032407407407407406
0 0.6314814814814815 0.3574074074074074 0.02962962962962963 0.032407407407407406
3 0.3787037037037037 0.325 0.04351851851851852 0.044444444444444446
3 0.5814814814814815 0.30277777777777776 0.04351851851851852 0.04537037037037037
2 0.7620370370370371 0.462037037037037 0.03425925925925926 0.03518518518518519
2 0.5888888888888889 0.6953703703703704 0.03333333333333333 0.037037037037037035
2 0.4361111111111111 0.3472222222222222 0.03333333333333333 0.03518518518518519
3 0.30833333333333335 0.5037037037037037 0.044444444444444446 0.04351851851851852
2 0.42592592592592593 0.44537037037037036 0.03333333333333333 0.03333333333333333
2 0.575 0.4935185185185185 0.032407407407407406 0.03425925925925926
2 0.43796296296296294 0.5796296296296296 0.03425925925925926 0.03518518518518519
2 0.7490740740740741 0.34444444444444444 0.03333333333333333 0.03425925925925926
3 0.2564814814814815 0.5268518518518519 0.04351851851851852 0.04259259259259259
2 0.7518518518518519 0.6324074074074074 0.03425925925925926 0.03425925925925926
2 0.2518518518518518 0.4537037037037037 0.03425925925925926 0.03518518518518519
3 0.6583333333333333 0.5592592592592592 0.040740740740740744 0.04259259259259259
2 0.44537037037037036 0.4064814814814815 0.03333333333333333 0.03425925925925926
2 0.6481481481481481 0.6203703703703703 0.032407407407407406 0.032407407407407406
2 0.5157407407407407 0.41574074074074074 0.032407407407407406 0.03518518518518519
3 0.3055555555555556 0.33796296296296297 0.04351851851851852 0.044444444444444446
3 0.6444444444444445 0.3074074074074074 0.044444444444444446 0.04351851851851852
3 0.649074074074074 0.41203703703703703 0.04259259259259259 0.04351851851851852
3 0.41203703703703703 0.5351851851851852 0.04351851851851852 0.04259259259259259
3 0.7407407407407407 0.4148148148148148 0.044444444444444446 0.04259259259259259
2 0.6675925925925926 0.46111111111111114 0.03333333333333333 0.03425925925925926
1 0.6712962962962963 0.737037037037037 0.03888888888888889 0.040740740740740744
2 0.7944444444444444 0.49907407407407406 0.03148148148148148 0.03425925925925926
2 0.3472222222222222 0.4638888888888889 0.03518518518518519 0.03425925925925926
3 0.38981481481481484 0.38055555555555554 0.04351851851851852 0.04259259259259259
2 0.6092592592592593 0.7601851851851852 0.03518518518518519 0.037037037037037035
3 0.5203703703703704 0.3212962962962963 0.040740740740740744 0.04259259259259259
3 0.7083333333333334 0.29444444444444445 0.04259259259259259 0.04537037037037037
2 0.4759259259259259 0.575 0.03425925925925926 0.03425925925925926
3 0.4759259259259259 0.46296296296296297 0.04259259259259259 0.04259259259259259
2 0.337037037037037 0.5370370370370371 0.03518518518518519 0.03333333333333333
2 0.2657407407407407 0.3888888888888889 0.03425925925925926 0.03611111111111111
2 0.8407407407407408 0.5518518518518518 0.03518518518518519 0.03611111111111111
3 0.287962962962963 0.6444444444444445 0.04537037037037037 0.04722222222222222