3 0.48333333333333334 0.5305555555555556 0.03796296296296296 0.03611111111111111
0 0.5768518518518518 0.6138888888888889 0.028703703703703703 0.028703703703703703
3 0.525 0.5907407407407408 0.03611111111111111 0.037037037037037035
0 0.6 0.5611111111111111 0.026851851851851852 0.026851851851851852
3 0.587037037037037 0.5203703703703704 0.03796296296296296 0.03518518518518519
1 0.5675925925925925 0.5805555555555556 0.03333333333333333 0.032407407407407406
3 0.5064814814814815 0.4898148148148148 0.037037037037037035 0.03611111111111111
3 0.4740740740740741 0.575925925925926 0.037037037037037035 0.03611111111111111
2 0.4462962962962963 0.5462962962962963 0.030555555555555555 0.032407407407407406
3 0.612037037037037 0.47962962962962963 0.037037037037037035 0.03888888888888889
2 0.5444444444444444 0.5046296296296297 0.030555555555555555 0.03333333333333333
2 0.48703703703703705 0.43148148148148147 0.02962962962962963 0.02962962962962963
2 0.41203703703703703 0.5518518518518518 0.02962962962962963 0.030555555555555555
2 0.46111111111111114 0.49722222222222223 0.028703703703703703 0.02962962962962963
3 0.562962962962963 0.47129629629629627 0.03796296296296296 0.03796296296296296
0 0.47129629629629627 0.462037037037037 0.028703703703703703 0.02962962962962963
0 0.4351851851851852 0.4666666666666667 0.026851851851851852 0.025925925925925925
3 0.42685185185185187 0.5092592592592593 0.03611111111111111 0.03611111111111111
0 0.5231481481481481 0.5472222222222223 0.026851851851851852 0.026851851851851852
2 0.5222222222222223 0.45185185185185184 0.030555555555555555 0.02962962962962963
0 0.5583333333333333 0.5435185185185185 0.027777777777777776 0.028703703703703703
0 0.4537037037037037 0.42777777777777776 0.026851851851851852 0.027777777777777776