0 0.42777777777777776 0.5138888888888888 0.03333333333333333 0.032407407407407406
0 0.49722222222222223 0.5037037037037037 0.03333333333333333 0.03333333333333333
0 0.5425925925925926 0.45185185185185184 0.03333333333333333 0.03333333333333333
0 0.6259259259259259 0.4444444444444444 0.03518518518518519 0.03333333333333333
0 0.5703703703703704 0.6462962962962963 0.03611111111111111 0.037037037037037035
0 0.6138888888888889 0.649074074074074 0.03611111111111111 0.037037037037037035
2 0.44166666666666665 0.6101851851851852 0.03796296296296296 0.03796296296296296
2 0.5166666666666667 0.6037037037037037 0.03888888888888889 0.03888888888888889
2 0.6175925925925926 0.5148148148148148 0.037037037037037035 0.037037037037037035
2 0.5046296296296297 0.6694444444444444 0.03981481481481482 0.03981481481481482
2 0.575925925925926 0.4027777777777778 0.03611111111111111 0.03518518518518519
1 0.47314814814814815 0.5648148148148148 0.040740740740740744 0.041666666666666664
1 0.6675925925925926 0.5277777777777778 0.04259259259259259 0.041666666666666664
3 0.48333333333333334 0.412962962962963 0.04537037037037037 0.044444444444444446
3 0.5361111111111111 0.5555555555555556 0.046296296296296294 0.04722222222222222
3 0.6129629629629629 0.5842592592592593 0.04814814814814815 0.04722222222222222
3 0.4546296296296296 0.4675925925925926 0.044444444444444446 0.04351851851851852