1 0.6675925925925926 0.7157407407407408 0.08055555555555556 0.11666666666666667
1 0.48055555555555557 0.5268518518518519 0.0824074074074074 0.11388888888888889
1 0.4083333333333333 0.362962962962963 0.0824074074074074 0.10277777777777777
1 0.37037037037037035 0.5833333333333334 0.08055555555555556 0.10925925925925926
1 0.2638888888888889 0.4 0.09351851851851851 0.11851851851851852
0 0.5555555555555556 0.6370370370370371 0.06388888888888888 0.10277777777777777
0 0.55 0.8194444444444444 0.07314814814814814 0.10277777777777777
0 0.6824074074074075 0.30277777777777776 0.07314814814814814 0.08981481481481482
2 0.5611111111111111 0.9314814814814815 0.07314814814814814 0.10925925925925926
2 0.28888888888888886 0.17777777777777778 0.07777777777777778 0.0962962962962963
2 0.6055555555555555 0.06759259259259259 0.06944444444444445 0.09814814814814815
2 0.4222222222222222 0.1685185185185185 0.07592592592592592 0.09166666666666666
3 0.45555555555555555 0.7537037037037037 0.08703703703703704 0.11851851851851852
3 0.5601851851851852 0.27037037037037037 0.08888888888888889 0.12129629629629629
3 0.525 0.3296296296296296 0.004629629629629629 0.002777777777777778
3 0.7287037037037037 0.4787037037037037 0.08703703703703704 0.12314814814814815
3 0.5972222222222222 0.41203703703703703 0.09351851851851851 0.125