0 0.4861111111111111 0.42777777777777776 0.032407407407407406 0.03333333333333333
0 0.4962962962962963 0.49722222222222223 0.03333333333333333 0.03333333333333333
0 0.5481481481481482 0.5425925925925926 0.03333333333333333 0.03333333333333333
0 0.5555555555555556 0.6259259259259259 0.03333333333333333 0.03518518518518519
0 0.3537037037037037 0.5703703703703704 0.037037037037037035 0.03611111111111111
0 0.3509259259259259 0.6138888888888889 0.037037037037037035 0.03611111111111111
2 0.38981481481481484 0.44166666666666665 0.03796296296296296 0.03796296296296296
2 0.3962962962962963 0.5166666666666667 0.03888888888888889 0.03888888888888889
2 0.48518518518518516 0.6175925925925926 0.037037037037037035 0.037037037037037035
2 0.33055555555555555 0.5046296296296297 0.03981481481481482 0.03981481481481482
2 0.5972222222222222 0.575925925925926 0.03518518518518519 0.03611111111111111
1 0.4351851851851852 0.47314814814814815 0.041666666666666664 0.040740740740740744
1 0.4722222222222222 0.6675925925925926 0.041666666666666664 0.04259259259259259
3 0.587037037037037 0.48333333333333334 0.044444444444444446 0.04537037037037037
3 0.4444444444444444 0.5361111111111111 0.04722222222222222 0.046296296296296294
3 0.41574074074074074 0.6129629629629629 0.04722222222222222 0.04814814814814815
3 0.5324074074074074 0.4546296296296296 0.04351851851851852 0.044444444444444446