3 0.4444444444444444 0.7481481481481481 0.06018518518518518 0.058333333333333334
3 0.6185185185185185 0.32685185185185184 0.06018518518518518 0.05740740740740741
3 0.4101851851851852 0.42777777777777776 0.05648148148148148 0.05740740740740741
1 0.5537037037037037 0.562962962962963 0.05185185185185185 0.04722222222222222
3 0.5898148148148148 0.38796296296296295 0.062037037037037036 0.05925925925925926
3 0.4425925925925926 0.6231481481481481 0.05925925925925926 0.05740740740740741
3 0.6055555555555555 0.5342592592592592 0.06111111111111111 0.05740740740740741
2 0.4083333333333333 0.575925925925926 0.04722222222222222 0.046296296296296294
2 0.5907407407407408 0.6 0.04814814814814815 0.04814814814814815
1 0.5185185185185185 0.5212962962962963 0.05185185185185185 0.05277777777777778
3 0.32222222222222224 0.662962962962963 0.06111111111111111 0.06018518518518518
1 0.5740740740740741 0.7518518518518519 0.05462962962962963 0.04814814814814815
3 0.387037037037037 0.6638888888888889 0.06018518518518518 0.05925925925925926
2 0.44166666666666665 0.5064814814814815 0.04537037037037037 0.04722222222222222
2 0.33240740740740743 0.7296296296296296 0.04722222222222222 0.04722222222222222
2 0.6194444444444445 0.43703703703703706 0.046296296296296294 0.04814814814814815
3 0.4861111111111111 0.34444444444444444 0.06018518518518518 0.058333333333333334
3 0.5907407407407408 0.1685185185185185 0.06018518518518518 0.062037037037037036
0 0.5527777777777778 0.4685185185185185 0.04351851851851852 0.044444444444444446
2 0.4546296296296296 0.4601851851851852 0.04537037037037037 0.05
0 0.4546296296296296 0.6935185185185185 0.04351851851851852 0.044444444444444446
2 0.5027777777777778 0.47129629629629627 0.044444444444444446 0.04722222222222222
2 0.4601851851851852 0.3990740740740741 0.04814814814814815 0.049074074074074076
1 0.3925925925925926 0.7231481481481481 0.05185185185185185 0.05092592592592592
2 0.600925925925926 0.7046296296296296 0.04814814814814815 0.046296296296296294
3 0.5231481481481481 0.612037037037037 0.06018518518518518 0.05925925925925926
0 0.3592592592592593 0.5796296296296296 0.041666666666666664 0.046296296296296294
2 0.3972222222222222 0.5277777777777778 0.04814814814814815 0.049074074074074076
0 0.5370370370370371 0.700925925925926 0.044444444444444446 0.04259259259259259
1 0.4898148148148148 0.6601851851851852 0.04814814814814815 0.049074074074074076
0 0.5444444444444444 0.33055555555555555 0.044444444444444446 0.046296296296296294
0 0.36666666666666664 0.4925925925925926 0.04259259259259259 0.04537037037037037
0 0.6 0.48055555555555557 0.04259259259259259 0.04537037037037037
3 0.5583333333333333 0.26851851851851855 0.062037037037037036 0.06111111111111111
3 0.6129629629629629 0.23425925925925925 0.05925925925925926 0.06018518518518518
3 0.5333333333333333 0.4148148148148148 0.05925925925925926 0.058333333333333334
3 0.46944444444444444 0.5537037037037037 0.058333333333333334 0.05925925925925926
3 0.5694444444444444 0.6518518518518519 0.06111111111111111 0.05648148148148148
1 0.5037037037037037 0.7481481481481481 0.05277777777777778 0.053703703703703705