3 0.2601851851851852 0.18981481481481483 0.03888888888888889 0.044444444444444446
1 0.524074074074074 0.700925925925926 0.037037037037037035 0.03888888888888889
3 0.6138888888888889 0.1388888888888889 0.03888888888888889 0.04351851851851852
3 0.7453703703703703 0.4444444444444444 0.03888888888888889 0.041666666666666664
1 0.5638888888888889 0.7231481481481481 0.03611111111111111 0.03888888888888889
3 0.6481481481481481 0.08425925925925926 0.041666666666666664 0.040740740740740744
1 0.7240740740740741 0.5675925925925925 0.03518518518518519 0.03888888888888889
1 0.4222222222222222 0.6324074074074074 0.03425925925925926 0.03981481481481482
1 0.5009259259259259 0.6518518518518519 0.03611111111111111 0.03796296296296296
1 0.36574074074074076 0.07222222222222222 0.03611111111111111 0.037037037037037035
3 0.23333333333333334 0.4388888888888889 0.040740740740740744 0.04259259259259259
3 0.4324074074074074 0.07777777777777778 0.041666666666666664 0.04259259259259259
1 0.5962962962962963 0.08611111111111111 0.03611111111111111 0.03796296296296296
3 0.5601851851851852 0.65 0.03888888888888889 0.04259259259259259
3 0.3638888888888889 0.19074074074074074 0.03888888888888889 0.04351851851851852
1 0.5527777777777778 0.09444444444444444 0.03796296296296296 0.03888888888888889
1 0.37777777777777777 0.13333333333333333 0.03518518518518519 0.041666666666666664
1 0.7314814814814815 0.4962962962962963 0.03796296296296296 0.03981481481481482
3 0.6722222222222223 0.5407407407407407 0.04259259259259259 0.044444444444444446
1 0.6305555555555555 0.6027777777777777 0.03518518518518519 0.040740740740740744
3 0.3990740740740741 0.5740740740740741 0.03611111111111111 0.03981481481481482
1 0.47129629629629627 0.05092592592592592 0.03611111111111111 0.03888888888888889
1 0.2935185185185185 0.3055555555555556 0.03518518518518519 0.03796296296296296
3 0.6824074074074075 0.34814814814814815 0.04351851851851852 0.04259259259259259
3 0.3175925925925926 0.6333333333333333 0.040740740740740744 0.04259259259259259
0 0.6083333333333333 0.7388888888888889 0.02962962962962963 0.03333333333333333
2 0.6083333333333333 0.2361111111111111 0.032407407407407406 0.032407407407407406
3 0.5361111111111111 0.5731481481481482 0.03888888888888889 0.041666666666666664
2 0.6268518518518519 0.5037037037037037 0.03333333333333333 0.03333333333333333
1 0.42685185185185187 0.6787037037037037 0.03518518518518519 0.03611111111111111
3 0.6444444444444445 0.26944444444444443 0.03796296296296296 0.040740740740740744
3 0.3314814814814815 0.5018518518518519 0.037037037037037035 0.03888888888888889
2 0.6768518518518518 0.4824074074074074 0.03425925925925926 0.03425925925925926
0 0.5990740740740741 0.6324074074074074 0.030555555555555555 0.032407407407407406
3 0.46944444444444444 0.7064814814814815 0.03888888888888889 0.04259259259259259
0 0.575 0.5305555555555556 0.032407407407407406 0.03148148148148148
2 0.5907407407407408 0.2972222222222222 0.032407407407407406 0.037037037037037035
2 0.43148148148148147 0.12314814814814815 0.03333333333333333 0.03518518518518519
2 0.5166666666666667 0.046296296296296294 0.032407407407407406 0.03333333333333333
0 0.6787037037037037 0.5953703703703703 0.02962962962962963 0.03333333333333333
1 0.2916666666666667 0.575925925925926 0.040740740740740744 0.040740740740740744
2 0.5935185185185186 0.5694444444444444 0.03333333333333333 0.03333333333333333
0 0.5601851851851852 0.04537037037037037 0.03148148148148148 0.032407407407407406
0 0.5722222222222222 0.13240740740740742 0.02962962962962963 0.03333333333333333
2 0.37407407407407406 0.275 0.032407407407407406 0.03333333333333333
0 0.562037037037037 0.7638888888888888 0.02962962962962963 0.03148148148148148
0 0.5055555555555555 0.7351851851851852 0.02962962962962963 0.030555555555555555
2 0.6453703703703704 0.7027777777777777 0.032407407407407406 0.03333333333333333
2 0.33611111111111114 0.11018518518518519 0.030555555555555555 0.03148148148148148
1 0.2916666666666667 0.2222222222222222 0.03425925925925926 0.037037037037037035
0 0.47314814814814815 0.7694444444444445 0.02962962962962963 0.03425925925925926
0 0.4935185185185185 0.5879629629629629 0.030555555555555555 0.030555555555555555
0 0.6027777777777777 0.6861111111111111 0.03148148148148148 0.03148148148148148
0 0.6675925925925926 0.1537037037037037 0.028703703703703703 0.030555555555555555
1 0.3685185185185185 0.5333333333333333 0.03518518518518519 0.03611111111111111
3 0.4546296296296296 0.18703703703703703 0.040740740740740744 0.040740740740740744
2 0.24444444444444444 0.24722222222222223 0.03148148148148148 0.032407407407407406
0 0.6268518518518519 0.55 0.02962962962962963 0.030555555555555555
0 0.687962962962963 0.2574074074074074 0.02962962962962963 0.030555555555555555
2 0.4564814814814815 0.2712962962962963 0.032407407407407406 0.03148148148148148
0 0.21944444444444444 0.30277777777777776 0.028703703703703703 0.030555555555555555
1 0.27314814814814814 0.3907407407407407 0.03518518518518519 0.03518518518518519
3 0.4287037037037037 0.3925925925925926 0.037037037037037035 0.03796296296296296
3 0.6222222222222222 0.32685185185185184 0.041666666666666664 0.040740740740740744
2 0.6305555555555555 0.18888888888888888 0.032407407407407406 0.03611111111111111
2 0.32037037037037036 0.26944444444444443 0.03333333333333333 0.03333333333333333
0 0.44722222222222224 0.5898148148148148 0.030555555555555555 0.030555555555555555
0 0.36018518518518516 0.4703703703703704 0.030555555555555555 0.030555555555555555
0 0.4675925925925926 0.6268518518518519 0.03148148148148148 0.030555555555555555
0 0.5120370370370371 0.35 0.027777777777777776 0.02962962962962963
2 0.5962962962962963 0.36203703703703705 0.032407407407407406 0.032407407407407406
2 0.4648148148148148 0.5592592592592592 0.03333333333333333 0.03333333333333333
2 0.5166666666666667 0.13425925925925927 0.03333333333333333 0.03333333333333333
0 0.6611111111111111 0.21851851851851853 0.02962962962962963 0.032407407407407406
0 0.4777777777777778 0.1361111111111111 0.028703703703703703 0.030555555555555555
0 0.4962962962962963 0.20277777777777778 0.028703703703703703 0.030555555555555555
1 0.39814814814814814 0.4925925925925926 0.037037037037037035 0.03611111111111111
0 0.6564814814814814 0.4287037037037037 0.030555555555555555 0.030555555555555555
2 0.6277777777777778 0.45740740740740743 0.03333333333333333 0.03425925925925926
2 0.3416666666666667 0.23796296296296296 0.032407407407407406 0.03611111111111111
2 0.5574074074074075 0.2537037037037037 0.03333333333333333 0.03333333333333333
2 0.524074074074074 0.3138888888888889 0.032407407407407406 0.032407407407407406
2 0.7037037037037037 0.30277777777777776 0.03425925925925926 0.03148148148148148
0 0.3435185185185185 0.5796296296296296 0.03148148148148148 0.03148148148148148
2 0.4046296296296296 0.17222222222222222 0.03333333333333333 0.03518518518518519
3 0.4759259259259259 0.5138888888888888 0.03796296296296296 0.037037037037037035
2 0.4962962962962963 0.09351851851851851 0.032407407407407406 0.032407407407407406
2 0.5296296296296297 0.6175925925925926 0.03148148148148148 0.03148148148148148
2 0.6546296296296297 0.38425925925925924 0.03611111111111111 0.032407407407407406
0 0.6981481481481482 0.43796296296296294 0.030555555555555555 0.02962962962962963
2 0.725925925925926 0.3861111111111111 0.03148148148148148 0.03333333333333333
0 0.3175925925925926 0.18888888888888888 0.02962962962962963 0.030555555555555555
0 0.29444444444444445 0.1527777777777778 0.028703703703703703 0.030555555555555555
2 0.5351851851851852 0.17407407407407408 0.03333333333333333 0.03333333333333333
0 0.5157407407407407 0.5314814814814814 0.03148148148148148 0.030555555555555555
2 0.5888888888888889 0.48055555555555557 0.032407407407407406 0.032407407407407406
2 0.25277777777777777 0.3509259259259259 0.03148148148148148 0.03333333333333333
2 0.6564814814814814 0.6527777777777778 0.03148148148148148 0.03333333333333333
1 0.44537037037037036 0.23333333333333334 0.03425925925925926 0.037037037037037035
3 0.4027777777777778 0.4388888888888889 0.040740740740740744 0.040740740740740744
3 0.47129629629629627 0.31851851851851853 0.03888888888888889 0.041666666666666664
2 0.6175925925925926 0.40370370370370373 0.03518518518518519 0.03518518518518519
1 0.37222222222222223 0.3296296296296296 0.03518518518518519 0.03611111111111111
2 0.5675925925925925 0.6055555555555555 0.03333333333333333 0.032407407407407406
3 0.5777777777777777 0.43333333333333335 0.041666666666666664 0.03981481481481482
0 0.42685185185185187 0.5388888888888889 0.030555555555555555 0.03148148148148148
3 0.31203703703703706 0.42685185185185187 0.041666666666666664 0.04259259259259259
3 0.3388888888888889 0.387037037037037 0.040740740740740744 0.040740740740740744
3 0.575 0.2 0.03796296296296296 0.04259259259259259
2 0.22037037037037038 0.38055555555555554 0.030555555555555555 0.030555555555555555
0 0.33240740740740743 0.30462962962962964 0.030555555555555555 0.032407407407407406
3 0.3962962962962963 0.2388888888888889 0.03981481481481482 0.041666666666666664
2 0.43333333333333335 0.4722222222222222 0.032407407407407406 0.03148148148148148
2 0.2638888888888889 0.2953703703703704 0.032407407407407406 0.03148148148148148
2 0.36018518518518516 0.425 0.03148148148148148 0.030555555555555555
2 0.462037037037037 0.35555555555555557 0.03333333333333333 0.030555555555555555
2 0.27314814814814814 0.45925925925925926 0.02962962962962963 0.030555555555555555
0 0.525 0.23703703703703705 0.028703703703703703 0.027777777777777776
3 0.5018518518518519 0.2722222222222222 0.04259259259259259 0.041666666666666664
0 0.31296296296296294 0.4648148148148148 0.02962962962962963 0.028703703703703703
1 0.5564814814814815 0.34814814814814815 0.03796296296296296 0.03425925925925926
0 0.2759259259259259 0.5212962962962963 0.030555555555555555 0.03148148148148148
1 0.412962962962963 0.3472222222222222 0.03796296296296296 0.037037037037037035
2 0.3814814814814815 0.6175925925925926 0.03148148148148148 0.03333333333333333
3 0.47314814814814815 0.43703703703703706 0.03888888888888889 0.03888888888888889
3 0.537962962962963 0.3990740740740741 0.04351851851851852 0.041666666666666664
3 0.41203703703703703 0.29814814814814816 0.041666666666666664 0.040740740740740744
1 0.4898148148148148 0.3888888888888889 0.037037037037037035 0.037037037037037035
2 0.3851851851851852 0.3851851851851852 0.037037037037037035 0.03148148148148148
2 0.36944444444444446 0.6675925925925926 0.027777777777777776 0.02962962962962963
2 0.3814814814814815 0.7064814814814815 0.027777777777777776 0.030555555555555555
2 0.3074074074074074 0.5444444444444444 0.03611111111111111 0.03611111111111111
3 0.5175925925925926 0.4638888888888889 0.04351851851851852 0.044444444444444446
2 0.5425925925925926 0.5018518518518519 0.03611111111111111 0.03425925925925926
2 0.2361111111111111 0.5314814814814814 0.03518518518518519 0.03611111111111111
0 0.3138888888888889 0.3472222222222222 0.037037037037037035 0.03333333333333333