2 0.7185185185185186 0.6824074074074075 0.12962962962962962 0.09351851851851851
3 0.43148148148148147 0.6527777777777778 0.1824074074074074 0.14166666666666666
0 0.6370370370370371 0.5527777777777778 0.11944444444444445 0.09537037037037037
3 0.2111111111111111 0.512962962962963 0.16574074074074074 0.12962962962962962
3 0.7953703703703704 0.49907407407407406 0.15555555555555556 0.1361111111111111
3 0.4759259259259259 0.475 0.15555555555555556 0.12962962962962962
2 0.6138888888888889 0.37037037037037035 0.12222222222222222 0.09814814814814815
3 0.3055555555555556 0.34814814814814815 0.15833333333333333 0.1175925925925926
0 0.49166666666666664 0.3138888888888889 0.11481481481481481 0.08148148148148149
3 0.7583333333333333 0.2824074074074074 0.1537037037037037 0.11944444444444445
1 0.5333333333333333 0.17407407407407408 0.13148148148148148 0.10277777777777777
1 0.2101851851851852 0.7351851851851852 0.1537037037037037 0.10740740740740741