3 0.5268518518518519 0.5046296296296297 0.11018518518518519 0.09074074074074075
2 0.6527777777777778 0.4601851851851852 0.10092592592592593 0.08333333333333333
3 0.3296296296296296 0.4925925925925926 0.11296296296296296 0.09537037037037037
0 0.549074074074074 0.42592592592592593 0.08888888888888889 0.0712962962962963
2 0.42407407407407405 0.4083333333333333 0.11018518518518519 0.08148148148148149
3 0.6722222222222223 0.3333333333333333 0.12222222222222222 0.09537037037037037
3 0.5388888888888889 0.3398148148148148 0.1175925925925926 0.09351851851851851
1 0.25555555555555554 0.375 0.10277777777777777 0.08611111111111111
0 0.3675925925925926 0.32592592592592595 0.08333333333333333 0.06944444444444445
1 0.7379629629629629 0.2490740740740741 0.09814814814814815 0.08333333333333333
3 0.4444444444444444 0.2740740740740741 0.1175925925925926 0.09351851851851851
3 0.6305555555555555 0.20925925925925926 0.11018518518518519 0.09074074074074075