3 0.524074074074074 0.4601851851851852 0.03333333333333333 0.03518518518518519
3 0.5944444444444444 0.5814814814814815 0.03148148148148148 0.03148148148148148
3 0.5638888888888889 0.4722222222222222 0.03148148148148148 0.03425925925925926
3 0.5074074074074074 0.5037037037037037 0.030555555555555555 0.03148148148148148
3 0.5972222222222222 0.49722222222222223 0.032407407407407406 0.032407407407407406
3 0.6046296296296296 0.5407407407407407 0.03333333333333333 0.032407407407407406
3 0.562962962962963 0.5601851851851852 0.032407407407407406 0.030555555555555555
1 0.512962962962963 0.5407407407407407 0.02962962962962963 0.028703703703703703
2 0.65 0.48148148148148145 0.025 0.024074074074074074
0 0.6555555555555556 0.4527777777777778 0.024074074074074074 0.024074074074074074
2 0.6277777777777778 0.5101851851851852 0.025925925925925925 0.025925925925925925
2 0.5962962962962963 0.4564814814814815 0.025925925925925925 0.025925925925925925
2 0.5527777777777778 0.4388888888888889 0.025925925925925925 0.026851851851851852
3 0.5879629629629629 0.425 0.03148148148148148 0.03333333333333333
2 0.5796296296296296 0.5259259259259259 0.025925925925925925 0.025
0 0.6240740740740741 0.4666666666666667 0.024074074074074074 0.024074074074074074
0 0.6259259259259259 0.43333333333333335 0.023148148148148147 0.023148148148148147
0 0.5453703703703704 0.5064814814814815 0.024074074074074074 0.024074074074074074
2 0.5509259259259259 0.4074074074074074 0.026851851851851852 0.025925925925925925
0 0.5268518518518519 0.5666666666666667 0.023148148148148147 0.023148148148148147
0 0.5462962962962963 0.5351851851851852 0.023148148148148147 0.023148148148148147
0 0.48333333333333334 0.5453703703703704 0.023148148148148147 0.024074074074074074