1 0.7666666666666667 0.9638888888888889 0.125 0.07037037037037037
0 0.5592592592592592 0.47685185185185186 0.019444444444444445 0.019444444444444445
3 0.4388888888888889 0.5648148148148148 0.024074074074074074 0.024074074074074074
3 0.49444444444444446 0.5046296296296297 0.024074074074074074 0.025
1 0.5203703703703704 0.5546296296296296 0.022222222222222223 0.022222222222222223
2 0.43796296296296294 0.5953703703703703 0.019444444444444445 0.020370370370370372
3 0.49537037037037035 0.4740740740740741 0.025 0.025
1 0.44814814814814813 0.5296296296296297 0.020370370370370372 0.022222222222222223
0 0.4666666666666667 0.5787037037037037 0.017592592592592594 0.019444444444444445
1 0.4564814814814815 0.4935185185185185 0.022222222222222223 0.022222222222222223
1 0.48055555555555557 0.5509259259259259 0.021296296296296296 0.021296296296296296
2 0.5314814814814814 0.5194444444444445 0.018518518518518517 0.019444444444444445
3 0.4898148148148148 0.4101851851851852 0.023148148148148147 0.025925925925925925
2 0.45092592592592595 0.4638888888888889 0.019444444444444445 0.021296296296296296
2 0.4740740740740741 0.44074074074074077 0.019444444444444445 0.019444444444444445
0 0.5027777777777778 0.44537037037037036 0.016666666666666666 0.018518518518518517
1 0.5287037037037037 0.48703703703703705 0.021296296296296296 0.022222222222222223
1 0.5305555555555556 0.4212962962962963 0.020370370370370372 0.021296296296296296
1 0.5398148148148149 0.45092592592592595 0.021296296296296296 0.023148148148148147
1 0.5194444444444445 0.3925925925925926 0.020370370370370372 0.022222222222222223
0 0.49537037037037035 0.587037037037037 0.018518518518518517 0.019444444444444445