0 0.7379629629629629 0.6 0.02962962962962963 0.028703703703703703
1 0.7620370370370371 0.5157407407407407 0.03425925925925926 0.03425925925925926
1 0.4425925925925926 0.6638888888888889 0.040740740740740744 0.03888888888888889
0 0.3712962962962963 0.44351851851851853 0.032407407407407406 0.03148148148148148
0 0.5777777777777777 0.5703703703703704 0.03148148148148148 0.03148148148148148
2 0.4564814814814815 0.6018518518518519 0.03333333333333333 0.03425925925925926
1 0.5351851851851852 0.6685185185185185 0.03796296296296296 0.03796296296296296
1 0.5212962962962963 0.2935185185185185 0.03888888888888889 0.03796296296296296
0 0.7407407407407407 0.5583333333333333 0.02962962962962963 0.02962962962962963
0 0.6231481481481481 0.4 0.02962962962962963 0.028703703703703703
3 0.35833333333333334 0.6425925925925926 0.044444444444444446 0.04722222222222222
0 0.675 0.3537037037037037 0.028703703703703703 0.028703703703703703
3 0.6824074074074075 0.30925925925925923 0.03796296296296296 0.03888888888888889
2 0.6194444444444445 0.7129629629629629 0.030555555555555555 0.03333333333333333
1 0.837037037037037 0.6231481481481481 0.03425925925925926 0.03425925925925926
2 0.7212962962962963 0.49722222222222223 0.02962962962962963 0.030555555555555555
0 0.5564814814814815 0.5259259259259259 0.030555555555555555 0.02962962962962963
0 0.5907407407407408 0.3648148148148148 0.03148148148148148 0.02962962962962963
2 0.6481481481481481 0.675 0.03333333333333333 0.03333333333333333
2 0.47129629629629627 0.487962962962963 0.03333333333333333 0.032407407407407406
1 0.6611111111111111 0.5027777777777778 0.03611111111111111 0.03796296296296296
3 0.6555555555555556 0.562962962962963 0.041666666666666664 0.03981481481481482
0 0.5083333333333333 0.6462962962962963 0.030555555555555555 0.032407407407407406
2 0.6851851851851852 0.47685185185185186 0.030555555555555555 0.03148148148148148
0 0.39444444444444443 0.4046296296296296 0.032407407407407406 0.03148148148148148
1 0.27314814814814814 0.4962962962962963 0.041666666666666664 0.03981481481481482
2 0.6990740740740741 0.600925925925926 0.02962962962962963 0.03148148148148148
3 0.5944444444444444 0.6657407407407407 0.03981481481481482 0.04351851851851852
2 0.7101851851851851 0.44907407407407407 0.030555555555555555 0.030555555555555555
2 0.48703703703703705 0.6842592592592592 0.03333333333333333 0.03518518518518519
2 0.4444444444444444 0.55 0.03425925925925926 0.03333333333333333
3 0.7712962962962963 0.40555555555555556 0.03888888888888889 0.03888888888888889
2 0.4962962962962963 0.3453703703703704 0.03333333333333333 0.03425925925925926
0 0.5953703703703703 0.4462962962962963 0.02962962962962963 0.027777777777777776
1 0.8305555555555556 0.5444444444444444 0.03333333333333333 0.03518518518518519
2 0.6296296296296297 0.48055555555555557 0.03148148148148148 0.03148148148148148
2 0.8592592592592593 0.5268518518518519 0.02962962962962963 0.030555555555555555
1 0.7537037037037037 0.4759259259259259 0.03333333333333333 0.03425925925925926
3 0.43703703703703706 0.32407407407407407 0.04259259259259259 0.040740740740740744
2 0.4046296296296296 0.5324074074074074 0.032407407407407406 0.032407407407407406
3 0.36574074074074076 0.33611111111111114 0.044444444444444446 0.04259259259259259
0 0.6138888888888889 0.5777777777777777 0.030555555555555555 0.030555555555555555
2 0.5055555555555555 0.5694444444444444 0.03425925925925926 0.03425925925925926
0 0.7240740740740741 0.3574074074074074 0.028703703703703703 0.02962962962962963
3 0.3731481481481482 0.5712962962962963 0.044444444444444446 0.044444444444444446
2 0.8175925925925925 0.47962962962962963 0.027777777777777776 0.02962962962962963
1 0.65 0.43425925925925923 0.03518518518518519 0.037037037037037035
3 0.7055555555555556 0.5416666666666666 0.03981481481481482 0.041666666666666664
3 0.5342592592592592 0.45555555555555555 0.041666666666666664 0.03981481481481482
2 0.5175925925925926 0.5009259259259259 0.03148148148148148 0.032407407407407406
2 0.7962962962962963 0.512962962962963 0.027777777777777776 0.028703703703703703
3 0.6268518518518519 0.3055555555555556 0.03888888888888889 0.041666666666666664
0 0.4527777777777778 0.45092592592592595 0.030555555555555555 0.030555555555555555
1 0.6388888888888888 0.35 0.03425925925925926 0.03796296296296296
1 0.6138888888888889 0.5259259259259259 0.03796296296296296 0.037037037037037035
2 0.5546296296296296 0.3611111111111111 0.03148148148148148 0.032407407407407406
2 0.7898148148148149 0.6046296296296296 0.030555555555555555 0.030555555555555555
2 0.7583333333333333 0.6546296296296297 0.030555555555555555 0.03148148148148148
2 0.4111111111111111 0.45925925925925926 0.03148148148148148 0.03425925925925926
0 0.5879629629629629 0.6129629629629629 0.030555555555555555 0.030555555555555555
3 0.32407407407407407 0.5277777777777778 0.044444444444444446 0.04537037037037037
2 0.3175925925925926 0.45185185185185184 0.03518518518518519 0.03611111111111111
2 0.7916666666666666 0.44722222222222224 0.02962962962962963 0.02962962962962963
2 0.3314814814814815 0.387037037037037 0.03611111111111111 0.03611111111111111
3 0.4787037037037037 0.5277777777777778 0.04351851851851852 0.04537037037037037
3 0.7111111111111111 0.6453703703703704 0.03981481481481482 0.04259259259259259
2 0.5731481481481482 0.40925925925925927 0.03148148148148148 0.032407407407407406
2 0.5064814814814815 0.40185185185185185 0.03333333333333333 0.03333333333333333
3 0.4527777777777778 0.3787037037037037 0.040740740740740744 0.04351851851851852
2 0.6722222222222223 0.7351851851851852 0.032407407407407406 0.03333333333333333
2 0.7666666666666667 0.575 0.030555555555555555 0.03148148148148148
2 0.5388888888888889 0.5648148148148148 0.03333333333333333 0.03333333333333333
1 0.5398148148148149 0.6129629629629629 0.037037037037037035 0.03888888888888889
3 0.6907407407407408 0.4046296296296296 0.03981481481481482 0.03888888888888889
2 0.48703703703703705 0.4398148148148148 0.03148148148148148 0.032407407407407406
3 0.41203703703703703 0.6046296296296296 0.04351851851851852 0.04537037037037037
3 0.6416666666666667 0.6138888888888889 0.040740740740740744 0.041666666666666664
3 0.31574074074074077 0.5861111111111111 0.04537037037037037 0.046296296296296294
3 0.5740740740740741 0.32037037037037036 0.041666666666666664 0.04351851851851852
3 0.7361111111111112 0.29444444444444445 0.03888888888888889 0.03888888888888889
3 0.37592592592592594 0.5 0.041666666666666664 0.041666666666666664
2 0.575 0.4888888888888889 0.032407407407407406 0.032407407407407406
0 0.487962962962963 0.6092592592592593 0.03148148148148148 0.03148148148148148
1 0.725 0.7092592592592593 0.03796296296296296 0.037037037037037035
2 0.7759259259259259 0.3425925925925926 0.02962962962962963 0.030555555555555555