1 0.03611111111111111 0.7666666666666667 0.07037037037037037 0.125
0 0.5231481481481481 0.5592592592592592 0.019444444444444445 0.019444444444444445
3 0.4351851851851852 0.4388888888888889 0.024074074074074074 0.024074074074074074
3 0.49537037037037035 0.49444444444444446 0.025 0.024074074074074074
1 0.44537037037037036 0.5203703703703704 0.022222222222222223 0.022222222222222223
2 0.4046296296296296 0.43796296296296294 0.020370370370370372 0.019444444444444445
3 0.5259259259259259 0.49537037037037035 0.025 0.025
1 0.4703703703703704 0.44814814814814813 0.022222222222222223 0.020370370370370372
0 0.4212962962962963 0.4666666666666667 0.019444444444444445 0.017592592592592594
1 0.5064814814814815 0.4564814814814815 0.022222222222222223 0.022222222222222223
1 0.44907407407407407 0.48055555555555557 0.021296296296296296 0.021296296296296296
2 0.48055555555555557 0.5314814814814814 0.019444444444444445 0.018518518518518517
3 0.5898148148148148 0.4898148148148148 0.025925925925925925 0.023148148148148147
2 0.5361111111111111 0.45092592592592595 0.021296296296296296 0.019444444444444445
2 0.5592592592592592 0.4740740740740741 0.019444444444444445 0.019444444444444445
0 0.5546296296296296 0.5027777777777778 0.018518518518518517 0.016666666666666666
1 0.512962962962963 0.5287037037037037 0.022222222222222223 0.021296296296296296
1 0.5787037037037037 0.5305555555555556 0.021296296296296296 0.020370370370370372
1 0.549074074074074 0.5398148148148149 0.023148148148148147 0.021296296296296296
1 0.6074074074074074 0.5194444444444445 0.022222222222222223 0.020370370370370372
0 0.412962962962963 0.49537037037037035 0.019444444444444445 0.018518518518518517