3 0.4222222222222222 0.4675925925925926 0.028703703703703703 0.028703703703703703
3 0.44907407407407407 0.4925925925925926 0.02962962962962963 0.027777777777777776
3 0.4583333333333333 0.5842592592592593 0.028703703703703703 0.02962962962962963
1 0.5277777777777778 0.6555555555555556 0.025 0.025925925925925925
3 0.5722222222222222 0.6148148148148148 0.02962962962962963 0.02962962962962963
1 0.5111111111111111 0.5083333333333333 0.025 0.025
1 0.4777777777777778 0.537962962962963 0.025 0.023148148148148147
3 0.5601851851851852 0.5314814814814814 0.028703703703703703 0.028703703703703703
3 0.362962962962963 0.425 0.027777777777777776 0.028703703703703703
1 0.4111111111111111 0.5157407407407407 0.025 0.024074074074074074
2 0.5962962962962963 0.5648148148148148 0.024074074074074074 0.024074074074074074
2 0.38055555555555554 0.49907407407407406 0.023148148148148147 0.023148148148148147
1 0.4583333333333333 0.44907407407407407 0.025 0.025
2 0.4842592592592593 0.6092592592592593 0.023148148148148147 0.022222222222222223
2 0.5601851851851852 0.42685185185185187 0.021296296296296296 0.021296296296296296
2 0.44537037037037036 0.3592592592592593 0.023148148148148147 0.022222222222222223
1 0.4638888888888889 0.6537037037037037 0.025925925925925925 0.025
1 0.4361111111111111 0.412962962962963 0.025925925925925925 0.025
2 0.5898148148148148 0.4842592592592593 0.023148148148148147 0.023148148148148147
0 0.4166666666666667 0.6185185185185185 0.022222222222222223 0.021296296296296296
2 0.5472222222222223 0.47314814814814815 0.023148148148148147 0.021296296296296296
2 0.40925925925925927 0.34629629629629627 0.022222222222222223 0.021296296296296296
1 0.37037037037037035 0.387037037037037 0.025925925925925925 0.025
2 0.4888888888888889 0.47129629629629627 0.023148148148148147 0.022222222222222223
2 0.49074074074074076 0.3861111111111111 0.022222222222222223 0.020370370370370372
2 0.44814814814814813 0.5268518518518519 0.022222222222222223 0.022222222222222223
0 0.462037037037037 0.7046296296296296 0.021296296296296296 0.021296296296296296
2 0.37777777777777777 0.46111111111111114 0.023148148148148147 0.021296296296296296
0 0.49166666666666664 0.5703703703703704 0.021296296296296296 0.020370370370370372
0 0.5527777777777778 0.3472222222222222 0.021296296296296296 0.020370370370370372
1 0.4351851851851852 0.5509259259259259 0.025 0.023148148148148147
2 0.39537037037037037 0.5564814814814815 0.022222222222222223 0.024074074074074074
0 0.4046296296296296 0.4398148148148148 0.021296296296296296 0.020370370370370372
0 0.5157407407407407 0.42592592592592593 0.020370370370370372 0.019444444444444445
0 0.47314814814814815 0.41203703703703703 0.020370370370370372 0.018518518518518517
1 0.524074074074074 0.5935185185185186 0.025 0.025
1 0.40370370370370373 0.39814814814814814 0.024074074074074074 0.024074074074074074
0 0.5194444444444445 0.5527777777777778 0.022222222222222223 0.021296296296296296