3 0.825925925925926 0.6546296296296297 0.053703703703703705 0.05648148148148148
1 0.6796296296296296 0.6129629629629629 0.04537037037037037 0.044444444444444446
1 0.8407407407407408 0.4638888888888889 0.04722222222222222 0.04537037037037037
1 0.25462962962962965 0.6861111111111111 0.04537037037037037 0.04351851851851852
1 0.8685185185185185 0.5175925925925926 0.04814814814814815 0.044444444444444446
1 0.4666666666666667 0.3907407407407407 0.04537037037037037 0.04351851851851852
1 0.6203703703703703 0.4166666666666667 0.04722222222222222 0.044444444444444446
1 0.3611111111111111 0.3972222222222222 0.044444444444444446 0.04259259259259259
1 0.42685185185185187 0.2675925925925926 0.04722222222222222 0.044444444444444446
0 0.6518518518518519 0.21481481481481482 0.037037037037037035 0.037037037037037035
0 0.7574074074074074 0.5388888888888889 0.041666666666666664 0.03796296296296296
1 0.33240740740740743 0.48148148148148145 0.04537037037037037 0.04351851851851852
1 0.7342592592592593 0.262037037037037 0.04722222222222222 0.04351851851851852
1 0.8333333333333334 0.337037037037037 0.04814814814814815 0.044444444444444446
1 0.21944444444444444 0.46111111111111114 0.04814814814814815 0.044444444444444446
0 0.2962962962962963 0.22314814814814815 0.03981481481481482 0.03611111111111111
0 0.4546296296296296 0.5694444444444444 0.03518518518518519 0.03518518518518519
0 0.175 0.4305555555555556 0.03796296296296296 0.03611111111111111
1 0.5990740740740741 0.24074074074074073 0.03888888888888889 0.040740740740740744
0 0.2037037037037037 0.32592592592592595 0.03611111111111111 0.03611111111111111
1 0.3851851851851852 0.13240740740740742 0.04722222222222222 0.04351851851851852
1 0.6453703703703704 0.5166666666666667 0.04722222222222222 0.04537037037037037
2 0.2574074074074074 0.6259259259259259 0.044444444444444446 0.03981481481481482
3 0.4083333333333333 0.7722222222222223 0.053703703703703705 0.05185185185185185
1 0.3314814814814815 0.362962962962963 0.04537037037037037 0.04351851851851852
1 0.3296296296296296 0.5703703703703704 0.046296296296296294 0.04537037037037037
3 0.4703703703703704 0.30462962962962964 0.05185185185185185 0.05
2 0.46111111111111114 0.675 0.041666666666666664 0.04259259259259259
2 0.4 0.6129629629629629 0.041666666666666664 0.041666666666666664
0 0.14629629629629629 0.6648148148148149 0.03981481481481482 0.037037037037037035
0 0.8953703703703704 0.4759259259259259 0.03888888888888889 0.03888888888888889
1 0.3472222222222222 0.1675925925925926 0.04722222222222222 0.04351851851851852
0 0.6620370370370371 0.4638888888888889 0.037037037037037035 0.03611111111111111
1 0.5222222222222223 0.1527777777777778 0.04722222222222222 0.04722222222222222
2 0.612037037037037 0.47314814814814815 0.041666666666666664 0.041666666666666664
1 0.7185185185185186 0.4462962962962963 0.046296296296296294 0.04351851851851852
2 0.3 0.6657407407407407 0.040740740740740744 0.041666666666666664
1 0.4537037037037037 0.6212962962962963 0.044444444444444446 0.04537037037037037
1 0.7509259259259259 0.6268518518518519 0.04722222222222222 0.04722222222222222
0 0.1398148148148148 0.6111111111111112 0.03611111111111111 0.03518518518518519
0 0.687037037037037 0.5592592592592592 0.03981481481481482 0.03796296296296296
2 0.2935185185185185 0.8148148148148148 0.040740740740740744 0.040740740740740744
1 0.5194444444444445 0.32407407407407407 0.04537037037037037 0.04259259259259259
0 0.6453703703703704 0.6805555555555556 0.03888888888888889 0.03611111111111111
3 0.600925925925926 0.2935185185185185 0.053703703703703705 0.05092592592592592
0 0.23425925925925925 0.35185185185185186 0.037037037037037035 0.03425925925925926
1 0.23148148148148148 0.575 0.04722222222222222 0.044444444444444446
1 0.3194444444444444 0.30092592592592593 0.04814814814814815 0.044444444444444446
0 0.2861111111111111 0.575925925925926 0.03611111111111111 0.03796296296296296
1 0.562037037037037 0.10925925925925926 0.04537037037037037 0.044444444444444446
1 0.35462962962962963 0.6648148148148149 0.04814814814814815 0.04537037037037037
1 0.737037037037037 0.2037037037037037 0.04722222222222222 0.044444444444444446
3 0.774074074074074 0.31203703703703706 0.053703703703703705 0.05092592592592592
0 0.5990740740740741 0.8537037037037037 0.03888888888888889 0.03888888888888889
1 0.2611111111111111 0.47962962962962963 0.04537037037037037 0.044444444444444446
1 0.26296296296296295 0.5287037037037037 0.044444444444444446 0.044444444444444446
2 0.1675925925925926 0.4824074074074074 0.03981481481481482 0.040740740740740744
2 0.6333333333333333 0.6333333333333333 0.040740740740740744 0.040740740740740744
2 0.5916666666666667 0.5388888888888889 0.03888888888888889 0.040740740740740744
2 0.6333333333333333 0.7407407407407407 0.041666666666666664 0.041666666666666664
2 0.40370370370370373 0.8740740740740741 0.040740740740740744 0.040740740740740744
2 0.3675925925925926 0.32037037037037036 0.040740740740740744 0.03888888888888889
1 0.6777777777777778 0.4009259259259259 0.04537037037037037 0.044444444444444446
0 0.6064814814814815 0.362962962962963 0.03796296296296296 0.03518518518518519
0 0.7861111111111111 0.36574074074074076 0.03796296296296296 0.037037037037037035
2 0.7287037037037037 0.5787037037037037 0.04259259259259259 0.03888888888888889
0 0.24722222222222223 0.24814814814814815 0.03888888888888889 0.037037037037037035
0 0.31296296296296294 0.6240740740740741 0.03888888888888889 0.03981481481481482
0 0.412962962962963 0.2324074074074074 0.03611111111111111 0.03518518518518519
0 0.36018518518518516 0.6194444444444445 0.03611111111111111 0.037037037037037035
0 0.6685185185185185 0.1675925925925926 0.037037037037037035 0.03611111111111111
3 0.8907407407407407 0.37222222222222223 0.05648148148148148 0.05092592592592592
2 0.4111111111111111 0.6546296296296297 0.03888888888888889 0.03981481481481482
2 0.2861111111111111 0.3277777777777778 0.03981481481481482 0.040740740740740744
0 0.5453703703703704 0.2851851851851852 0.03888888888888889 0.03888888888888889
1 0.25092592592592594 0.29814814814814816 0.04722222222222222 0.04537037037037037
3 0.6574074074074074 0.33796296296296297 0.05277777777777778 0.05092592592592592
3 0.6166666666666667 0.13333333333333333 0.053703703703703705 0.05092592592592592
0 0.37962962962962965 0.35833333333333334 0.03796296296296296 0.03611111111111111
2 0.7277777777777777 0.375 0.03888888888888889 0.040740740740740744
0 0.5046296296296297 0.10462962962962963 0.03981481481481482 0.03796296296296296
1 0.7851851851851852 0.24351851851851852 0.046296296296296294 0.04351851851851852
3 0.5851851851851851 0.18611111111111112 0.05462962962962963 0.04814814814814815
2 0.7194444444444444 0.1537037037037037 0.040740740740740744 0.040740740740740744
0 0.5675925925925925 0.40370370370370373 0.03888888888888889 0.03796296296296296
2 0.8175925925925925 0.5351851851851852 0.04259259259259259 0.040740740740740744
3 0.275 0.3768518518518518 0.05185185185185185 0.05092592592592592
2 0.29907407407407405 0.44907407407407407 0.03888888888888889 0.03981481481481482
0 0.7546296296296297 0.6861111111111111 0.03796296296296296 0.037037037037037035
0 0.5148148148148148 0.20462962962962963 0.037037037037037035 0.03888888888888889
2 0.5944444444444444 0.5981481481481481 0.04351851851851852 0.03888888888888889
0 0.4935185185185185 0.7037037037037037 0.040740740740740744 0.03888888888888889
2 0.4101851851851852 0.4444444444444444 0.040740740740740744 0.040740740740740744
3 0.4546296296296296 0.12222222222222222 0.05185185185185185 0.04814814814814815
0 0.6222222222222222 0.7916666666666666 0.03888888888888889 0.03796296296296296
0 0.4759259259259259 0.43333333333333335 0.037037037037037035 0.037037037037037035
2 0.18518518518518517 0.38055555555555554 0.040740740740740744 0.03981481481481482
2 0.45555555555555555 0.7212962962962963 0.03888888888888889 0.03981481481481482
0 0.7907407407407407 0.5944444444444444 0.03888888888888889 0.03796296296296296
3 0.5101851851851852 0.65 0.05740740740740741 0.05185185185185185
3 0.6 0.6953703703703704 0.05740740740740741 0.05092592592592592
0 0.21296296296296297 0.4148148148148148 0.037037037037037035 0.03611111111111111
2 0.4675925925925926 0.7712962962962963 0.041666666666666664 0.03981481481481482
0 0.49907407407407406 0.25925925925925924 0.037037037037037035 0.03611111111111111
2 0.44722222222222224 0.47314814814814815 0.03981481481481482 0.03981481481481482
3 0.1712962962962963 0.7425925925925926 0.05 0.05185185185185185
2 0.19074074074074074 0.6953703703703704 0.040740740740740744 0.041666666666666664
2 0.5055555555555555 0.7453703703703703 0.041666666666666664 0.03981481481481482
1 0.3638888888888889 0.5212962962962963 0.04722222222222222 0.04537037037037037
2 0.6916666666666667 0.24074074074074073 0.03981481481481482 0.040740740740740744
3 0.5194444444444445 0.8722222222222222 0.05648148148148148 0.053703703703703705
3 0.40185185185185185 0.6990740740740741 0.053703703703703705 0.05185185185185185
2 0.4685185185185185 0.22685185185185186 0.03888888888888889 0.03888888888888889
0 0.37222222222222223 0.46574074074074073 0.037037037037037035 0.03796296296296296
0 0.8296296296296296 0.28055555555555556 0.03796296296296296 0.03796296296296296
0 0.3138888888888889 0.40370370370370373 0.03796296296296296 0.037037037037037035
0 0.4861111111111111 0.5898148148148148 0.03611111111111111 0.037037037037037035
3 0.3037037037037037 0.7231481481481481 0.05277777777777778 0.05185185185185185
2 0.775 0.4185185185185185 0.040740740740740744 0.03981481481481482
3 0.41944444444444445 0.31851851851851853 0.05092592592592592 0.05092592592592592
2 0.6342592592592593 0.5722222222222222 0.041666666666666664 0.040740740740740744
0 0.40555555555555556 0.4925925925925926 0.03796296296296296 0.037037037037037035
2 0.5453703703703704 0.24166666666666667 0.03981481481481482 0.040740740740740744
3 0.5009259259259259 0.8092592592592592 0.05185185185185185 0.053703703703703705
0 0.8777777777777778 0.425 0.040740740740740744 0.03888888888888889
3 0.8324074074074074 0.39444444444444443 0.05648148148148148 0.05277777777777778
0 0.28888888888888886 0.2722222222222222 0.03611111111111111 0.03796296296296296
3 0.937037037037037 0.524074074074074 0.05555555555555555 0.05277777777777778
3 0.7027777777777777 0.5009259259259259 0.05555555555555555 0.05277777777777778
0 0.8805555555555555 0.30925925925925923 0.03981481481481482 0.037037037037037035
0 0.28055555555555556 0.7620370370370371 0.03796296296296296 0.03796296296296296
2 0.3787037037037037 0.275 0.03981481481481482 0.03888888888888889
0 0.5037037037037037 0.5546296296296296 0.037037037037037035 0.037037037037037035
3 0.549074074074074 0.4648148148148148 0.05277777777777778 0.049074074074074076
0 0.49166666666666664 0.5083333333333333 0.03796296296296296 0.03796296296296296
3 0.8972222222222223 0.5740740740740741 0.053703703703703705 0.05092592592592592
0 0.3287037037037037 0.2564814814814815 0.03888888888888889 0.037037037037037035
3 0.3925925925925926 0.5648148148148148 0.053703703703703705 0.05277777777777778
3 0.7175925925925926 0.32037037037037036 0.05185185185185185 0.05
2 0.5222222222222223 0.4166666666666667 0.03888888888888889 0.03888888888888889
2 0.537962962962963 0.3768518518518518 0.03981481481481482 0.03888888888888889
0 0.44166666666666665 0.8074074074074075 0.03888888888888889 0.03888888888888889
2 0.4777777777777778 0.17592592592592593 0.041666666666666664 0.040740740740740744
3 0.20092592592592592 0.6175925925925926 0.05555555555555555 0.049074074074074076
2 0.4888888888888889 0.46944444444444444 0.041666666666666664 0.03981481481481482
2 0.6574074074074074 0.2712962962962963 0.040740740740740744 0.040740740740740744
3 0.3416666666666667 0.7861111111111111 0.05277777777777778 0.05277777777777778
3 0.22592592592592592 0.7527777777777778 0.053703703703703705 0.05277777777777778
3 0.45555555555555555 0.8592592592592593 0.05462962962962963 0.05092592592592592
3 0.4166666666666667 0.39444444444444443 0.05185185185185185 0.05
2 0.575925925925926 0.6370370370370371 0.040740740740740744 0.03981481481481482
3 0.7796296296296297 0.475 0.05462962962962963 0.05185185185185185
3 0.3611111111111111 0.22314814814814815 0.05648148148148148 0.05
1 0.17685185185185184 0.5657407407407408 0.04722222222222222 0.046296296296296294
3 0.5601851851851852 0.8157407407407408 0.05555555555555555 0.05277777777777778
3 0.21388888888888888 0.5092592592592593 0.05277777777777778 0.05092592592592592
3 0.44074074074074077 0.5185185185185185 0.05185185185185185 0.05185185185185185
2 0.3111111111111111 0.5203703703703704 0.04259259259259259 0.040740740740740744
3 0.7064814814814815 0.6675925925925926 0.05462962962962963 0.05
2 0.2574074074074074 0.4287037037037037 0.03796296296296296 0.037037037037037035
2 0.5472222222222223 0.5675925925925925 0.03796296296296296 0.03888888888888889
3 0.5435185185185185 0.6981481481481482 0.049074074074074076 0.05277777777777778
2 0.5351851851851852 0.6129629629629629 0.03611111111111111 0.040740740740740744
2 0.34444444444444444 0.4398148148148148 0.03888888888888889 0.03981481481481482
3 0.42407407407407405 0.17962962962962964 0.05277777777777778 0.05
2 0.9898148148148148 0.2212962962962963 0.020370370370370372 0.040740740740740744
0 0.287962962962963 0.18055555555555555 0.040740740740740744 0.03518518518518519
3 0.38981481481481484 0.8268518518518518 0.053703703703703705 0.05277777777777778
3 0.36203703703703705 0.7342592592592593 0.05277777777777778 0.05185185185185185
0 0.8388888888888889 0.5962962962962963 0.03981481481481482 0.037037037037037035
0 0.45092592592592595 0.3490740740740741 0.03888888888888889 0.037037037037037035
0 0.5370370370370371 0.5222222222222223 0.03796296296296296 0.037037037037037035
0 0.687037037037037 0.725 0.03796296296296296 0.037037037037037035
0 0.5027777777777778 0.36203703703703705 0.037037037037037035 0.03981481481481482
2 0.5638888888888889 0.3416666666666667 0.044444444444444446 0.041666666666666664
2 0.9898148148148148 0.17314814814814813 0.019444444444444445 0.040740740740740744
2 0.9898148148148148 0.08703703703703704 0.019444444444444445 0.023148148148148147
2 0.5740740740740741 0.7555555555555555 0.040740740740740744 0.03981481481481482