0 0.5546296296296296 0.6314814814814815 0.06851851851851852 0.08981481481481482
1 0.3685185185185185 0.587037037037037 0.08425925925925926 0.11203703703703703
1 0.4787037037037037 0.5277777777777778 0.08055555555555556 0.10555555555555556
3 0.7277777777777777 0.47685185185185186 0.08425925925925926 0.11944444444444445
3 0.5953703703703703 0.412962962962963 0.09814814814814815 0.12314814814814815
1 0.262037037037037 0.3972222222222222 0.08518518518518518 0.11203703703703703
1 0.4064814814814815 0.3648148148148148 0.0824074074074074 0.10462962962962963
0 0.6833333333333333 0.29907407407407405 0.06851851851851852 0.08981481481481482
3 0.5601851851851852 0.26851851851851855 0.08888888888888889 0.125
2 0.562962962962963 0.9277777777777778 0.07314814814814814 0.0962962962962963
2 0.2916666666666667 0.17962962962962964 0.075 0.10277777777777777
2 0.42407407407407405 0.17222222222222222 0.075 0.09444444444444444
2 0.6046296296296296 0.07037037037037037 0.07314814814814814 0.10092592592592593
0 0.549074074074074 0.8175925925925925 0.06481481481481481 0.09351851851851851
3 0.45555555555555555 0.7490740740740741 0.08703703703703704 0.1259259259259259
1 0.6675925925925926 0.7157407407407408 0.08055555555555556 0.10740740740740741