1 0.6953703703703704 0.562962962962963 0.1388888888888889 0.1388888888888889
3 0.6675925925925926 0.3768518518518518 0.15462962962962962 0.15
3 0.5592592592592592 0.23055555555555557 0.1398148148148148 0.14444444444444443
2 0.55 0.5675925925925925 0.13240740740740742 0.12962962962962962
2 0.55 0.7509259259259259 0.13240740740740742 0.11851851851851852
0 0.5148148148148148 0.44074074074074077 0.10833333333333334 0.11388888888888889
2 0.42962962962962964 0.3055555555555556 0.12037037037037036 0.12129629629629629
3 0.38055555555555554 0.6722222222222223 0.1537037037037037 0.15462962962962962
3 0.37777777777777777 0.5138888888888888 0.15092592592592594 0.14629629629629629
0 0.31851851851851853 0.38425925925925924 0.10555555555555556 0.10092592592592593
1 0.30092592592592593 0.25 0.13425925925925927 0.1388888888888889
3 0.18888888888888888 0.46296296296296297 0.14444444444444443 0.14444444444444443
3 0.18333333333333332 0.6472222222222223 0.16111111111111112 0.15462962962962962
2 0.13425925925925927 0.3037037037037037 0.12129629629629629 0.12129629629629629