1 0.5555555555555556 0.600925925925926 0.03981481481481482 0.03796296296296296
1 0.5046296296296297 0.2101851851851852 0.03888888888888889 0.040740740740740744
1 0.48333333333333334 0.6101851851851852 0.03981481481481482 0.03611111111111111
1 0.3277777777777778 0.3685185185185185 0.03981481481481482 0.03888888888888889
0 0.4101851851851852 0.5518518518518518 0.03333333333333333 0.03148148148148148
1 0.6472222222222223 0.5953703703703703 0.03888888888888889 0.03796296296296296
1 0.7055555555555556 0.46574074074074073 0.04259259259259259 0.03888888888888889
1 0.46111111111111114 0.5555555555555556 0.040740740740740744 0.03796296296296296
3 0.3675925925925926 0.5851851851851851 0.044444444444444446 0.04351851851851852
1 0.37592592592592594 0.46944444444444444 0.040740740740740744 0.03796296296296296
2 0.2675925925925926 0.5527777777777778 0.03425925925925926 0.032407407407407406
1 0.4666666666666667 0.7268518518518519 0.03796296296296296 0.037037037037037035
3 0.41574074074074074 0.2490740740740741 0.04259259259259259 0.04259259259259259
0 0.4166666666666667 0.5166666666666667 0.03333333333333333 0.03148148148148148
0 0.46296296296296297 0.4935185185185185 0.032407407407407406 0.030555555555555555
0 0.5537037037037037 0.30833333333333335 0.03333333333333333 0.030555555555555555
1 0.3416666666666667 0.8064814814814815 0.03981481481481482 0.03796296296296296
1 0.3175925925925926 0.462037037037037 0.037037037037037035 0.03796296296296296
0 0.3712962962962963 0.5212962962962963 0.032407407407407406 0.03148148148148148
2 0.6351851851851852 0.49907407407407406 0.03518518518518519 0.03333333333333333
3 0.42685185185185187 0.30277777777777776 0.044444444444444446 0.04351851851851852
2 0.49074074074074076 0.4537037037037037 0.03611111111111111 0.03518518518518519
0 0.4203703703703704 0.6935185185185185 0.03333333333333333 0.032407407407407406
2 0.512962962962963 0.6388888888888888 0.03518518518518519 0.03333333333333333
3 0.38981481481481484 0.3388888888888889 0.044444444444444446 0.044444444444444446
2 0.4675925925925926 0.7638888888888888 0.03425925925925926 0.03333333333333333
0 0.5453703703703704 0.5416666666666666 0.03333333333333333 0.03148148148148148
0 0.37592592592592594 0.6898148148148148 0.03333333333333333 0.02962962962962963
0 0.6398148148148148 0.687037037037037 0.032407407407407406 0.030555555555555555
0 0.5916666666666667 0.3287037037037037 0.03333333333333333 0.03148148148148148
2 0.487962962962963 0.6759259259259259 0.03518518518518519 0.03425925925925926
0 0.34444444444444444 0.4361111111111111 0.032407407407407406 0.032407407407407406
2 0.5 0.5166666666666667 0.03518518518518519 0.03333333333333333
2 0.3907407407407407 0.3851851851851852 0.03611111111111111 0.03518518518518519
3 0.4203703703703704 0.6037037037037037 0.044444444444444446 0.04537037037037037
1 0.42962962962962964 0.8027777777777778 0.03888888888888889 0.03611111111111111
0 0.3814814814814815 0.4148148148148148 0.032407407407407406 0.030555555555555555
0 0.5953703703703703 0.5740740740740741 0.03333333333333333 0.032407407407407406
2 0.4 0.7240740740740741 0.03425925925925926 0.03425925925925926
3 0.3277777777777778 0.6601851851851852 0.04259259259259259 0.03981481481481482
2 0.4444444444444444 0.37407407407407406 0.03518518518518519 0.03518518518518519
1 0.5092592592592593 0.7185185185185186 0.03796296296296296 0.03796296296296296
3 0.3175925925925926 0.5287037037037037 0.044444444444444446 0.04537037037037037
2 0.3074074074074074 0.41388888888888886 0.03518518518518519 0.03518518518518519
2 0.5055555555555555 0.4074074074074074 0.03425925925925926 0.03333333333333333
2 0.31666666666666665 0.712037037037037 0.03611111111111111 0.03611111111111111
0 0.6314814814814815 0.5398148148148149 0.032407407407407406 0.030555555555555555
0 0.5435185185185185 0.3851851851851852 0.032407407407407406 0.03148148148148148
0 0.6425925925925926 0.6314814814814815 0.032407407407407406 0.02962962962962963
3 0.675 0.3787037037037037 0.044444444444444446 0.04351851851851852
3 0.6972222222222222 0.5814814814814815 0.04537037037037037 0.04351851851851852
2 0.537962962962963 0.7620370370370371 0.03518518518518519 0.03425925925925926
2 0.30462962962962964 0.5888888888888889 0.037037037037037035 0.03333333333333333
2 0.6527777777777778 0.4361111111111111 0.03518518518518519 0.03333333333333333
3 0.4962962962962963 0.30833333333333335 0.04351851851851852 0.044444444444444446
2 0.5546296296296296 0.42592592592592593 0.03333333333333333 0.03333333333333333
2 0.5064814814814815 0.575 0.03425925925925926 0.032407407407407406
2 0.4203703703703704 0.43796296296296294 0.03518518518518519 0.03425925925925926
2 0.6555555555555556 0.7490740740740741 0.03425925925925926 0.03333333333333333
3 0.47314814814814815 0.2564814814814815 0.04259259259259259 0.04351851851851852
2 0.3675925925925926 0.7518518518518519 0.03425925925925926 0.03425925925925926
2 0.5462962962962963 0.2518518518518518 0.03518518518518519 0.03425925925925926
3 0.44074074074074077 0.6583333333333333 0.04259259259259259 0.040740740740740744
2 0.5935185185185186 0.44537037037037036 0.03425925925925926 0.03333333333333333
2 0.37962962962962965 0.6481481481481481 0.032407407407407406 0.032407407407407406
2 0.5842592592592593 0.5157407407407407 0.03518518518518519 0.032407407407407406
3 0.6620370370370371 0.3055555555555556 0.044444444444444446 0.04351851851851852
3 0.6925925925925925 0.6444444444444445 0.04351851851851852 0.044444444444444446
3 0.5879629629629629 0.649074074074074 0.04351851851851852 0.04259259259259259
3 0.4648148148148148 0.41203703703703703 0.04259259259259259 0.04351851851851852
3 0.5851851851851851 0.7407407407407407 0.04259259259259259 0.044444444444444446
2 0.5388888888888889 0.6675925925925926 0.03425925925925926 0.03333333333333333
1 0.26296296296296295 0.6712962962962963 0.040740740740740744 0.03888888888888889
2 0.5009259259259259 0.7944444444444444 0.03425925925925926 0.03148148148148148
2 0.5361111111111111 0.3472222222222222 0.03425925925925926 0.03518518518518519
3 0.6194444444444445 0.38981481481481484 0.04259259259259259 0.04351851851851852
2 0.23981481481481481 0.6092592592592593 0.037037037037037035 0.03518518518518519
3 0.6787037037037037 0.5203703703703704 0.04259259259259259 0.040740740740740744
3 0.7055555555555556 0.7083333333333334 0.04537037037037037 0.04259259259259259
2 0.425 0.4759259259259259 0.03425925925925926 0.03425925925925926
3 0.5370370370370371 0.4759259259259259 0.04259259259259259 0.04259259259259259
2 0.46296296296296297 0.337037037037037 0.03333333333333333 0.03518518518518519
2 0.6111111111111112 0.2657407407407407 0.03611111111111111 0.03425925925925926
2 0.44814814814814813 0.8407407407407408 0.03611111111111111 0.03518518518518519
3 0.35555555555555557 0.287962962962963 0.04722222222222222 0.04537037037037037