3 0.6666666666666666 0.3675925925925926 0.05925925925925926 0.058333333333333334
2 0.7407407407407407 0.6861111111111111 0.05462962962962963 0.05
0 0.6287037037037037 0.7027777777777777 0.05 0.04814814814814815
1 0.49074074074074076 0.7296296296296296 0.05648148148148148 0.05740740740740741
1 0.7398148148148148 0.5398148148148149 0.05462962962962963 0.05185185185185185
3 0.38055555555555554 0.7666666666666667 0.06296296296296296 0.062037037037037036
1 0.525 0.5185185185185185 0.05555555555555555 0.05277777777777778
1 0.5657407407407408 0.7861111111111111 0.05740740740740741 0.05462962962962963
0 0.6805555555555556 0.2712962962962963 0.049074074074074076 0.04537037037037037
2 0.7574074074074074 0.4824074074074074 0.05092592592592592 0.046296296296296294
3 0.5388888888888889 0.287962962962963 0.05925925925925926 0.06018518518518518
3 0.5046296296296297 0.22037037037037038 0.06018518518518518 0.062037037037037036
3 0.40555555555555556 0.3611111111111111 0.06018518518518518 0.05925925925925926
1 0.45 0.5296296296296297 0.05277777777777778 0.05185185185185185
3 0.5962962962962963 0.27314814814814814 0.05925925925925926 0.06111111111111111
3 0.5740740740740741 0.6611111111111111 0.06481481481481481 0.06388888888888888
2 0.6712962962962963 0.5074074074074074 0.046296296296296294 0.046296296296296294
3 0.5879629629629629 0.5037037037037037 0.06296296296296296 0.06018518518518518
1 0.4925925925925926 0.5657407407407408 0.05740740740740741 0.05740740740740741
2 0.675 0.5962962962962963 0.05277777777777778 0.04537037037037037
0 0.6425925925925926 0.6231481481481481 0.040740740740740744 0.041666666666666664
1 0.5898148148148148 0.3425925925925926 0.053703703703703705 0.05277777777777778
2 0.7768518518518519 0.3851851851851852 0.05185185185185185 0.046296296296296294
1 0.4824074074074074 0.6175925925925926 0.05277777777777778 0.053703703703703705
2 0.5805555555555556 0.2222222222222222 0.04537037037037037 0.046296296296296294
2 0.38796296296296295 0.6537037037037037 0.04722222222222222 0.04537037037037037
0 0.4 0.5842592592592593 0.040740740740740744 0.04259259259259259
3 0.4222222222222222 0.7175925925925926 0.05925925925925926 0.06018518518518518
2 0.6046296296296296 0.5935185185185186 0.05277777777777778 0.05185185185185185
2 0.5944444444444444 0.44722222222222224 0.046296296296296294 0.044444444444444446
2 0.36944444444444446 0.2851851851851852 0.05 0.046296296296296294
1 0.5564814814814815 0.3972222222222222 0.053703703703703705 0.053703703703703705
2 0.8027777777777778 0.5435185185185185 0.05277777777777778 0.04814814814814815
2 0.5314814814814814 0.44537037037037036 0.04537037037037037 0.04537037037037037
0 0.7212962962962963 0.39537037037037037 0.04722222222222222 0.04351851851851852
0 0.5148148148148148 0.6787037037037037 0.04722222222222222 0.04537037037037037
0 0.4564814814814815 0.3731481481481482 0.046296296296296294 0.044444444444444446
1 0.5435185185185185 0.612037037037037 0.053703703703703705 0.05648148148148148
2 0.48148148148148145 0.4703703703703704 0.04722222222222222 0.05092592592592592
2 0.4212962962962963 0.4842592592592593 0.05092592592592592 0.049074074074074076
0 0.6712962962962963 0.42777777777777776 0.04537037037037037 0.041666666666666664
2 0.4740740740740741 0.2916666666666667 0.049074074074074076 0.04259259259259259
1 0.46574074074074073 0.6712962962962963 0.049074074074074076 0.05185185185185185