2 0.7055555555555556 0.2851851851851852 0.09074074074074075 0.12222222222222222
3 0.6722222222222223 0.5574074074074075 0.1361111111111111 0.17222222222222222
0 0.5814814814814815 0.36018518518518516 0.09351851851851851 0.11296296296296296
3 0.5370370370370371 0.7648148148148148 0.12685185185185185 0.15555555555555556
3 0.5324074074074074 0.2101851851851852 0.13148148148148148 0.14814814814814814
3 0.5037037037037037 0.5120370370370371 0.125 0.14629629629629629
2 0.4074074074074074 0.37962962962962965 0.09351851851851851 0.11481481481481481
3 0.3824074074074074 0.6703703703703704 0.11481481481481481 0.1537037037037037
0 0.3537037037037037 0.49537037037037035 0.0787037037037037 0.11018518518518519
3 0.32685185185185184 0.24166666666666667 0.11481481481481481 0.14629629629629629
1 0.2212962962962963 0.4527777777777778 0.09814814814814815 0.12962962962962962
1 0.7462962962962963 0.7675925925925926 0.10740740740740741 0.15092592592592594