3 0.7481481481481481 0.5555555555555556 0.058333333333333334 0.06018518518518518
3 0.32685185185185184 0.3814814814814815 0.05740740740740741 0.06018518518518518
3 0.42777777777777776 0.5898148148148148 0.05740740740740741 0.05648148148148148
1 0.562962962962963 0.4462962962962963 0.04722222222222222 0.05185185185185185
3 0.38796296296296295 0.4101851851851852 0.05925925925925926 0.062037037037037036
3 0.6231481481481481 0.5574074074074075 0.05740740740740741 0.05925925925925926
3 0.5342592592592592 0.39444444444444443 0.05740740740740741 0.06111111111111111
2 0.575925925925926 0.5916666666666667 0.046296296296296294 0.04722222222222222
2 0.6 0.40925925925925927 0.04814814814814815 0.04814814814814815
1 0.5212962962962963 0.48148148148148145 0.05277777777777778 0.05185185185185185
3 0.662962962962963 0.6777777777777778 0.06018518518518518 0.06111111111111111
1 0.7518518518518519 0.42592592592592593 0.04814814814814815 0.05462962962962963
3 0.6638888888888889 0.6129629629629629 0.05925925925925926 0.06018518518518518
2 0.5064814814814815 0.5583333333333333 0.04722222222222222 0.04537037037037037
2 0.7296296296296296 0.6675925925925926 0.04722222222222222 0.04722222222222222
2 0.43703703703703706 0.38055555555555554 0.04814814814814815 0.046296296296296294
3 0.34444444444444444 0.5138888888888888 0.058333333333333334 0.06018518518518518
3 0.1685185185185185 0.40925925925925927 0.062037037037037036 0.06018518518518518
0 0.4685185185185185 0.44722222222222224 0.044444444444444446 0.04351851851851852
2 0.4601851851851852 0.5453703703703704 0.05 0.04537037037037037
0 0.6935185185185185 0.5453703703703704 0.044444444444444446 0.04351851851851852
2 0.47129629629629627 0.49722222222222223 0.04722222222222222 0.044444444444444446
2 0.3990740740740741 0.5398148148148149 0.049074074074074076 0.04814814814814815
1 0.7231481481481481 0.6074074074074074 0.05092592592592592 0.05185185185185185
2 0.7046296296296296 0.3990740740740741 0.046296296296296294 0.04814814814814815
3 0.612037037037037 0.47685185185185186 0.05925925925925926 0.06018518518518518
0 0.5796296296296296 0.6407407407407407 0.046296296296296294 0.041666666666666664
2 0.5277777777777778 0.6027777777777777 0.049074074074074076 0.04814814814814815
0 0.700925925925926 0.46296296296296297 0.04259259259259259 0.044444444444444446
1 0.6601851851851852 0.5101851851851852 0.049074074074074076 0.04814814814814815
0 0.33055555555555555 0.45555555555555555 0.046296296296296294 0.044444444444444446
0 0.4925925925925926 0.6333333333333333 0.04537037037037037 0.04259259259259259
0 0.48055555555555557 0.4 0.04537037037037037 0.04259259259259259
3 0.26851851851851855 0.44166666666666665 0.06111111111111111 0.062037037037037036
3 0.23425925925925925 0.387037037037037 0.06018518518518518 0.05925925925925926
3 0.4148148148148148 0.4666666666666667 0.058333333333333334 0.05925925925925926
3 0.5537037037037037 0.5305555555555556 0.05925925925925926 0.058333333333333334
3 0.6518518518518519 0.4305555555555556 0.05648148148148148 0.06111111111111111
1 0.7481481481481481 0.4962962962962963 0.053703703703703705 0.05277777777777778