1 0.6194444444444445 0.7175925925925926 0.040740740740740744 0.04259259259259259
1 0.5203703703703704 0.6472222222222223 0.03981481481481482 0.03888888888888889
1 0.6916666666666667 0.6518518518518519 0.041666666666666664 0.03888888888888889
3 0.7342592592592593 0.4703703703703704 0.046296296296296294 0.04722222222222222
1 0.524074074074074 0.7 0.040740740740740744 0.04259259259259259
1 0.5231481481481481 0.4777777777777778 0.041666666666666664 0.03888888888888889
1 0.5342592592592592 0.5277777777777778 0.037037037037037035 0.03888888888888889
1 0.48333333333333334 0.5157407407407407 0.03981481481481482 0.03796296296296296
1 0.40370370370370373 0.75 0.04259259259259259 0.040740740740740744
0 0.49166666666666664 0.7416666666666667 0.03333333333333333 0.03425925925925926
1 0.33425925925925926 0.4638888888888889 0.040740740740740744 0.03796296296296296
1 0.5055555555555555 0.3712962962962963 0.040740740740740744 0.03888888888888889
3 0.32037037037037036 0.4009259259259259 0.044444444444444446 0.04259259259259259
0 0.4759259259259259 0.6814814814814815 0.03518518518518519 0.03333333333333333
2 0.44351851851851853 0.34074074074074073 0.03518518518518519 0.03518518518518519
1 0.575925925925926 0.6796296296296296 0.04259259259259259 0.03981481481481482
2 0.6268518518518519 0.5037037037037037 0.03796296296296296 0.03796296296296296
0 0.32037037037037036 0.6111111111111112 0.03611111111111111 0.03148148148148148
1 0.37037037037037035 0.6240740740740741 0.03888888888888889 0.03981481481481482
2 0.5675925925925925 0.7481481481481481 0.037037037037037035 0.037037037037037035
1 0.5768518518518518 0.5805555555555556 0.040740740740740744 0.04259259259259259
1 0.6796296296296296 0.4824074074074074 0.041666666666666664 0.03981481481481482
3 0.4787037037037037 0.44814814814814813 0.044444444444444446 0.044444444444444446
2 0.4203703703703704 0.6537037037037037 0.03611111111111111 0.03518518518518519
2 0.4074074074074074 0.38333333333333336 0.03611111111111111 0.03518518518518519
3 0.2916666666666667 0.6851851851851852 0.04814814814814815 0.044444444444444446
2 0.4027777777777778 0.5527777777777778 0.03888888888888889 0.03796296296296296
2 0.5824074074074074 0.3712962962962963 0.03611111111111111 0.03518518518518519
0 0.3435185185185185 0.6759259259259259 0.03333333333333333 0.03148148148148148
2 0.44074074074074077 0.7083333333333334 0.037037037037037035 0.03611111111111111
0 0.6324074074074074 0.5546296296296296 0.03425925925925926 0.03518518518518519
2 0.5416666666666666 0.27685185185185185 0.03518518518518519 0.03518518518518519
0 0.412962962962963 0.5972222222222222 0.03425925925925926 0.03425925925925926
1 0.34629629629629627 0.5555555555555556 0.04259259259259259 0.03888888888888889
0 0.3712962962962963 0.41944444444444445 0.03333333333333333 0.03425925925925926
0 0.34444444444444444 0.7287037037037037 0.03333333333333333 0.032407407407407406
3 0.40185185185185185 0.30648148148148147 0.04537037037037037 0.04537037037037037
0 0.6435185185185185 0.6638888888888889 0.03333333333333333 0.03333333333333333
2 0.5796296296296296 0.5148148148148148 0.03518518518518519 0.03518518518518519
3 0.6722222222222223 0.3194444444444444 0.04537037037037037 0.044444444444444446
3 0.3712962962962963 0.5064814814814815 0.04351851851851852 0.044444444444444446
0 0.25555555555555554 0.4898148148148148 0.03611111111111111 0.03333333333333333
0 0.46111111111111114 0.39166666666666666 0.032407407407407406 0.03148148148148148
2 0.5722222222222222 0.6277777777777778 0.037037037037037035 0.03611111111111111
0 0.7129629629629629 0.6055555555555555 0.03425925925925926 0.03518518518518519
0 0.30462962962962964 0.5018518518518519 0.03518518518518519 0.03333333333333333
2 0.28425925925925927 0.5527777777777778 0.03611111111111111 0.03611111111111111
0 0.5675925925925925 0.46296296296296297 0.03425925925925926 0.03148148148148148
2 0.44814814814814813 0.5416666666666666 0.03611111111111111 0.037037037037037035
0 0.3925925925925926 0.6907407407407408 0.03333333333333333 0.032407407407407406
0 0.36018518518518516 0.362962962962963 0.032407407407407406 0.032407407407407406
0 0.43148148148148147 0.4305555555555556 0.03148148148148148 0.032407407407407406
3 0.4638888888888889 0.612037037037037 0.04537037037037037 0.04814814814814815
2 0.5203703703703704 0.5740740740740741 0.037037037037037035 0.03518518518518519
2 0.6935185185185185 0.41759259259259257 0.037037037037037035 0.03611111111111111
3 0.5388888888888889 0.41388888888888886 0.046296296296296294 0.04259259259259259
0 0.5148148148148148 0.32592592592592595 0.03425925925925926 0.032407407407407406
0 0.6675925925925926 0.7138888888888889 0.03518518518518519 0.03518518518518519
2 0.9898148148148148 0.2111111111111111 0.019444444444444445 0.037037037037037035
0 0.43796296296296294 0.48333333333333334 0.03611111111111111 0.03333333333333333
2 0.6731481481481482 0.5944444444444444 0.037037037037037035 0.03518518518518519
2 0.6027777777777777 0.41388888888888886 0.03518518518518519 0.03518518518518519
2 0.6222222222222222 0.6194444444444445 0.03518518518518519 0.037037037037037035
0 0.7148148148148148 0.36574074074074076 0.03425925925925926 0.03425925925925926
2 0.27870370370370373 0.42685185185185187 0.03796296296296296 0.037037037037037035
2 0.7037037037037037 0.5361111111111111 0.03425925925925926 0.03518518518518519
0 0.6166666666666667 0.4564814814814815 0.03333333333333333 0.03333333333333333
2 0.38796296296296295 0.462037037037037 0.03518518518518519 0.03796296296296296
0 0.5657407407407408 0.32314814814814813 0.03425925925925926 0.03425925925925926
0 0.6111111111111112 0.30092592592592593 0.032407407407407406 0.03148148148148148
0 0.6435185185185185 0.3648148148148148 0.03518518518518519 0.03425925925925926
0 0.6546296296296297 0.4222222222222222 0.032407407407407406 0.03425925925925926
0 0.9925925925925926 0.15462962962962962 0.013888888888888888 0.027777777777777776
0 0.4759259259259259 0.29259259259259257 0.032407407407407406 0.032407407407407406