3 0.5555555555555556 0.2518518518518518 0.06018518518518518 0.058333333333333334
3 0.3814814814814815 0.6731481481481482 0.06018518518518518 0.05740740740740741
3 0.5898148148148148 0.5722222222222222 0.05648148148148148 0.05740740740740741
1 0.4462962962962963 0.43703703703703706 0.05185185185185185 0.04722222222222222
3 0.4101851851851852 0.612037037037037 0.062037037037037036 0.05925925925925926
3 0.5574074074074075 0.3768518518518518 0.05925925925925926 0.05740740740740741
3 0.39444444444444443 0.46574074074074073 0.06111111111111111 0.05740740740740741
2 0.5916666666666667 0.42407407407407405 0.04722222222222222 0.046296296296296294
2 0.40925925925925927 0.4 0.04814814814814815 0.04814814814814815
1 0.48148148148148145 0.4787037037037037 0.05185185185185185 0.05277777777777778
3 0.6777777777777778 0.337037037037037 0.06111111111111111 0.06018518518518518
1 0.42592592592592593 0.24814814814814815 0.05462962962962963 0.04814814814814815
3 0.6129629629629629 0.33611111111111114 0.06018518518518518 0.05925925925925926
2 0.5583333333333333 0.4935185185185185 0.04537037037037037 0.04722222222222222
2 0.6675925925925926 0.27037037037037037 0.04722222222222222 0.04722222222222222
2 0.38055555555555554 0.562962962962963 0.046296296296296294 0.04814814814814815
3 0.5138888888888888 0.6555555555555556 0.06018518518518518 0.058333333333333334
3 0.40925925925925927 0.8314814814814815 0.06018518518518518 0.062037037037037036
0 0.44722222222222224 0.5314814814814814 0.04351851851851852 0.044444444444444446
2 0.5453703703703704 0.5398148148148149 0.04537037037037037 0.05
0 0.5453703703703704 0.30648148148148147 0.04351851851851852 0.044444444444444446
2 0.49722222222222223 0.5287037037037037 0.044444444444444446 0.04722222222222222
2 0.5398148148148149 0.600925925925926 0.04814814814814815 0.049074074074074076
1 0.6074074074074074 0.27685185185185185 0.05185185185185185 0.05092592592592592
2 0.3990740740740741 0.2953703703703704 0.04814814814814815 0.046296296296296294
3 0.47685185185185186 0.38796296296296295 0.06018518518518518 0.05925925925925926
0 0.6407407407407407 0.4203703703703704 0.041666666666666664 0.046296296296296294
2 0.6027777777777777 0.4722222222222222 0.04814814814814815 0.049074074074074076
0 0.46296296296296297 0.29907407407407405 0.044444444444444446 0.04259259259259259
1 0.5101851851851852 0.3398148148148148 0.04814814814814815 0.049074074074074076
0 0.45555555555555555 0.6694444444444444 0.044444444444444446 0.046296296296296294
0 0.6333333333333333 0.5074074074074074 0.04259259259259259 0.04537037037037037
0 0.4 0.5194444444444445 0.04259259259259259 0.04537037037037037
3 0.44166666666666665 0.7314814814814815 0.062037037037037036 0.06111111111111111
3 0.387037037037037 0.7657407407407407 0.05925925925925926 0.06018518518518518
3 0.4666666666666667 0.5851851851851851 0.05925925925925926 0.058333333333333334
3 0.5305555555555556 0.4462962962962963 0.058333333333333334 0.05925925925925926
3 0.4305555555555556 0.34814814814814815 0.06111111111111111 0.05648148148148148
1 0.4962962962962963 0.2518518518518518 0.05277777777777778 0.053703703703703705