3 0.5601851851851852 0.25 0.03888888888888889 0.03888888888888889
3 0.5703703703703704 0.3314814814814815 0.03888888888888889 0.03888888888888889
3 0.5416666666666666 0.6046296296296296 0.03981481481481482 0.03981481481481482
1 0.6083333333333333 0.5407407407407407 0.037037037037037035 0.03518518518518519
3 0.4685185185185185 0.5703703703703704 0.03981481481481482 0.03888888888888889
1 0.5935185185185186 0.4361111111111111 0.03425925925925926 0.03425925925925926
1 0.5407407407407407 0.37962962962962965 0.03518518518518519 0.03425925925925926
3 0.6638888888888889 0.6268518518518519 0.03981481481481482 0.03981481481481482
1 0.5296296296296297 0.6638888888888889 0.03611111111111111 0.03425925925925926
1 0.47685185185185186 0.7 0.03611111111111111 0.03425925925925926
3 0.4351851851851852 0.6370370370370371 0.040740740740740744 0.03796296296296296
3 0.5638888888888889 0.49074074074074076 0.03888888888888889 0.03796296296296296
3 0.41388888888888886 0.4962962962962963 0.03981481481481482 0.03796296296296296
1 0.5120370370370371 0.562962962962963 0.032407407407407406 0.03333333333333333
1 0.6296296296296297 0.649074074074074 0.03518518518518519 0.03425925925925926
1 0.5398148148148149 0.45092592592592595 0.03425925925925926 0.03425925925925926
2 0.44722222222222224 0.30648148148148147 0.03333333333333333 0.03148148148148148
1 0.5083333333333333 0.5111111111111111 0.03518518518518519 0.03425925925925926
2 0.43333333333333335 0.3416666666666667 0.030555555555555555 0.02962962962962963
2 0.5157407407407407 0.31574074074074077 0.032407407407407406 0.030555555555555555
1 0.7055555555555556 0.3194444444444444 0.03611111111111111 0.03425925925925926
2 0.4675925925925926 0.37037037037037035 0.032407407407407406 0.030555555555555555
2 0.6074074074074074 0.3138888888888889 0.03148148148148148 0.030555555555555555
0 0.6055555555555555 0.25925925925925924 0.030555555555555555 0.02962962962962963
2 0.5037037037037037 0.22037037037037038 0.03148148148148148 0.03148148148148148
2 0.600925925925926 0.7379629629629629 0.032407407407407406 0.032407407407407406
2 0.4444444444444444 0.2361111111111111 0.030555555555555555 0.02962962962962963
2 0.6518518518518519 0.4287037037037037 0.032407407407407406 0.030555555555555555
1 0.7648148148148148 0.6972222222222222 0.037037037037037035 0.037037037037037035
0 0.5777777777777777 0.37222222222222223 0.028703703703703703 0.028703703703703703
2 0.6148148148148148 0.36203703703703705 0.030555555555555555 0.02962962962962963
2 0.5324074074074074 0.7425925925925926 0.032407407407407406 0.032407407407407406
0 0.5481481481481482 0.5527777777777778 0.02962962962962963 0.028703703703703703
2 0.3990740740740741 0.34444444444444444 0.030555555555555555 0.02962962962962963
3 0.6712962962962963 0.2361111111111111 0.040740740740740744 0.040740740740740744
2 0.4787037037037037 0.6351851851851852 0.03148148148148148 0.030555555555555555
0 0.5555555555555556 0.1712962962962963 0.03333333333333333 0.030555555555555555
2 0.43333333333333335 0.43425925925925923 0.032407407407407406 0.030555555555555555
2 0.6759259259259259 0.5314814814814814 0.03425925925925926 0.030555555555555555
0 0.6814814814814815 0.387037037037037 0.02962962962962963 0.027777777777777776
2 0.5861111111111111 0.5962962962962963 0.03333333333333333 0.03148148148148148
0 0.7074074074074074 0.5962962962962963 0.032407407407407406 0.03148148148148148
0 0.562962962962963 0.6925925925925925 0.02962962962962963 0.02962962962962963
2 0.6370370370370371 0.7166666666666667 0.03425925925925926 0.030555555555555555
2 0.7638888888888888 0.5453703703703704 0.03425925925925926 0.032407407407407406
2 0.7564814814814815 0.4546296296296296 0.03333333333333333 0.030555555555555555
2 0.475 0.4638888888888889 0.03148148148148148 0.030555555555555555
2 0.4212962962962963 0.7814814814814814 0.030555555555555555 0.03148148148148148
0 0.8231481481481482 0.6546296296296297 0.03333333333333333 0.032407407407407406