3 0.3453703703703704 0.825925925925926 0.05648148148148148 0.053703703703703705
1 0.387037037037037 0.6796296296296296 0.044444444444444446 0.04537037037037037
1 0.5361111111111111 0.8407407407407408 0.04537037037037037 0.04722222222222222
1 0.3138888888888889 0.25462962962962965 0.04351851851851852 0.04537037037037037
1 0.4824074074074074 0.8685185185185185 0.044444444444444446 0.04814814814814815
1 0.6092592592592593 0.4666666666666667 0.04351851851851852 0.04537037037037037
1 0.5833333333333334 0.6203703703703703 0.044444444444444446 0.04722222222222222
1 0.6027777777777777 0.3611111111111111 0.04259259259259259 0.044444444444444446
1 0.7324074074074074 0.42685185185185187 0.044444444444444446 0.04722222222222222
0 0.7851851851851852 0.6518518518518519 0.037037037037037035 0.037037037037037035
0 0.46111111111111114 0.7574074074074074 0.03796296296296296 0.041666666666666664
1 0.5185185185185185 0.33240740740740743 0.04351851851851852 0.04537037037037037
1 0.7379629629629629 0.7342592592592593 0.04351851851851852 0.04722222222222222
1 0.662962962962963 0.8333333333333334 0.044444444444444446 0.04814814814814815
1 0.5388888888888889 0.21944444444444444 0.044444444444444446 0.04814814814814815
0 0.7768518518518519 0.2962962962962963 0.03611111111111111 0.03981481481481482
0 0.4305555555555556 0.4546296296296296 0.03518518518518519 0.03518518518518519
0 0.5694444444444444 0.175 0.03611111111111111 0.03796296296296296
1 0.7592592592592593 0.5990740740740741 0.040740740740740744 0.03888888888888889
0 0.674074074074074 0.2037037037037037 0.03611111111111111 0.03611111111111111
1 0.8675925925925926 0.3851851851851852 0.04351851851851852 0.04722222222222222
1 0.48333333333333334 0.6453703703703704 0.04537037037037037 0.04722222222222222
2 0.37407407407407406 0.2574074074074074 0.03981481481481482 0.044444444444444446
3 0.22777777777777777 0.4083333333333333 0.05185185185185185 0.053703703703703705
1 0.6370370370370371 0.3314814814814815 0.04351851851851852 0.04537037037037037
1 0.42962962962962964 0.3296296296296296 0.04537037037037037 0.046296296296296294
3 0.6953703703703704 0.4703703703703704 0.05 0.05185185185185185
2 0.325 0.46111111111111114 0.04259259259259259 0.041666666666666664
2 0.387037037037037 0.4 0.041666666666666664 0.041666666666666664
0 0.3351851851851852 0.14629629629629629 0.037037037037037035 0.03981481481481482
0 0.524074074074074 0.8953703703703704 0.03888888888888889 0.03888888888888889
1 0.8324074074074074 0.3472222222222222 0.04351851851851852 0.04722222222222222
0 0.5361111111111111 0.6620370370370371 0.03611111111111111 0.037037037037037035
1 0.8472222222222222 0.5222222222222223 0.04722222222222222 0.04722222222222222
2 0.5268518518518519 0.612037037037037 0.041666666666666664 0.041666666666666664
1 0.5537037037037037 0.7185185185185186 0.04351851851851852 0.046296296296296294
2 0.33425925925925926 0.3 0.041666666666666664 0.040740740740740744
1 0.3787037037037037 0.4537037037037037 0.04537037037037037 0.044444444444444446
1 0.3731481481481482 0.7509259259259259 0.04722222222222222 0.04722222222222222
0 0.3888888888888889 0.1398148148148148 0.03518518518518519 0.03611111111111111
0 0.44074074074074077 0.687037037037037 0.03796296296296296 0.03981481481481482
2 0.18518518518518517 0.2935185185185185 0.040740740740740744 0.040740740740740744
1 0.6759259259259259 0.5194444444444445 0.04259259259259259 0.04537037037037037
0 0.3194444444444444 0.6453703703703704 0.03611111111111111 0.03888888888888889
3 0.7064814814814815 0.600925925925926 0.05092592592592592 0.053703703703703705
0 0.6481481481481481 0.23425925925925925 0.03425925925925926 0.037037037037037035
1 0.425 0.23148148148148148 0.044444444444444446 0.04722222222222222
1 0.6990740740740741 0.3194444444444444 0.044444444444444446 0.04814814814814815
0 0.42407407407407405 0.2861111111111111 0.03796296296296296 0.03611111111111111
1 0.8907407407407407 0.562037037037037 0.044444444444444446 0.04537037037037037
1 0.3351851851851852 0.35462962962962963 0.04537037037037037 0.04814814814814815
1 0.7962962962962963 0.737037037037037 0.044444444444444446 0.04722222222222222
3 0.687962962962963 0.774074074074074 0.05092592592592592 0.053703703703703705
0 0.14629629629629629 0.5990740740740741 0.03888888888888889 0.03888888888888889
1 0.5203703703703704 0.2611111111111111 0.044444444444444446 0.04537037037037037
1 0.47129629629629627 0.26296296296296295 0.044444444444444446 0.044444444444444446
2 0.5175925925925926 0.1675925925925926 0.040740740740740744 0.03981481481481482
2 0.36666666666666664 0.6333333333333333 0.040740740740740744 0.040740740740740744
2 0.46111111111111114 0.5916666666666667 0.040740740740740744 0.03888888888888889
2 0.25925925925925924 0.6333333333333333 0.041666666666666664 0.041666666666666664
2 0.1259259259259259 0.40370370370370373 0.040740740740740744 0.040740740740740744
2 0.6796296296296296 0.3675925925925926 0.03888888888888889 0.040740740740740744
1 0.5990740740740741 0.6777777777777778 0.044444444444444446 0.04537037037037037
0 0.6370370370370371 0.6064814814814815 0.03518518518518519 0.03796296296296296
0 0.6342592592592593 0.7861111111111111 0.037037037037037035 0.03796296296296296
2 0.4212962962962963 0.7287037037037037 0.03888888888888889 0.04259259259259259
0 0.7518518518518519 0.24722222222222223 0.037037037037037035 0.03888888888888889
0 0.37592592592592594 0.31296296296296294 0.03981481481481482 0.03888888888888889
0 0.7675925925925926 0.412962962962963 0.03518518518518519 0.03611111111111111
0 0.38055555555555554 0.36018518518518516 0.037037037037037035 0.03611111111111111
0 0.8324074074074074 0.6685185185185185 0.03611111111111111 0.037037037037037035
3 0.6277777777777778 0.8907407407407407 0.05092592592592592 0.05648148148148148
2 0.3453703703703704 0.4111111111111111 0.03981481481481482 0.03888888888888889
2 0.6722222222222223 0.2861111111111111 0.040740740740740744 0.03981481481481482
0 0.7148148148148148 0.5453703703703704 0.03888888888888889 0.03888888888888889
1 0.7018518518518518 0.25092592592592594 0.04537037037037037 0.04722222222222222
3 0.6620370370370371 0.6574074074074074 0.05092592592592592 0.05277777777777778
3 0.8666666666666667 0.6166666666666667 0.05092592592592592 0.053703703703703705
0 0.6416666666666667 0.37962962962962965 0.03611111111111111 0.03796296296296296
2 0.625 0.7277777777777777 0.040740740740740744 0.03888888888888889
0 0.8953703703703704 0.5046296296296297 0.03796296296296296 0.03981481481481482
1 0.7564814814814815 0.7851851851851852 0.04351851851851852 0.046296296296296294
3 0.8138888888888889 0.5851851851851851 0.04814814814814815 0.05462962962962963
2 0.8462962962962963 0.7194444444444444 0.040740740740740744 0.040740740740740744
0 0.5962962962962963 0.5675925925925925 0.03796296296296296 0.03888888888888889
2 0.4648148148148148 0.8175925925925925 0.040740740740740744 0.04259259259259259
3 0.6231481481481481 0.275 0.05092592592592592 0.05185185185185185
2 0.5509259259259259 0.29907407407407405 0.03981481481481482 0.03888888888888889
0 0.3138888888888889 0.7546296296296297 0.037037037037037035 0.03796296296296296
0 0.7953703703703704 0.5148148148148148 0.03888888888888889 0.037037037037037035
2 0.40185185185185185 0.5944444444444444 0.03888888888888889 0.04351851851851852
0 0.2962962962962963 0.4935185185185185 0.03888888888888889 0.040740740740740744
2 0.5555555555555556 0.4101851851851852 0.040740740740740744 0.040740740740740744
3 0.8777777777777778 0.4546296296296296 0.04814814814814815 0.05185185185185185
0 0.20833333333333334 0.6222222222222222 0.03796296296296296 0.03888888888888889
0 0.5666666666666667 0.4759259259259259 0.037037037037037035 0.037037037037037035
2 0.6194444444444445 0.18518518518518517 0.03981481481481482 0.040740740740740744
2 0.27870370370370373 0.45555555555555555 0.03981481481481482 0.03888888888888889
0 0.40555555555555556 0.7907407407407407 0.03796296296296296 0.03888888888888889
3 0.35 0.5101851851851852 0.05185185185185185 0.05740740740740741
3 0.30462962962962964 0.6 0.05092592592592592 0.05740740740740741
0 0.5851851851851851 0.21296296296296297 0.03611111111111111 0.037037037037037035
2 0.22870370370370371 0.4675925925925926 0.03981481481481482 0.041666666666666664
0 0.7407407407407407 0.49907407407407406 0.03611111111111111 0.037037037037037035
2 0.5268518518518519 0.44722222222222224 0.03981481481481482 0.03981481481481482
3 0.2574074074074074 0.1712962962962963 0.05185185185185185 0.05
2 0.30462962962962964 0.19074074074074074 0.041666666666666664 0.040740740740740744
2 0.25462962962962965 0.5055555555555555 0.03981481481481482 0.041666666666666664
1 0.4787037037037037 0.3638888888888889 0.04537037037037037 0.04722222222222222
2 0.7592592592592593 0.6916666666666667 0.040740740740740744 0.03981481481481482
3 0.12777777777777777 0.5194444444444445 0.053703703703703705 0.05648148148148148
3 0.30092592592592593 0.40185185185185185 0.05185185185185185 0.053703703703703705
2 0.7731481481481481 0.4685185185185185 0.03888888888888889 0.03888888888888889
0 0.5342592592592592 0.37222222222222223 0.03796296296296296 0.037037037037037035
0 0.7194444444444444 0.8296296296296296 0.03796296296296296 0.03796296296296296
0 0.5962962962962963 0.3138888888888889 0.037037037037037035 0.03796296296296296
0 0.4101851851851852 0.4861111111111111 0.037037037037037035 0.03611111111111111
3 0.27685185185185185 0.3037037037037037 0.05185185185185185 0.05277777777777778
2 0.5814814814814815 0.775 0.03981481481481482 0.040740740740740744
3 0.6814814814814815 0.41944444444444445 0.05092592592592592 0.05092592592592592
2 0.42777777777777776 0.6342592592592593 0.040740740740740744 0.041666666666666664
0 0.5074074074074074 0.40555555555555556 0.037037037037037035 0.03796296296296296
2 0.7583333333333333 0.5453703703703704 0.040740740740740744 0.03981481481481482
3 0.19074074074074074 0.5009259259259259 0.053703703703703705 0.05185185185185185
0 0.575 0.8777777777777778 0.03888888888888889 0.040740740740740744
3 0.6055555555555555 0.8324074074074074 0.05277777777777778 0.05648148148148148
0 0.7277777777777777 0.28888888888888886 0.03796296296296296 0.03611111111111111
3 0.4759259259259259 0.937037037037037 0.05277777777777778 0.05555555555555555
3 0.49907407407407406 0.7027777777777777 0.05277777777777778 0.05555555555555555
0 0.6907407407407408 0.8805555555555555 0.037037037037037035 0.03981481481481482
0 0.23796296296296296 0.28055555555555556 0.03796296296296296 0.03796296296296296
2 0.725 0.3787037037037037 0.03888888888888889 0.03981481481481482
0 0.44537037037037036 0.5037037037037037 0.037037037037037035 0.037037037037037035
3 0.5351851851851852 0.549074074074074 0.049074074074074076 0.05277777777777778
0 0.49166666666666664 0.49166666666666664 0.03796296296296296 0.03796296296296296
3 0.42592592592592593 0.8972222222222223 0.05092592592592592 0.053703703703703705
0 0.7435185185185185 0.3287037037037037 0.037037037037037035 0.03888888888888889
3 0.4351851851851852 0.3925925925925926 0.05277777777777778 0.053703703703703705
3 0.6796296296296296 0.7175925925925926 0.05 0.05185185185185185
2 0.5833333333333334 0.5222222222222223 0.03888888888888889 0.03888888888888889
2 0.6231481481481481 0.537962962962963 0.03888888888888889 0.03981481481481482
0 0.1925925925925926 0.44166666666666665 0.03888888888888889 0.03888888888888889
2 0.8240740740740741 0.4777777777777778 0.040740740740740744 0.041666666666666664
3 0.3824074074074074 0.20092592592592592 0.049074074074074076 0.05555555555555555
2 0.5305555555555556 0.4888888888888889 0.03981481481481482 0.041666666666666664
2 0.7287037037037037 0.6574074074074074 0.040740740740740744 0.040740740740740744
3 0.21388888888888888 0.3416666666666667 0.05277777777777778 0.05277777777777778
3 0.24722222222222223 0.22592592592592592 0.05277777777777778 0.053703703703703705
3 0.14074074074074075 0.45555555555555555 0.05092592592592592 0.05462962962962963
3 0.6055555555555555 0.4166666666666667 0.05 0.05185185185185185
2 0.362962962962963 0.575925925925926 0.03981481481481482 0.040740740740740744
3 0.525 0.7796296296296297 0.05185185185185185 0.05462962962962963
3 0.7768518518518519 0.3611111111111111 0.05 0.05648148148148148
1 0.43425925925925923 0.17685185185185184 0.046296296296296294 0.04722222222222222
3 0.18425925925925926 0.5601851851851852 0.05277777777777778 0.05555555555555555
3 0.49074074074074076 0.21388888888888888 0.05092592592592592 0.05277777777777778
3 0.48148148148148145 0.44074074074074077 0.05185185185185185 0.05185185185185185
2 0.47962962962962963 0.3111111111111111 0.040740740740740744 0.04259259259259259
3 0.33240740740740743 0.7064814814814815 0.05 0.05462962962962963
2 0.5712962962962963 0.2574074074074074 0.037037037037037035 0.03796296296296296
2 0.4324074074074074 0.5472222222222223 0.03888888888888889 0.03796296296296296
3 0.30185185185185187 0.5435185185185185 0.05277777777777778 0.049074074074074076
2 0.387037037037037 0.5351851851851852 0.040740740740740744 0.03611111111111111
2 0.5601851851851852 0.34444444444444444 0.03981481481481482 0.03888888888888889
3 0.8203703703703704 0.42407407407407405 0.05 0.05277777777777778
2 0.7787037037037037 0.9898148148148148 0.040740740740740744 0.020370370370370372
0 0.8194444444444444 0.287962962962963 0.03518518518518519 0.040740740740740744
3 0.17314814814814813 0.38981481481481484 0.05277777777777778 0.053703703703703705
3 0.2657407407407407 0.36203703703703705 0.05185185185185185 0.05277777777777778
0 0.40370370370370373 0.8388888888888889 0.037037037037037035 0.03981481481481482
0 0.6509259259259259 0.45092592592592595 0.037037037037037035 0.03888888888888889
0 0.4777777777777778 0.5370370370370371 0.037037037037037035 0.03796296296296296
0 0.275 0.687037037037037 0.037037037037037035 0.03796296296296296
0 0.637962962962963 0.5027777777777778 0.03981481481481482 0.037037037037037035
2 0.6583333333333333 0.5638888888888889 0.041666666666666664 0.044444444444444446
2 0.8268518518518518 0.9898148148148148 0.040740740740740744 0.019444444444444445
2 0.912962962962963 0.9898148148148148 0.023148148148148147 0.019444444444444445
2 0.24444444444444444 0.5740740740740741 0.03981481481481482 0.040740740740740744