3 0.4305555555555556 0.2574074074074074 0.05 0.05185185185185185
1 0.549074074074074 0.40925925925925927 0.04259259259259259 0.044444444444444446
3 0.5666666666666667 0.5453703703703704 0.05 0.049074074074074076
0 0.2638888888888889 0.4444444444444444 0.03796296296296296 0.03888888888888889
0 0.46111111111111114 0.48148148148148145 0.03796296296296296 0.03796296296296296
1 0.5425925925925926 0.6342592592592593 0.04259259259259259 0.044444444444444446
1 0.3416666666666667 0.46111111111111114 0.04537037037037037 0.04351851851851852
0 0.24351851851851852 0.32592592592592595 0.037037037037037035 0.03796296296296296
1 0.4842592592592593 0.5703703703703704 0.04351851851851852 0.04259259259259259
1 0.5138888888888888 0.5222222222222223 0.04537037037037037 0.044444444444444446
1 0.30925925925925923 0.18333333333333332 0.046296296296296294 0.044444444444444446
0 0.6037037037037037 0.6453703703703704 0.037037037037037035 0.03611111111111111
2 0.5981481481481481 0.31203703703703706 0.03888888888888889 0.041666666666666664
3 0.7240740740740741 0.5435185185185185 0.05 0.049074074074074076
1 0.3814814814814815 0.5157407407407407 0.04722222222222222 0.04537037037037037
3 0.5333333333333333 0.34629629629629627 0.049074074074074076 0.05
1 0.4444444444444444 0.5277777777777778 0.044444444444444446 0.041666666666666664
1 0.4027777777777778 0.6259259259259259 0.046296296296296294 0.04814814814814815
0 0.43333333333333335 0.42314814814814816 0.037037037037037035 0.03518518518518519
3 0.4564814814814815 0.35 0.05092592592592592 0.049074074074074076
3 0.30462962962962964 0.3527777777777778 0.05185185185185185 0.05092592592592592
2 0.2175925925925926 0.4074074074074074 0.03981481481481482 0.03796296296296296
2 0.3277777777777778 0.6064814814814815 0.03981481481481482 0.040740740740740744
0 0.6166666666666667 0.7212962962962963 0.03611111111111111 0.03796296296296296
0 0.41944444444444445 0.700925925925926 0.03796296296296296 0.03796296296296296
2 0.39444444444444443 0.45 0.03981481481481482 0.040740740740740744
2 0.7240740740740741 0.39537037037037037 0.03796296296296296 0.040740740740740744
1 0.7416666666666667 0.6398148148148148 0.04259259259259259 0.04351851851851852
3 0.6657407407407407 0.44351851851851853 0.04722222222222222 0.049074074074074076
2 0.32222222222222224 0.5444444444444444 0.03888888888888889 0.040740740740740744
2 0.4111111111111111 0.5712962962962963 0.03888888888888889 0.040740740740740744
3 0.649074074074074 0.5138888888888888 0.05 0.049074074074074076
2 0.362962962962963 0.40925925925925927 0.03796296296296296 0.040740740740740744
2 0.6046296296296296 0.3851851851851852 0.03796296296296296 0.03981481481481482
2 0.5 0.4537037037037037 0.03888888888888889 0.041666666666666664
2 0.737037037037037 0.48148148148148145 0.03796296296296296 0.040740740740740744
2 0.39166666666666666 0.36018518518518516 0.040740740740740744 0.04351851851851852
1 0.2740740740740741 0.49907407407407406 0.049074074074074076 0.046296296296296294
2 0.6592592592592592 0.6444444444444445 0.03888888888888889 0.04259259259259259
0 0.575 0.4740740740740741 0.037037037037037035 0.03611111111111111
3 0.3675925925925926 0.674074074074074 0.05277777777777778 0.05
2 0.4787037037037037 0.6342592592592593 0.04351851851851852 0.041666666666666664
2 0.2212962962962963 0.4824074074074074 0.03981481481481482 0.040740740740740744
2 0.612037037037037 0.4583333333333333 0.037037037037037035 0.03981481481481482
2 0.33796296296296297 0.2388888888888889 0.04351851851851852 0.04351851851851852
2 0.5083333333333333 0.725925925925926 0.041666666666666664 0.03981481481481482
2 0.6981481481481482 0.6898148148148148 0.03981481481481482 0.03981481481481482
2 0.65 0.3648148148148148 0.03888888888888889 0.03796296296296296
2 0.637962962962963 0.5898148148148148 0.03981481481481482 0.03981481481481482