3 0.47314814814814815 0.5888888888888889 0.14351851851851852 0.17777777777777778
2 0.4675925925925926 0.3712962962962963 0.10555555555555556 0.1361111111111111
3 0.37037037037037035 0.8638888888888889 0.13148148148148148 0.17962962962962964
0 0.37407407407407406 0.5037037037037037 0.09537037037037037 0.1175925925925926
2 0.2916666666666667 0.6824074074074075 0.10277777777777777 0.12685185185185185
3 0.2814814814814815 0.2712962962962963 0.14351851851851852 0.19166666666666668
3 0.22870370370370371 0.47962962962962963 0.13148148148148148 0.17222222222222222
1 0.1648148148148148 0.9185185185185185 0.11944444444444445 0.14351851851851852
1 0.17222222222222222 0.11944444444444445 0.125 0.1675925925925926
0 0.13703703703703704 0.725 0.11018518518518519 0.12222222222222222
3 0.08148148148148149 0.575925925925926 0.12962962962962962 0.17777777777777778
3 0.07222222222222222 0.2574074074074074 0.13425925925925927 0.18703703703703703