3 0.549074074074074 0.38796296296296295 0.12407407407407407 0.12962962962962962
1 0.32685185185185184 0.40925925925925927 0.11203703703703703 0.11018518518518519
2 0.4398148148148148 0.45740740740740743 0.09722222222222222 0.10185185185185185
2 0.18796296296296297 0.45740740740740743 0.11018518518518519 0.10462962962962963
3 0.6509259259259259 0.5148148148148148 0.1361111111111111 0.13240740740740742
0 0.35 0.5222222222222223 0.09907407407407408 0.09444444444444444
0 0.5157407407407407 0.5712962962962963 0.10092592592592593 0.09814814814814815
3 0.2388888888888889 0.5935185185185186 0.12685185185185185 0.13055555555555556
3 0.3972222222222222 0.6324074074074074 0.13148148148148148 0.12777777777777777
1 0.6796296296296296 0.6731481481481482 0.12129629629629629 0.11666666666666667
2 0.5537037037037037 0.6768518518518518 0.1037037037037037 0.10462962962962963
3 0.2361111111111111 0.7527777777777778 0.11944444444444445 0.12777777777777777
3 0.40370370370370373 0.7694444444444445 0.125 0.13055555555555556
2 0.549074074074074 0.837037037037037 0.10277777777777777 0.10462962962962963