3 0.5925925925925926 0.6685185185185185 0.05092592592592592 0.05185185185185185
3 0.45555555555555555 0.3574074074074074 0.05740740740740741 0.05462962962962963
3 0.5527777777777778 0.38055555555555554 0.05555555555555555 0.05462962962962963
3 0.5185185185185185 0.6296296296296297 0.05092592592592592 0.05462962962962963
3 0.2074074074074074 0.4638888888888889 0.06018518518518518 0.05462962962962963
3 0.5675925925925925 0.4777777777777778 0.05555555555555555 0.05277777777777778
3 0.7972222222222223 0.4583333333333333 0.06018518518518518 0.05462962962962963
3 0.6083333333333333 0.4212962962962963 0.05277777777777778 0.05462962962962963
3 0.23425925925925925 0.7 0.06018518518518518 0.05462962962962963
1 0.28703703703703703 0.4351851851851852 0.05092592592592592 0.04722222222222222
1 0.29907407407407405 0.2601851851851852 0.049074074074074076 0.046296296296296294
1 0.4601851851851852 0.7148148148148148 0.046296296296296294 0.04814814814814815
1 0.725925925925926 0.649074074074074 0.046296296296296294 0.046296296296296294
1 0.375 0.6537037037037037 0.046296296296296294 0.046296296296296294
1 0.1935185185185185 0.6351851851851852 0.04814814814814815 0.04722222222222222
1 0.6666666666666666 0.5333333333333333 0.046296296296296294 0.046296296296296294
1 0.4962962962962963 0.4638888888888889 0.046296296296296294 0.046296296296296294
1 0.5018518518518519 0.39166666666666666 0.046296296296296294 0.04814814814814815
1 0.3435185185185185 0.337037037037037 0.04722222222222222 0.046296296296296294
1 0.5314814814814814 0.5611111111111111 0.046296296296296294 0.046296296296296294
0 0.3925925925925926 0.3453703703703704 0.03888888888888889 0.040740740740740744
0 0.7092592592592593 0.34074074074074073 0.03888888888888889 0.040740740740740744
0 0.3638888888888889 0.43148148148148147 0.03981481481481482 0.041666666666666664
0 0.1925925925925926 0.4009259259259259 0.04351851851851852 0.041666666666666664
0 0.6472222222222223 0.7416666666666667 0.03888888888888889 0.040740740740740744
0 0.6194444444444445 0.562037037037037 0.03888888888888889 0.040740740740740744
0 0.5444444444444444 0.7416666666666667 0.03981481481481482 0.041666666666666664
0 0.25925925925925924 0.5268518518518519 0.04351851851851852 0.041666666666666664
2 0.4212962962962963 0.287962962962963 0.04259259259259259 0.04537037037037037
2 0.6231481481481481 0.35 0.04259259259259259 0.04259259259259259
2 0.25277777777777777 0.4009259259259259 0.04259259259259259 0.04259259259259259
2 0.2037037037037037 0.562037037037037 0.044444444444444446 0.04259259259259259
2 0.31203703703703706 0.6203703703703703 0.04351851851851852 0.040740740740740744
2 0.36574074074074076 0.562962962962963 0.04351851851851852 0.040740740740740744
2 0.33611111111111114 0.5287037037037037 0.044444444444444446 0.04259259259259259
2 0.46574074074074073 0.5416666666666666 0.041666666666666664 0.04259259259259259
2 0.5342592592592592 0.4287037037037037 0.04259259259259259 0.04259259259259259
2 0.6527777777777778 0.4388888888888889 0.04259259259259259 0.04259259259259259
2 0.775 0.5101851851851852 0.04259259259259259 0.04259259259259259
2 0.7342592592592593 0.5712962962962963 0.04259259259259259 0.04259259259259259
2 0.6074074074074074 0.7287037037037037 0.03888888888888889 0.041666666666666664
2 0.7101851851851851 0.4583333333333333 0.03888888888888889 0.041666666666666664
2 0.7518518518518519 0.3962962962962963 0.03888888888888889 0.041666666666666664