1 0.2824074074074074 0.6194444444444445 0.04259259259259259 0.040740740740740744
1 0.3527777777777778 0.5203703703703704 0.03888888888888889 0.03981481481481482
1 0.34814814814814815 0.6916666666666667 0.03888888888888889 0.041666666666666664
3 0.5296296296296297 0.7342592592592593 0.04722222222222222 0.046296296296296294
1 0.3 0.524074074074074 0.04259259259259259 0.040740740740740744
1 0.5222222222222223 0.5231481481481481 0.03888888888888889 0.041666666666666664
1 0.4722222222222222 0.5342592592592592 0.03888888888888889 0.037037037037037035
1 0.4842592592592593 0.48333333333333334 0.03796296296296296 0.03981481481481482
1 0.25 0.40370370370370373 0.040740740740740744 0.04259259259259259
0 0.25833333333333336 0.49166666666666664 0.03425925925925926 0.03333333333333333
1 0.5361111111111111 0.33425925925925926 0.03796296296296296 0.040740740740740744
1 0.6287037037037037 0.5055555555555555 0.03888888888888889 0.040740740740740744
3 0.5990740740740741 0.32037037037037036 0.04259259259259259 0.044444444444444446
0 0.31851851851851853 0.4759259259259259 0.03333333333333333 0.03518518518518519
2 0.6592592592592592 0.44351851851851853 0.03518518518518519 0.03518518518518519
1 0.32037037037037036 0.575925925925926 0.03981481481481482 0.04259259259259259
2 0.4962962962962963 0.6268518518518519 0.03796296296296296 0.03796296296296296
0 0.3888888888888889 0.32037037037037036 0.03148148148148148 0.03611111111111111
1 0.37592592592592594 0.37037037037037035 0.03981481481481482 0.03888888888888889
2 0.2518518518518518 0.5675925925925925 0.037037037037037035 0.037037037037037035
1 0.41944444444444445 0.5768518518518518 0.04259259259259259 0.040740740740740744
1 0.5175925925925926 0.6796296296296296 0.03981481481481482 0.041666666666666664
3 0.5518518518518518 0.4787037037037037 0.044444444444444446 0.044444444444444446
2 0.34629629629629627 0.4203703703703704 0.03518518518518519 0.03611111111111111
2 0.6166666666666667 0.4074074074074074 0.03518518518518519 0.03611111111111111
3 0.3148148148148148 0.2916666666666667 0.044444444444444446 0.04814814814814815
2 0.44722222222222224 0.4027777777777778 0.03796296296296296 0.03888888888888889
2 0.6287037037037037 0.5824074074074074 0.03518518518518519 0.03611111111111111
0 0.32407407407407407 0.3435185185185185 0.03148148148148148 0.03333333333333333
2 0.2916666666666667 0.44074074074074077 0.03611111111111111 0.037037037037037035
0 0.44537037037037036 0.6324074074074074 0.03518518518518519 0.03425925925925926
2 0.7231481481481481 0.5416666666666666 0.03518518518518519 0.03518518518518519
0 0.4027777777777778 0.412962962962963 0.03425925925925926 0.03425925925925926
1 0.4444444444444444 0.34629629629629627 0.03888888888888889 0.04259259259259259
0 0.5805555555555556 0.3712962962962963 0.03425925925925926 0.03333333333333333
0 0.2712962962962963 0.34444444444444444 0.032407407407407406 0.03333333333333333
3 0.6935185185185185 0.40185185185185185 0.04537037037037037 0.04537037037037037
0 0.33611111111111114 0.6435185185185185 0.03333333333333333 0.03333333333333333
2 0.48518518518518516 0.5796296296296296 0.03518518518518519 0.03518518518518519
3 0.6805555555555556 0.6722222222222223 0.044444444444444446 0.04537037037037037
3 0.4935185185185185 0.3712962962962963 0.044444444444444446 0.04351851851851852
0 0.5101851851851852 0.25555555555555554 0.03333333333333333 0.03611111111111111
0 0.6083333333333333 0.46111111111111114 0.03148148148148148 0.032407407407407406
2 0.37222222222222223 0.5722222222222222 0.03611111111111111 0.037037037037037035
0 0.39444444444444443 0.7129629629629629 0.03518518518518519 0.03425925925925926
0 0.4981481481481482 0.30462962962962964 0.03333333333333333 0.03518518518518519
2 0.44722222222222224 0.28425925925925927 0.03611111111111111 0.03611111111111111
0 0.5370370370370371 0.5675925925925925 0.03148148148148148 0.03425925925925926
2 0.4583333333333333 0.44814814814814813 0.037037037037037035 0.03611111111111111
0 0.30925925925925923 0.3925925925925926 0.032407407407407406 0.03333333333333333
0 0.6370370370370371 0.36018518518518516 0.032407407407407406 0.032407407407407406
0 0.5694444444444444 0.43148148148148147 0.032407407407407406 0.03148148148148148
3 0.38796296296296295 0.4638888888888889 0.04814814814814815 0.04537037037037037
2 0.42592592592592593 0.5203703703703704 0.03518518518518519 0.037037037037037035
2 0.5824074074074074 0.6935185185185185 0.03611111111111111 0.037037037037037035
3 0.5861111111111111 0.5388888888888889 0.04259259259259259 0.046296296296296294
0 0.674074074074074 0.5148148148148148 0.032407407407407406 0.03425925925925926
0 0.2861111111111111 0.6675925925925926 0.03518518518518519 0.03518518518518519
2 0.7888888888888889 0.9898148148148148 0.037037037037037035 0.019444444444444445
0 0.5166666666666667 0.43796296296296294 0.03333333333333333 0.03611111111111111
2 0.40555555555555556 0.6731481481481482 0.03518518518518519 0.037037037037037035
2 0.5861111111111111 0.6027777777777777 0.03518518518518519 0.03518518518518519
2 0.38055555555555554 0.6222222222222222 0.037037037037037035 0.03518518518518519
0 0.6342592592592593 0.7148148148148148 0.03425925925925926 0.03425925925925926
2 0.5731481481481482 0.27870370370370373 0.037037037037037035 0.03796296296296296
2 0.4638888888888889 0.7037037037037037 0.03518518518518519 0.03425925925925926
0 0.5435185185185185 0.6166666666666667 0.03333333333333333 0.03333333333333333
2 0.537962962962963 0.38796296296296295 0.03796296296296296 0.03518518518518519
0 0.6768518518518518 0.5657407407407408 0.03425925925925926 0.03425925925925926
0 0.6990740740740741 0.6111111111111112 0.03148148148148148 0.032407407407407406
0 0.6351851851851852 0.6435185185185185 0.03425925925925926 0.03518518518518519
0 0.5777777777777777 0.6546296296296297 0.03425925925925926 0.032407407407407406
0 0.8453703703703703 0.9925925925925926 0.027777777777777776 0.013888888888888888
0 0.7074074074074074 0.4759259259259259 0.032407407407407406 0.032407407407407406