3 0.5148148148148148 0.5851851851851851 0.11018518518518519 0.09074074074074075
2 0.3824074074074074 0.5796296296296296 0.09814814814814815 0.0787037037037037
3 0.6972222222222222 0.5166666666666667 0.11018518518518519 0.09537037037037037
0 0.4703703703703704 0.5175925925925926 0.08611111111111111 0.06666666666666667
2 0.5833333333333334 0.4666666666666667 0.10555555555555556 0.0787037037037037
3 0.3277777777777778 0.4675925925925926 0.1175925925925926 0.09074074074074075
3 0.4564814814814815 0.43425925925925923 0.11481481481481481 0.09074074074074075
1 0.7324074074074074 0.387037037037037 0.10092592592592593 0.08333333333333333
0 0.6129629629629629 0.37222222222222223 0.08148148148148149 0.06666666666666667
1 0.24259259259259258 0.4064814814814815 0.09537037037037037 0.08148148148148149
3 0.525 0.3453703703703704 0.11481481481481481 0.09074074074074075
3 0.33055555555555555 0.33796296296296297 0.11018518518518519 0.09074074074074075