3 0.6324074074074074 0.6666666666666666 0.058333333333333334 0.05925925925925926
2 0.3138888888888889 0.7407407407407407 0.05 0.05462962962962963
0 0.2972222222222222 0.6287037037037037 0.04814814814814815 0.05
1 0.27037037037037037 0.49074074074074076 0.05740740740740741 0.05648148148148148
1 0.4601851851851852 0.7398148148148148 0.05185185185185185 0.05462962962962963
3 0.23333333333333334 0.38055555555555554 0.062037037037037036 0.06296296296296296
1 0.48148148148148145 0.525 0.05277777777777778 0.05555555555555555
1 0.21388888888888888 0.5657407407407408 0.05462962962962963 0.05740740740740741
0 0.7287037037037037 0.6805555555555556 0.04537037037037037 0.049074074074074076
2 0.5175925925925926 0.7574074074074074 0.046296296296296294 0.05092592592592592
3 0.712037037037037 0.5388888888888889 0.06018518518518518 0.05925925925925926
3 0.7796296296296297 0.5046296296296297 0.062037037037037036 0.06018518518518518
3 0.6388888888888888 0.40555555555555556 0.05925925925925926 0.06018518518518518
1 0.4703703703703704 0.45 0.05185185185185185 0.05277777777777778
3 0.7268518518518519 0.5962962962962963 0.06111111111111111 0.05925925925925926
3 0.3388888888888889 0.5740740740740741 0.06388888888888888 0.06481481481481481
2 0.4925925925925926 0.6712962962962963 0.046296296296296294 0.046296296296296294
3 0.4962962962962963 0.5879629629629629 0.06018518518518518 0.06296296296296296
1 0.43425925925925923 0.4925925925925926 0.05740740740740741 0.05740740740740741
2 0.40370370370370373 0.675 0.04537037037037037 0.05277777777777778
0 0.3768518518518518 0.6425925925925926 0.041666666666666664 0.040740740740740744
1 0.6574074074074074 0.5898148148148148 0.05277777777777778 0.053703703703703705
2 0.6148148148148148 0.7768518518518519 0.046296296296296294 0.05185185185185185
1 0.3824074074074074 0.4824074074074074 0.053703703703703705 0.05277777777777778
2 0.7777777777777778 0.5805555555555556 0.046296296296296294 0.04537037037037037
2 0.34629629629629627 0.38796296296296295 0.04537037037037037 0.04722222222222222
0 0.41574074074074074 0.4 0.04259259259259259 0.040740740740740744
3 0.2824074074074074 0.4222222222222222 0.06018518518518518 0.05925925925925926
2 0.4064814814814815 0.6046296296296296 0.05185185185185185 0.05277777777777778
2 0.5527777777777778 0.5944444444444444 0.044444444444444446 0.046296296296296294
2 0.7148148148148148 0.36944444444444446 0.046296296296296294 0.05
1 0.6027777777777777 0.5564814814814815 0.053703703703703705 0.053703703703703705
2 0.4564814814814815 0.8027777777777778 0.04814814814814815 0.05277777777777778
2 0.5546296296296296 0.5314814814814814 0.04537037037037037 0.04537037037037037
0 0.6046296296296296 0.7212962962962963 0.04351851851851852 0.04722222222222222
0 0.3212962962962963 0.5148148148148148 0.04537037037037037 0.04722222222222222
0 0.6268518518518519 0.4564814814814815 0.044444444444444446 0.046296296296296294
1 0.38796296296296295 0.5435185185185185 0.05648148148148148 0.053703703703703705
2 0.5296296296296297 0.48148148148148145 0.05092592592592592 0.04722222222222222
2 0.5157407407407407 0.4212962962962963 0.049074074074074076 0.05092592592592592
0 0.5722222222222222 0.6712962962962963 0.041666666666666664 0.04537037037037037
2 0.7083333333333334 0.4740740740740741 0.04259259259259259 0.049074074074074076
1 0.3287037037037037 0.46574074074074073 0.05185185185185185 0.049074074074074076