1 0.5462962962962963 0.6722222222222223 0.03425925925925926 0.03518518518518519
3 0.8833333333333333 0.6777777777777778 0.041666666666666664 0.041666666666666664
3 0.5657407407407408 0.5370370370370371 0.03796296296296296 0.03518518518518519
3 0.3490740740740741 0.4222222222222222 0.041666666666666664 0.03888888888888889
3 0.6037037037037037 0.5722222222222222 0.03796296296296296 0.041666666666666664
3 0.7305555555555555 0.7148148148148148 0.03981481481481482 0.03888888888888889
3 0.562037037037037 0.5814814814814815 0.03796296296296296 0.03796296296296296
3 0.7083333333333334 0.5611111111111111 0.03981481481481482 0.03981481481481482
3 0.5972222222222222 0.6833333333333333 0.03981481481481482 0.03888888888888889
3 0.5777777777777777 0.6194444444444445 0.03981481481481482 0.040740740740740744
3 0.5425925925925926 0.4287037037037037 0.03796296296296296 0.03981481481481482
3 0.7361111111111112 0.3861111111111111 0.03611111111111111 0.03796296296296296
3 0.41388888888888886 0.575925925925926 0.037037037037037035 0.04259259259259259
1 0.3416666666666667 0.5388888888888889 0.037037037037037035 0.03518518518518519
3 0.4981481481481482 0.32314814814814813 0.03981481481481482 0.040740740740740744
1 0.6527777777777778 0.4361111111111111 0.03518518518518519 0.03611111111111111
3 0.6805555555555556 0.6083333333333333 0.03888888888888889 0.03796296296296296
3 0.5398148148148149 0.7842592592592592 0.03796296296296296 0.040740740740740744
2 0.34074074074074073 0.3351851851851852 0.032407407407407406 0.03425925925925926
3 0.4351851851851852 0.47314814814814815 0.03981481481481482 0.03981481481481482
1 0.3962962962962963 0.7620370370370371 0.037037037037037035 0.03425925925925926
1 0.8083333333333333 0.3888888888888889 0.03425925925925926 0.03425925925925926
0 0.4203703703703704 0.2388888888888889 0.028703703703703703 0.028703703703703703
1 0.7074074074074074 0.6638888888888889 0.03611111111111111 0.03796296296296296
2 0.7777777777777778 0.3194444444444444 0.02962962962962963 0.030555555555555555
2 0.25 0.4398148148148148 0.03148148148148148 0.032407407407407406
2 0.4324074074074074 0.5166666666666667 0.030555555555555555 0.03425925925925926
3 0.49537037037037035 0.4083333333333333 0.03981481481481482 0.03796296296296296
1 0.5509259259259259 0.7305555555555555 0.03611111111111111 0.03888888888888889
2 0.6574074074074074 0.30185185185185187 0.03425925925925926 0.03333333333333333
1 0.48703703703703705 0.4935185185185185 0.03425925925925926 0.03518518518518519
2 0.5546296296296296 0.4777777777777778 0.032407407407407406 0.03333333333333333
3 0.8666666666666667 0.47685185185185186 0.03981481481481482 0.041666666666666664
2 0.8046296296296296 0.3277777777777778 0.02962962962962963 0.03148148148148148
0 0.7425925925925926 0.4537037037037037 0.02962962962962963 0.03148148148148148
0 0.6101851851851852 0.7296296296296296 0.02962962962962963 0.032407407407407406
2 0.6361111111111111 0.6407407407407407 0.030555555555555555 0.03333333333333333
2 0.5324074074074074 0.23703703703703705 0.030555555555555555 0.03148148148148148
2 0.3925925925925926 0.3194444444444444 0.030555555555555555 0.03148148148148148
1 0.7666666666666667 0.5648148148148148 0.03518518518518519 0.03518518518518519
2 0.5824074074074074 0.5027777777777778 0.02962962962962963 0.030555555555555555
1 0.6240740740740741 0.36944444444444446 0.03425925925925926 0.03611111111111111
2 0.8166666666666667 0.7129629629629629 0.03333333333333333 0.03518518518518519
3 0.4981481481481482 0.27870370370370373 0.03981481481481482 0.03796296296296296
2 0.45925925925925926 0.35833333333333334 0.02962962962962963 0.03148148148148148
1 0.7712962962962963 0.65 0.03425925925925926 0.03611111111111111
2 0.7907407407407407 0.7546296296296297 0.03425925925925926 0.03333333333333333
3 0.8148148148148148 0.47685185185185186 0.03888888888888889 0.044444444444444446
2 0.8685185185185185 0.6018518518518519 0.032407407407407406 0.03425925925925926
2 0.3768518518518518 0.44351851851851853 0.028703703703703703 0.030555555555555555
2 0.8481481481481481 0.44074074074074077 0.03148148148148148 0.03425925925925926
2 0.9064814814814814 0.55 0.03148148148148148 0.032407407407407406
2 0.5879629629629629 0.4361111111111111 0.032407407407407406 0.03333333333333333
0 0.6712962962962963 0.36944444444444446 0.030555555555555555 0.028703703703703703
2 0.9259259259259259 0.7185185185185186 0.03611111111111111 0.03611111111111111
2 0.6305555555555555 0.4842592592592593 0.030555555555555555 0.030555555555555555
0 0.3111111111111111 0.29814814814814816 0.028703703703703703 0.028703703703703703
2 0.4398148148148148 0.6074074074074074 0.028703703703703703 0.028703703703703703
2 0.9120370370370371 0.6194444444444445 0.03425925925925926 0.03148148148148148
0 0.3861111111111111 0.2898148148148148 0.028703703703703703 0.026851851851851852
2 0.5333333333333333 0.2796296296296296 0.03148148148148148 0.032407407407407406
2 0.6342592592592593 0.549074074074074 0.028703703703703703 0.030555555555555555
2 0.5277777777777778 0.3861111111111111 0.02962962962962963 0.02962962962962963
2 0.7148148148148148 0.7703703703703704 0.03148148148148148 0.032407407407407406
1 0.6092592592592593 0.5212962962962963 0.032407407407407406 0.032407407407407406
2 0.4148148148148148 0.37592592592592594 0.030555555555555555 0.02962962962962963
0 0.46574074074074073 0.6675925925925926 0.02962962962962963 0.02962962962962963
2 0.8194444444444444 0.5481481481481482 0.032407407407407406 0.032407407407407406
2 0.6861111111111111 0.7509259259259259 0.030555555555555555 0.03148148148148148
0 0.674074074074074 0.4842592592592593 0.02962962962962963 0.026851851851851852
2 0.6898148148148148 0.4009259259259259 0.03333333333333333 0.03425925925925926
2 0.5601851851851852 0.28888888888888886 0.028703703703703703 0.02962962962962963
0 0.24166666666666667 0.5657407407407408 0.02962962962962963 0.026851851851851852
2 0.7574074074074074 0.4824074074074074 0.027777777777777776 0.032407407407407406
0 0.7185185185185186 0.6166666666666667 0.02962962962962963 0.03148148148148148
0 0.3972222222222222 0.6685185185185185 0.026851851851851852 0.026851851851851852
0 0.5833333333333334 0.7861111111111111 0.028703703703703703 0.025925925925925925
0 0.9101851851851852 0.5027777777777778 0.02962962962962963 0.03148148148148148
2 0.5296296296296297 0.5685185185185185 0.02962962962962963 0.03333333333333333
0 0.49537037037037035 0.7287037037037037 0.028703703703703703 0.02962962962962963
2 0.6907407407407408 0.29814814814814816 0.032407407407407406 0.03148148148148148
0 0.5185185185185185 0.6351851851851852 0.03425925925925926 0.030555555555555555
2 0.4305555555555556 0.7685185185185185 0.03425925925925926 0.032407407407407406
2 0.2935185185185185 0.6138888888888889 0.03333333333333333 0.030555555555555555
2 0.46944444444444444 0.7666666666666667 0.03518518518518519 0.03148148148148148
2 0.5907407407407408 0.7574074074074074 0.032407407407407406 0.03333333333333333
2 0.6787037037037037 0.5111111111111111 0.030555555555555555 0.032407407407407406
2 0.36203703703703705 0.48333333333333334 0.02962962962962963 0.030555555555555555
2 0.45 0.287962962962963 0.03148148148148148 0.032407407407407406
2 0.8601851851851852 0.5592592592592592 0.03148148148148148 0.03333333333333333
0 0.7379629629629629 0.525 0.028703703703703703 0.030555555555555555
2 0.8870370370370371 0.5166666666666667 0.03333333333333333 0.037037037037037035
2 0.30277777777777776 0.5861111111111111 0.03148148148148148 0.030555555555555555
2 0.4537037037037037 0.387037037037037 0.02962962962962963 0.030555555555555555
0 0.7638888888888888 0.7240740740740741 0.027777777777777776 0.02962962962962963
0 0.6453703703703704 0.7694444444444445 0.028703703703703703 0.02962962962962963
2 0.462037037037037 0.4185185185185185 0.028703703703703703 0.02962962962962963
2 0.5861111111111111 0.2564814814814815 0.03148148148148148 0.03148148148148148
2 0.6981481481481482 0.35185185185185186 0.03148148148148148 0.03148148148148148
0 0.8416666666666667 0.6444444444444445 0.028703703703703703 0.028703703703703703
0 0.812962962962963 0.6240740740740741 0.02962962962962963 0.028703703703703703
0 0.4537037037037037 0.7092592592592593 0.030555555555555555 0.030555555555555555
1 0.850925925925926 0.4064814814814815 0.03796296296296296 0.03518518518518519
0 0.41944444444444445 0.7212962962962963 0.02962962962962963 0.02962962962962963
2 0.4787037037037037 0.5583333333333333 0.030555555555555555 0.03148148148148148
0 0.4046296296296296 0.47129629629629627 0.026851851851851852 0.028703703703703703
2 0.8787037037037037 0.7416666666666667 0.03425925925925926 0.03611111111111111
2 0.5925925925925926 0.2898148148148148 0.030555555555555555 0.03425925925925926
0 0.6648148148148149 0.7194444444444444 0.026851851851851852 0.030555555555555555
0 0.549074074074074 0.32222222222222224 0.027777777777777776 0.026851851851851852
2 0.775 0.387037037037037 0.030555555555555555 0.030555555555555555