1 0.562962962962963 0.30462962962962964 0.1388888888888889 0.1388888888888889
3 0.3768518518518518 0.33240740740740743 0.15 0.15462962962962962
3 0.23055555555555557 0.44074074074074077 0.14444444444444443 0.1398148148148148
2 0.5675925925925925 0.45 0.12962962962962962 0.13240740740740742
2 0.7509259259259259 0.45 0.11851851851851852 0.13240740740740742
0 0.44074074074074077 0.48518518518518516 0.11388888888888889 0.10833333333333334
2 0.3055555555555556 0.5703703703703704 0.12129629629629629 0.12037037037037036
3 0.6722222222222223 0.6194444444444445 0.15462962962962962 0.1537037037037037
3 0.5138888888888888 0.6222222222222222 0.14629629629629629 0.15092592592592594
0 0.38425925925925924 0.6814814814814815 0.10092592592592593 0.10555555555555556
1 0.25 0.6990740740740741 0.1388888888888889 0.13425925925925927
3 0.46296296296296297 0.8111111111111111 0.14444444444444443 0.14444444444444443
3 0.6472222222222223 0.8166666666666667 0.15462962962962962 0.16111111111111112
2 0.3037037037037037 0.8657407407407407 0.12129629629629629 0.12129629629629629