3 0.49074074074074076 0.6787037037037037 0.16574074074074074 0.125
2 0.7574074074074074 0.6777777777777778 0.1388888888888889 0.11018518518518519
3 0.18888888888888888 0.5740740740740741 0.16296296296296298 0.125
0 0.6046296296296296 0.5712962962962963 0.12685185185185185 0.09537037037037037
2 0.3574074074074074 0.4925925925925926 0.14629629629629629 0.10555555555555556
3 0.8435185185185186 0.45185185185185184 0.175 0.1388888888888889
3 0.5555555555555556 0.4305555555555556 0.1824074074074074 0.13148148148148148
0 0.3101851851851852 0.3787037037037037 0.12962962962962962 0.09814814814814815
1 0.09259259259259259 0.36203703703703705 0.1537037037037037 0.11018518518518519
1 0.975925925925926 0.2916666666666667 0.04722222222222222 0.14166666666666666
3 0.4287037037037037 0.24166666666666667 0.1824074074074074 0.14166666666666666
3 0.7148148148148148 0.21851851851851853 0.18703703703703703 0.15555555555555556