0 0.3685185185185185 0.5546296296296296 0.08981481481481482 0.06851851851851852
1 0.412962962962963 0.3685185185185185 0.11203703703703703 0.08425925925925926
1 0.4722222222222222 0.4787037037037037 0.10555555555555556 0.08055555555555556
3 0.5231481481481481 0.7277777777777777 0.11944444444444445 0.08425925925925926
3 0.587037037037037 0.5953703703703703 0.12314814814814815 0.09814814814814815
1 0.6027777777777777 0.262037037037037 0.11203703703703703 0.08518518518518518
1 0.6351851851851852 0.4064814814814815 0.10462962962962963 0.0824074074074074
0 0.700925925925926 0.6833333333333333 0.08981481481481482 0.06851851851851852
3 0.7314814814814815 0.5601851851851852 0.125 0.08888888888888889
2 0.07222222222222222 0.562962962962963 0.0962962962962963 0.07314814814814814
2 0.8203703703703704 0.2916666666666667 0.10277777777777777 0.075
2 0.8277777777777777 0.42407407407407405 0.09444444444444444 0.075
2 0.9296296296296296 0.6046296296296296 0.10092592592592593 0.07314814814814814
0 0.1824074074074074 0.549074074074074 0.09351851851851851 0.06481481481481481
3 0.25092592592592594 0.45555555555555555 0.1259259259259259 0.08703703703703704
1 0.28425925925925927 0.6675925925925926 0.10740740740740741 0.08055555555555556