3 0.18981481481481483 0.7398148148148148 0.044444444444444446 0.03888888888888889
1 0.700925925925926 0.4759259259259259 0.03888888888888889 0.037037037037037035
3 0.1388888888888889 0.3861111111111111 0.04351851851851852 0.03888888888888889
3 0.4444444444444444 0.25462962962962965 0.041666666666666664 0.03888888888888889
1 0.7231481481481481 0.4361111111111111 0.03888888888888889 0.03611111111111111
3 0.08425925925925926 0.35185185185185186 0.040740740740740744 0.041666666666666664
1 0.5675925925925925 0.2759259259259259 0.03888888888888889 0.03518518518518519
1 0.6324074074074074 0.5777777777777777 0.03981481481481482 0.03425925925925926
1 0.6518518518518519 0.49907407407407406 0.03796296296296296 0.03611111111111111
1 0.07222222222222222 0.6342592592592593 0.037037037037037035 0.03611111111111111
3 0.4388888888888889 0.7666666666666667 0.04259259259259259 0.040740740740740744
3 0.07777777777777778 0.5675925925925925 0.04259259259259259 0.041666666666666664
1 0.08611111111111111 0.40370370370370373 0.03796296296296296 0.03611111111111111
3 0.65 0.4398148148148148 0.04259259259259259 0.03888888888888889
3 0.19074074074074074 0.6361111111111111 0.04351851851851852 0.03888888888888889
1 0.09444444444444444 0.44722222222222224 0.03888888888888889 0.03796296296296296
1 0.13333333333333333 0.6222222222222222 0.041666666666666664 0.03518518518518519
1 0.4962962962962963 0.26851851851851855 0.03981481481481482 0.03796296296296296
3 0.5407407407407407 0.3277777777777778 0.044444444444444446 0.04259259259259259
1 0.6027777777777777 0.36944444444444446 0.040740740740740744 0.03518518518518519
3 0.5740740740740741 0.600925925925926 0.03981481481481482 0.03611111111111111
1 0.05092592592592592 0.5287037037037037 0.03888888888888889 0.03611111111111111
1 0.3055555555555556 0.7064814814814815 0.03796296296296296 0.03518518518518519
3 0.34814814814814815 0.3175925925925926 0.04259259259259259 0.04351851851851852
3 0.6333333333333333 0.6824074074074075 0.04259259259259259 0.040740740740740744
0 0.7388888888888889 0.39166666666666666 0.03333333333333333 0.02962962962962963
2 0.2361111111111111 0.39166666666666666 0.032407407407407406 0.032407407407407406
3 0.5731481481481482 0.4638888888888889 0.041666666666666664 0.03888888888888889
2 0.5037037037037037 0.3731481481481482 0.03333333333333333 0.03333333333333333
1 0.6787037037037037 0.5731481481481482 0.03611111111111111 0.03518518518518519
3 0.26944444444444443 0.35555555555555557 0.040740740740740744 0.03796296296296296
3 0.5018518518518519 0.6685185185185185 0.03888888888888889 0.037037037037037035
2 0.4824074074074074 0.32314814814814813 0.03425925925925926 0.03425925925925926
0 0.6324074074074074 0.4009259259259259 0.032407407407407406 0.030555555555555555
3 0.7064814814814815 0.5305555555555556 0.04259259259259259 0.03888888888888889
0 0.5305555555555556 0.425 0.03148148148148148 0.032407407407407406
2 0.2972222222222222 0.40925925925925927 0.037037037037037035 0.032407407407407406
2 0.12314814814814815 0.5685185185185185 0.03518518518518519 0.03333333333333333
2 0.046296296296296294 0.48333333333333334 0.03333333333333333 0.032407407407407406
0 0.5953703703703703 0.3212962962962963 0.03333333333333333 0.02962962962962963
1 0.575925925925926 0.7083333333333334 0.040740740740740744 0.040740740740740744
2 0.5694444444444444 0.4064814814814815 0.03333333333333333 0.03333333333333333
0 0.04537037037037037 0.4398148148148148 0.032407407407407406 0.03148148148148148
0 0.13240740740740742 0.42777777777777776 0.03333333333333333 0.02962962962962963
2 0.275 0.6259259259259259 0.03333333333333333 0.032407407407407406
0 0.7638888888888888 0.43796296296296294 0.03148148148148148 0.02962962962962963
0 0.7351851851851852 0.49444444444444446 0.030555555555555555 0.02962962962962963
2 0.7027777777777777 0.35462962962962963 0.03333333333333333 0.032407407407407406
2 0.11018518518518519 0.6638888888888889 0.03148148148148148 0.030555555555555555
1 0.2222222222222222 0.7083333333333334 0.037037037037037035 0.03425925925925926
0 0.7694444444444445 0.5268518518518519 0.03425925925925926 0.02962962962962963
0 0.5879629629629629 0.5064814814814815 0.030555555555555555 0.030555555555555555
0 0.6861111111111111 0.3972222222222222 0.03148148148148148 0.03148148148148148
0 0.1537037037037037 0.33240740740740743 0.030555555555555555 0.028703703703703703
1 0.5333333333333333 0.6314814814814815 0.03611111111111111 0.03518518518518519
3 0.18703703703703703 0.5453703703703704 0.040740740740740744 0.040740740740740744
2 0.24722222222222223 0.7555555555555555 0.032407407407407406 0.03148148148148148
0 0.55 0.3731481481481482 0.030555555555555555 0.02962962962962963
0 0.2574074074074074 0.31203703703703706 0.030555555555555555 0.02962962962962963
2 0.2712962962962963 0.5435185185185185 0.03148148148148148 0.032407407407407406
0 0.30277777777777776 0.7805555555555556 0.030555555555555555 0.028703703703703703
1 0.3907407407407407 0.7268518518518519 0.03518518518518519 0.03518518518518519
3 0.3925925925925926 0.5712962962962963 0.03796296296296296 0.037037037037037035
3 0.32685185185185184 0.37777777777777777 0.040740740740740744 0.041666666666666664
2 0.18888888888888888 0.36944444444444446 0.03611111111111111 0.032407407407407406
2 0.26944444444444443 0.6796296296296296 0.03333333333333333 0.03333333333333333
0 0.5898148148148148 0.5527777777777778 0.030555555555555555 0.030555555555555555
0 0.4703703703703704 0.6398148148148148 0.030555555555555555 0.030555555555555555
0 0.6268518518518519 0.5324074074074074 0.030555555555555555 0.03148148148148148
0 0.35 0.487962962962963 0.02962962962962963 0.027777777777777776
2 0.36203703703703705 0.40370370370370373 0.032407407407407406 0.032407407407407406
2 0.5592592592592592 0.5351851851851852 0.03333333333333333 0.03333333333333333
2 0.13425925925925927 0.48333333333333334 0.03333333333333333 0.03333333333333333
0 0.21851851851851853 0.3388888888888889 0.032407407407407406 0.02962962962962963
0 0.1361111111111111 0.5222222222222223 0.030555555555555555 0.028703703703703703
0 0.20277777777777778 0.5037037037037037 0.030555555555555555 0.028703703703703703
1 0.4925925925925926 0.6018518518518519 0.03611111111111111 0.037037037037037035
0 0.4287037037037037 0.3435185185185185 0.030555555555555555 0.030555555555555555
2 0.45740740740740743 0.37222222222222223 0.03425925925925926 0.03333333333333333
2 0.23796296296296296 0.6583333333333333 0.03611111111111111 0.032407407407407406
2 0.2537037037037037 0.4425925925925926 0.03333333333333333 0.03333333333333333
2 0.3138888888888889 0.4759259259259259 0.032407407407407406 0.032407407407407406
2 0.30277777777777776 0.2962962962962963 0.03148148148148148 0.03425925925925926
0 0.5796296296296296 0.6564814814814814 0.03148148148148148 0.03148148148148148
2 0.17222222222222222 0.5953703703703703 0.03518518518518519 0.03333333333333333
3 0.5138888888888888 0.524074074074074 0.037037037037037035 0.03796296296296296
2 0.09351851851851851 0.5037037037037037 0.032407407407407406 0.032407407407407406
2 0.6175925925925926 0.4703703703703704 0.03148148148148148 0.03148148148148148
2 0.38425925925925924 0.3453703703703704 0.032407407407407406 0.03611111111111111
0 0.43796296296296294 0.30185185185185187 0.02962962962962963 0.030555555555555555
2 0.3861111111111111 0.2740740740740741 0.03333333333333333 0.03148148148148148
0 0.18888888888888888 0.6824074074074075 0.030555555555555555 0.02962962962962963
0 0.1527777777777778 0.7055555555555556 0.030555555555555555 0.028703703703703703
2 0.17407407407407408 0.4648148148148148 0.03333333333333333 0.03333333333333333
0 0.5314814814814814 0.4842592592592593 0.030555555555555555 0.03148148148148148
2 0.48055555555555557 0.4111111111111111 0.032407407407407406 0.032407407407407406
2 0.3509259259259259 0.7472222222222222 0.03333333333333333 0.03148148148148148
2 0.6527777777777778 0.3435185185185185 0.03333333333333333 0.03148148148148148
1 0.23333333333333334 0.5546296296296296 0.037037037037037035 0.03425925925925926
3 0.4388888888888889 0.5972222222222222 0.040740740740740744 0.040740740740740744
3 0.31851851851851853 0.5287037037037037 0.041666666666666664 0.03888888888888889
2 0.40370370370370373 0.3824074074074074 0.03518518518518519 0.03518518518518519
1 0.3296296296296296 0.6277777777777778 0.03611111111111111 0.03518518518518519
2 0.6055555555555555 0.4324074074074074 0.032407407407407406 0.03333333333333333
3 0.43333333333333335 0.4222222222222222 0.03981481481481482 0.041666666666666664
0 0.5388888888888889 0.5731481481481482 0.03148148148148148 0.030555555555555555
3 0.42685185185185187 0.687962962962963 0.04259259259259259 0.041666666666666664
3 0.387037037037037 0.6611111111111111 0.040740740740740744 0.040740740740740744
3 0.2 0.425 0.04259259259259259 0.03796296296296296
2 0.38055555555555554 0.7796296296296297 0.030555555555555555 0.030555555555555555
0 0.30462962962962964 0.6675925925925926 0.032407407407407406 0.030555555555555555
3 0.2388888888888889 0.6037037037037037 0.041666666666666664 0.03981481481481482
2 0.4722222222222222 0.5666666666666667 0.03148148148148148 0.032407407407407406
2 0.2953703703703704 0.7361111111111112 0.03148148148148148 0.032407407407407406
2 0.425 0.6398148148148148 0.030555555555555555 0.03148148148148148
2 0.35555555555555557 0.537962962962963 0.030555555555555555 0.03333333333333333
2 0.45925925925925926 0.7268518518518519 0.030555555555555555 0.02962962962962963
0 0.23703703703703705 0.475 0.027777777777777776 0.028703703703703703
3 0.2722222222222222 0.4981481481481482 0.041666666666666664 0.04259259259259259
0 0.4648148148148148 0.687037037037037 0.028703703703703703 0.02962962962962963
1 0.34814814814814815 0.44351851851851853 0.03425925925925926 0.03796296296296296
0 0.5212962962962963 0.7240740740740741 0.03148148148148148 0.030555555555555555
1 0.3472222222222222 0.587037037037037 0.037037037037037035 0.03796296296296296
2 0.6175925925925926 0.6185185185185185 0.03333333333333333 0.03148148148148148
3 0.43703703703703706 0.5268518518518519 0.03888888888888889 0.03888888888888889
3 0.3990740740740741 0.462037037037037 0.041666666666666664 0.04351851851851852
3 0.29814814814814816 0.5879629629629629 0.040740740740740744 0.041666666666666664
1 0.3888888888888889 0.5101851851851852 0.037037037037037035 0.037037037037037035
2 0.3851851851851852 0.6148148148148148 0.03148148148148148 0.037037037037037035
2 0.6675925925925926 0.6305555555555555 0.02962962962962963 0.027777777777777776
2 0.7064814814814815 0.6185185185185185 0.030555555555555555 0.027777777777777776
2 0.5444444444444444 0.6925925925925925 0.03611111111111111 0.03611111111111111
3 0.4638888888888889 0.4824074074074074 0.044444444444444446 0.04351851851851852
2 0.5018518518518519 0.45740740740740743 0.03425925925925926 0.03611111111111111
2 0.5314814814814814 0.7638888888888888 0.03611111111111111 0.03518518518518519
0 0.3472222222222222 0.6861111111111111 0.03333333333333333 0.037037037037037035