1 0.275 0.4962962962962963 0.03796296296296296 0.03796296296296296
1 0.49074074074074076 0.7111111111111111 0.03611111111111111 0.03796296296296296
0 0.33611111111111114 0.7361111111111112 0.03148148148148148 0.03333333333333333
1 0.7222222222222222 0.6601851851851852 0.037037037037037035 0.037037037037037035
1 0.6574074074074074 0.39351851851851855 0.03611111111111111 0.03796296296296296
1 0.4148148148148148 0.6462962962962963 0.03796296296296296 0.03981481481481482
1 0.27037037037037037 0.562037037037037 0.03888888888888889 0.03981481481481482
0 0.3055555555555556 0.6861111111111111 0.03148148148148148 0.03333333333333333
1 0.5824074074074074 0.4546296296296296 0.037037037037037035 0.03796296296296296
1 0.3648148148148148 0.5611111111111111 0.03796296296296296 0.03796296296296296
1 0.5462962962962963 0.7490740740740741 0.03796296296296296 0.03796296296296296
0 0.325 0.5944444444444444 0.030555555555555555 0.03148148148148148
1 0.524074074074074 0.637962962962963 0.037037037037037035 0.03796296296296296
3 0.4703703703703704 0.6657407407407407 0.03981481481481482 0.04351851851851852
1 0.30185185185185187 0.35462962962962963 0.037037037037037035 0.03796296296296296
0 0.5898148148148148 0.3527777777777778 0.032407407407407406 0.032407407407407406
3 0.7129629629629629 0.575 0.04259259259259259 0.03981481481481482
0 0.7509259259259259 0.5407407407407407 0.030555555555555555 0.03148148148148148
3 0.7027777777777777 0.43425925925925923 0.03981481481481482 0.041666666666666664
2 0.5990740740740741 0.7046296296296296 0.032407407407407406 0.03425925925925926
1 0.5027777777777778 0.5527777777777778 0.037037037037037035 0.037037037037037035
2 0.3861111111111111 0.6037037037037037 0.03333333333333333 0.03425925925925926
2 0.6620370370370371 0.4962962962962963 0.032407407407407406 0.032407407407407406
0 0.33240740740740743 0.40555555555555556 0.032407407407407406 0.03333333333333333
1 0.7518518518518519 0.4648148148148148 0.037037037037037035 0.03611111111111111
2 0.5425925925925926 0.6925925925925925 0.03333333333333333 0.03333333333333333
3 0.5638888888888889 0.5712962962962963 0.041666666666666664 0.041666666666666664
1 0.43796296296296294 0.55 0.03796296296296296 0.03796296296296296
0 0.6527777777777778 0.5574074074074075 0.030555555555555555 0.032407407407407406
1 0.5787037037037037 0.6509259259259259 0.037037037037037035 0.03888888888888889
2 0.44722222222222224 0.3648148148148148 0.03425925925925926 0.03611111111111111
3 0.6444444444444445 0.44722222222222224 0.044444444444444446 0.041666666666666664
0 0.6388888888888888 0.6648148148148149 0.030555555555555555 0.03148148148148148
2 0.32314814814814813 0.5305555555555556 0.032407407407407406 0.03333333333333333
3 0.30277777777777776 0.6398148148148148 0.041666666666666664 0.044444444444444446
2 0.6935185185185185 0.6981481481481482 0.03333333333333333 0.03425925925925926
2 0.525 0.4388888888888889 0.03425925925925926 0.03425925925925926
2 0.6083333333333333 0.4009259259259259 0.03425925925925926 0.03425925925925926
0 0.6203703703703703 0.6203703703703703 0.030555555555555555 0.03148148148148148
0 0.35833333333333334 0.6388888888888888 0.03148148148148148 0.032407407407407406
2 0.6453703703703704 0.34444444444444444 0.03518518518518519 0.03611111111111111
3 0.47314814814814815 0.7509259259259259 0.04351851851851852 0.04259259259259259
0 0.5333333333333333 0.37962962962962965 0.030555555555555555 0.030555555555555555
2 0.612037037037037 0.5685185185185185 0.03333333333333333 0.03333333333333333
2 0.4527777777777778 0.4166666666666667 0.03333333333333333 0.03425925925925926
2 0.75 0.6203703703703703 0.03518518518518519 0.03518518518518519
3 0.4842592592592593 0.3398148148148148 0.041666666666666664 0.041666666666666664
0 0.35 0.6768518518518518 0.03148148148148148 0.03333333333333333
3 0.5509259259259259 0.5166666666666667 0.040740740740740744 0.04259259259259259
2 0.5 0.5953703703703703 0.032407407407407406 0.03333333333333333
1 0.4722222222222222 0.4638888888888889 0.037037037037037035 0.037037037037037035
2 0.675 0.6185185185185185 0.03333333333333333 0.03333333333333333
2 0.3490740740740741 0.4824074074074074 0.03333333333333333 0.03333333333333333
2 0.6037037037037037 0.5055555555555555 0.032407407407407406 0.032407407407407406
0 0.5259259259259259 0.4759259259259259 0.02962962962962963 0.02962962962962963
3 0.3972222222222222 0.40370370370370373 0.04259259259259259 0.041666666666666664
2 0.4888888888888889 0.5101851851851852 0.032407407407407406 0.03333333333333333
3 0.42592592592592593 0.7185185185185186 0.041666666666666664 0.04259259259259259
2 0.7074074074074074 0.49907407407407406 0.03333333333333333 0.03518518518518519
2 0.7787037037037037 0.5111111111111111 0.032407407407407406 0.03333333333333333
2 0.28703703703703703 0.4527777777777778 0.03518518518518519 0.032407407407407406
2 0.4148148148148148 0.5 0.032407407407407406 0.03333333333333333
2 0.3787037037037037 0.712037037037037 0.03611111111111111 0.03333333333333333
0 0.4527777777777778 0.6138888888888889 0.03333333333333333 0.032407407407407406
0 0.3814814814814815 0.3398148148148148 0.03148148148148148 0.032407407407407406
0 0.42407407407407405 0.45185185185185184 0.03148148148148148 0.03148148148148148