1 0.30462962962962964 0.43703703703703706 0.1388888888888889 0.1388888888888889
3 0.33240740740740743 0.6231481481481481 0.15462962962962962 0.15
3 0.44074074074074077 0.7694444444444445 0.1398148148148148 0.14444444444444443
2 0.45 0.4324074074074074 0.13240740740740742 0.12962962962962962
2 0.45 0.2490740740740741 0.13240740740740742 0.11851851851851852
0 0.48518518518518516 0.5592592592592592 0.10833333333333334 0.11388888888888889
2 0.5703703703703704 0.6944444444444444 0.12037037037037036 0.12129629629629629
3 0.6194444444444445 0.3277777777777778 0.1537037037037037 0.15462962962962962
3 0.6222222222222222 0.4861111111111111 0.15092592592592594 0.14629629629629629
0 0.6814814814814815 0.6157407407407407 0.10555555555555556 0.10092592592592593
1 0.6990740740740741 0.75 0.13425925925925927 0.1388888888888889
3 0.8111111111111111 0.5370370370370371 0.14444444444444443 0.14444444444444443
3 0.8166666666666667 0.3527777777777778 0.16111111111111112 0.15462962962962962
2 0.8657407407407407 0.6962962962962963 0.12129629629629629 0.12129629629629629