1 0.28425925925925927 0.6675925925925926 0.11666666666666667 0.08055555555555556
1 0.47314814814814815 0.48055555555555557 0.11388888888888889 0.0824074074074074
1 0.6370370370370371 0.4083333333333333 0.10277777777777777 0.0824074074074074
1 0.4166666666666667 0.37037037037037035 0.10925925925925926 0.08055555555555556
1 0.6 0.2638888888888889 0.11851851851851852 0.09351851851851851
0 0.362962962962963 0.5555555555555556 0.10277777777777777 0.06388888888888888
0 0.18055555555555555 0.55 0.10277777777777777 0.07314814814814814
0 0.6972222222222222 0.6824074074074075 0.08981481481481482 0.07314814814814814
2 0.06851851851851852 0.5611111111111111 0.10925925925925926 0.07314814814814814
2 0.8222222222222222 0.28888888888888886 0.0962962962962963 0.07777777777777778
2 0.9324074074074075 0.6055555555555555 0.09814814814814815 0.06944444444444445
2 0.8314814814814815 0.4222222222222222 0.09166666666666666 0.07592592592592592
3 0.2462962962962963 0.45555555555555555 0.11851851851851852 0.08703703703703704
3 0.7296296296296296 0.5601851851851852 0.12129629629629629 0.08888888888888889
3 0.6703703703703704 0.525 0.002777777777777778 0.004629629629629629
3 0.5212962962962963 0.7287037037037037 0.12314814814814815 0.08703703703703704
3 0.5879629629629629 0.5972222222222222 0.125 0.09351851851851851