3 0.4962962962962963 0.5472222222222223 0.10555555555555556 0.08333333333333333
2 0.37037037037037035 0.5407407407407407 0.09537037037037037 0.0787037037037037
3 0.6694444444444444 0.4824074074074074 0.10555555555555556 0.08888888888888889
0 0.4527777777777778 0.48055555555555557 0.08333333333333333 0.06666666666666667
2 0.5611111111111111 0.43148148148148147 0.10092592592592593 0.07685185185185185
3 0.31851851851851853 0.4324074074074074 0.11296296296296296 0.08888888888888889
3 0.4398148148148148 0.4027777777777778 0.11018518518518519 0.08888888888888889
1 0.7027777777777777 0.35555555555555557 0.09537037037037037 0.0787037037037037
0 0.5898148148148148 0.3425925925925926 0.0787037037037037 0.06481481481481481
1 0.2351851851851852 0.375 0.09074074074074075 0.07685185185185185
3 0.5074074074074074 0.3175925925925926 0.11018518518518519 0.08611111111111111
3 0.3212962962962963 0.3101851851851852 0.10555555555555556 0.08333333333333333