3 0.3212962962962963 0.49074074074074076 0.125 0.16574074074074074
2 0.32222222222222224 0.7574074074074074 0.11018518518518519 0.1388888888888889
3 0.42592592592592593 0.18888888888888888 0.125 0.16296296296296298
0 0.4287037037037037 0.6046296296296296 0.09537037037037037 0.12685185185185185
2 0.5074074074074074 0.3574074074074074 0.10555555555555556 0.14629629629629629
3 0.5481481481481482 0.8435185185185186 0.1388888888888889 0.175
3 0.5694444444444444 0.5555555555555556 0.13148148148148148 0.1824074074074074
0 0.6212962962962963 0.3101851851851852 0.09814814814814815 0.12962962962962962
1 0.637962962962963 0.09259259259259259 0.11018518518518519 0.1537037037037037
1 0.7083333333333334 0.975925925925926 0.14166666666666666 0.04722222222222222
3 0.7583333333333333 0.4287037037037037 0.14166666666666666 0.1824074074074074
3 0.7814814814814814 0.7148148148148148 0.15555555555555556 0.18703703703703703