0 0.5722222222222222 0.3287037037037037 0.03425925925925926 0.03425925925925926
1 0.39444444444444443 0.5509259259259259 0.041666666666666664 0.040740740740740744
0 0.42314814814814816 0.5935185185185186 0.03518518518518519 0.03518518518518519
0 0.2953703703703704 0.4046296296296296 0.03425925925925926 0.03333333333333333
0 0.4601851851851852 0.6314814814814815 0.03611111111111111 0.03518518518518519
0 0.35833333333333334 0.6444444444444445 0.03518518518518519 0.03518518518518519
3 0.475 0.6824074074074075 0.04537037037037037 0.04722222222222222
3 0.7296296296296296 0.34444444444444444 0.046296296296296294 0.046296296296296294
3 0.2759259259259259 0.7101851851851851 0.04537037037037037 0.04814814814814815
2 0.5685185185185185 0.6564814814814814 0.037037037037037035 0.037037037037037035
3 0.5962962962962963 0.4564814814814815 0.04537037037037037 0.04537037037037037
0 0.44722222222222224 0.39537037037037037 0.03518518518518519 0.03518518518518519
0 0.4777777777777778 0.35648148148148145 0.03518518518518519 0.03518518518518519
0 0.6222222222222222 0.5398148148148149 0.03518518518518519 0.03425925925925926
2 0.5944444444444444 0.2898148148148148 0.03796296296296296 0.03611111111111111
0 0.4583333333333333 0.5398148148148149 0.03518518518518519 0.03425925925925926
1 0.5351851851851852 0.3611111111111111 0.03888888888888889 0.03796296296296296
0 0.6805555555555556 0.5925925925925926 0.03518518518518519 0.03425925925925926
1 0.18055555555555555 0.412962962962963 0.040740740740740744 0.041666666666666664
0 0.7037037037037037 0.5537037037037037 0.03611111111111111 0.03425925925925926
3 0.3453703703703704 0.6962962962962963 0.04814814814814815 0.04722222222222222
0 0.5898148148148148 0.36666666666666664 0.03333333333333333 0.03333333333333333
2 0.21666666666666667 0.4537037037037037 0.03611111111111111 0.03611111111111111
1 0.5361111111111111 0.7129629629629629 0.03888888888888889 0.03981481481481482
1 0.5425925925925926 0.3 0.03888888888888889 0.040740740740740744
0 0.5101851851851852 0.4537037037037037 0.03425925925925926 0.032407407407407406
3 0.7111111111111111 0.41759259259259257 0.04537037037037037 0.04814814814814815
1 0.44537037037037036 0.45185185185185184 0.040740740740740744 0.04259259259259259
3 0.3416666666666667 0.5833333333333334 0.04722222222222222 0.04722222222222222
3 0.7046296296296296 0.49166666666666664 0.04537037037037037 0.044444444444444446
3 0.6722222222222223 0.37962962962962965 0.04537037037037037 0.046296296296296294
3 0.6296296296296297 0.6796296296296296 0.04537037037037037 0.04722222222222222
3 0.24351851851851852 0.5805555555555556 0.04814814814814815 0.046296296296296294
1 0.3861111111111111 0.4740740740740741 0.03981481481481482 0.041666666666666664
1 0.26851851851851855 0.5009259259259259 0.03888888888888889 0.04259259259259259
2 0.5037037037037037 0.6370370370370371 0.037037037037037035 0.03796296296296296
3 0.41388888888888886 0.7018518518518518 0.04537037037037037 0.04722222222222222
1 0.8092592592592592 0.5009259259259259 0.04259259259259259 0.04351851851851852
2 0.21944444444444444 0.5314814814814814 0.037037037037037035 0.03611111111111111
2 0.5712962962962963 0.40925925925925927 0.037037037037037035 0.03611111111111111
2 0.23333333333333334 0.6564814814814814 0.03796296296296296 0.03796296296296296
3 0.5287037037037037 0.5314814814814814 0.04537037037037037 0.044444444444444446
3 0.6166666666666667 0.6194444444444445 0.04814814814814815 0.04537037037037037
2 0.31296296296296294 0.47685185185185186 0.03796296296296296 0.037037037037037035
3 0.7731481481481481 0.4074074074074074 0.04722222222222222 0.04537037037037037
2 0.7462962962962963 0.6129629629629629 0.037037037037037035 0.03611111111111111
1 0.6435185185185185 0.3148148148148148 0.040740740740740744 0.04259259259259259
2 0.4203703703703704 0.5009259259259259 0.037037037037037035 0.03518518518518519
3 0.7064814814814815 0.6666666666666666 0.04537037037037037 0.04537037037037037
2 0.5527777777777778 0.4824074074074074 0.03611111111111111 0.03611111111111111
2 0.6351851851851852 0.43703703703703706 0.03796296296296296 0.03611111111111111
1 0.2638888888888889 0.4546296296296296 0.040740740740740744 0.040740740740740744
3 0.7592592592592593 0.46574074074074073 0.046296296296296294 0.04814814814814815
2 0.31851851851851853 0.5324074074074074 0.037037037037037035 0.037037037037037035
3 0.39351851851851855 0.40555555555555556 0.04814814814814815 0.046296296296296294
3 0.33611111111111114 0.3101851851851852 0.04537037037037037 0.04722222222222222
1 0.17777777777777778 0.3212962962962963 0.03981481481481482 0.04351851851851852
3 0.4740740740740741 0.30092592592592593 0.046296296296296294 0.04814814814814815
2 0.5296296296296297 0.412962962962963 0.037037037037037035 0.037037037037037035
2 0.3472222222222222 0.36203703703703705 0.03611111111111111 0.03611111111111111
2 0.4842592592592593 0.4935185185185185 0.03611111111111111 0.03611111111111111
2 0.48055555555555557 0.5824074074074074 0.03425925925925926 0.03518518518518519
3 0.3351851851851852 0.42962962962962964 0.046296296296296294 0.04537037037037037
0 0.487962962962963 0.40555555555555556 0.032407407407407406 0.03425925925925926
2 0.6240740740740741 0.3814814814814815 0.037037037037037035 0.03611111111111111
2 0.3537037037037037 0.5009259259259259 0.03611111111111111 0.037037037037037035
2 0.3925925925925926 0.21388888888888888 0.03888888888888889 0.03888888888888889
2 0.1388888888888889 0.43333333333333335 0.03796296296296296 0.03888888888888889
1 0.40185185185185185 0.6481481481481481 0.03981481481481482 0.04259259259259259
2 0.5601851851851852 0.5944444444444444 0.037037037037037035 0.03518518518518519
2 0.6759259259259259 0.4546296296296296 0.03611111111111111 0.03518518518518519
3 0.41574074074074074 0.35185185185185186 0.046296296296296294 0.04722222222222222
2 0.2638888888888889 0.38425925925925924 0.03796296296296296 0.03796296296296296
2 0.6657407407407407 0.5342592592592592 0.03425925925925926 0.03611111111111111
0 0.29907407407407405 0.6388888888888888 0.032407407407407406 0.037037037037037035
1 0.32407407407407407 0.2388888888888889 0.04351851851851852 0.040740740740740744
0 0.30185185185185187 0.3592592592592593 0.03518518518518519 0.03518518518518519
2 0.45092592592592595 0.24537037037037038 0.03611111111111111 0.03518518518518519
2 0.6027777777777777 0.49907407407407406 0.037037037037037035 0.037037037037037035
2 0.27870370370370373 0.29444444444444445 0.037037037037037035 0.037037037037037035
2 0.41203703703703703 0.2851851851851852 0.03611111111111111 0.03981481481481482
2 0.7611111111111111 0.5425925925925926 0.03888888888888889 0.037037037037037035
2 0.5814814814814815 0.5518518518518518 0.03425925925925926 0.037037037037037035
2 0.2361111111111111 0.35 0.037037037037037035 0.03981481481481482
2 0.18703703703703703 0.4898148148148148 0.03611111111111111 0.03888888888888889