3 0.5268518518518519 0.4111111111111111 0.14351851851851852 0.17777777777777778
2 0.5324074074074074 0.6287037037037037 0.10555555555555556 0.1361111111111111
3 0.6296296296296297 0.1361111111111111 0.13148148148148148 0.17962962962962964
0 0.6259259259259259 0.4962962962962963 0.09537037037037037 0.1175925925925926
2 0.7083333333333334 0.3175925925925926 0.10277777777777777 0.12685185185185185
3 0.7185185185185186 0.7287037037037037 0.14351851851851852 0.19166666666666668
3 0.7712962962962963 0.5203703703703704 0.13148148148148148 0.17222222222222222
1 0.8351851851851851 0.08148148148148149 0.11944444444444445 0.14351851851851852
1 0.8277777777777777 0.8805555555555555 0.125 0.1675925925925926
0 0.8629629629629629 0.275 0.11018518518518519 0.12222222222222222
3 0.9185185185185185 0.42407407407407405 0.12962962962962962 0.17777777777777778
3 0.9277777777777778 0.7425925925925926 0.13425925925925927 0.18703703703703703