0 0.6712962962962963 0.5722222222222222 0.03425925925925926 0.03425925925925926
1 0.44907407407407407 0.39444444444444443 0.040740740740740744 0.041666666666666664
0 0.4064814814814815 0.42314814814814816 0.03518518518518519 0.03518518518518519
0 0.5953703703703703 0.2953703703703704 0.03333333333333333 0.03425925925925926
0 0.3685185185185185 0.4601851851851852 0.03518518518518519 0.03611111111111111
0 0.35555555555555557 0.35833333333333334 0.03518518518518519 0.03518518518518519
3 0.3175925925925926 0.475 0.04722222222222222 0.04537037037037037
3 0.6555555555555556 0.7296296296296296 0.046296296296296294 0.046296296296296294
3 0.2898148148148148 0.2759259259259259 0.04814814814814815 0.04537037037037037
2 0.3435185185185185 0.5685185185185185 0.037037037037037035 0.037037037037037035
3 0.5435185185185185 0.5962962962962963 0.04537037037037037 0.04537037037037037
0 0.6046296296296296 0.44722222222222224 0.03518518518518519 0.03518518518518519
0 0.6435185185185185 0.4777777777777778 0.03518518518518519 0.03518518518518519
0 0.4601851851851852 0.6222222222222222 0.03425925925925926 0.03518518518518519
2 0.7101851851851851 0.5944444444444444 0.03611111111111111 0.03796296296296296
0 0.4601851851851852 0.4583333333333333 0.03425925925925926 0.03518518518518519
1 0.6388888888888888 0.5351851851851852 0.03796296296296296 0.03888888888888889
0 0.4074074074074074 0.6805555555555556 0.03425925925925926 0.03518518518518519
1 0.587037037037037 0.18055555555555555 0.041666666666666664 0.040740740740740744
0 0.4462962962962963 0.7037037037037037 0.03425925925925926 0.03611111111111111
3 0.3037037037037037 0.3453703703703704 0.04722222222222222 0.04814814814814815
0 0.6333333333333333 0.5898148148148148 0.03333333333333333 0.03333333333333333
2 0.5462962962962963 0.21666666666666667 0.03611111111111111 0.03611111111111111
1 0.28703703703703703 0.5361111111111111 0.03981481481481482 0.03888888888888889
1 0.7 0.5425925925925926 0.040740740740740744 0.03888888888888889
0 0.5462962962962963 0.5101851851851852 0.032407407407407406 0.03425925925925926
3 0.5824074074074074 0.7111111111111111 0.04814814814814815 0.04537037037037037
1 0.5481481481481482 0.44537037037037036 0.04259259259259259 0.040740740740740744
3 0.4166666666666667 0.3416666666666667 0.04722222222222222 0.04722222222222222
3 0.5083333333333333 0.7046296296296296 0.044444444444444446 0.04537037037037037
3 0.6203703703703703 0.6722222222222223 0.046296296296296294 0.04537037037037037
3 0.32037037037037036 0.6296296296296297 0.04722222222222222 0.04537037037037037
3 0.41944444444444445 0.24351851851851852 0.046296296296296294 0.04814814814814815
1 0.5259259259259259 0.3861111111111111 0.041666666666666664 0.03981481481481482
1 0.49907407407407406 0.26851851851851855 0.04259259259259259 0.03888888888888889
2 0.362962962962963 0.5037037037037037 0.03796296296296296 0.037037037037037035
3 0.29814814814814816 0.41388888888888886 0.04722222222222222 0.04537037037037037
1 0.49907407407407406 0.8092592592592592 0.04351851851851852 0.04259259259259259
2 0.4685185185185185 0.21944444444444444 0.03611111111111111 0.037037037037037035
2 0.5907407407407408 0.5712962962962963 0.03611111111111111 0.037037037037037035
2 0.3435185185185185 0.23333333333333334 0.03796296296296296 0.03796296296296296
3 0.4685185185185185 0.5287037037037037 0.044444444444444446 0.04537037037037037
3 0.38055555555555554 0.6166666666666667 0.04537037037037037 0.04814814814814815
2 0.5231481481481481 0.31296296296296294 0.037037037037037035 0.03796296296296296
3 0.5925925925925926 0.7731481481481481 0.04537037037037037 0.04722222222222222
2 0.387037037037037 0.7462962962962963 0.03611111111111111 0.037037037037037035
1 0.6851851851851852 0.6435185185185185 0.04259259259259259 0.040740740740740744
2 0.49907407407407406 0.4203703703703704 0.03518518518518519 0.037037037037037035
3 0.3333333333333333 0.7064814814814815 0.04537037037037037 0.04537037037037037
2 0.5175925925925926 0.5527777777777778 0.03611111111111111 0.03611111111111111
2 0.562962962962963 0.6351851851851852 0.03611111111111111 0.03796296296296296
1 0.5453703703703704 0.2638888888888889 0.040740740740740744 0.040740740740740744
3 0.5342592592592592 0.7592592592592593 0.04814814814814815 0.046296296296296294
2 0.4675925925925926 0.31851851851851853 0.037037037037037035 0.037037037037037035
3 0.5944444444444444 0.39351851851851855 0.046296296296296294 0.04814814814814815
3 0.6898148148148148 0.33611111111111114 0.04722222222222222 0.04537037037037037
1 0.6787037037037037 0.17777777777777778 0.04351851851851852 0.03981481481481482
3 0.6990740740740741 0.4740740740740741 0.04814814814814815 0.046296296296296294
2 0.587037037037037 0.5296296296296297 0.037037037037037035 0.037037037037037035
2 0.637962962962963 0.3472222222222222 0.03611111111111111 0.03611111111111111
2 0.5064814814814815 0.4842592592592593 0.03611111111111111 0.03611111111111111
2 0.41759259259259257 0.48055555555555557 0.03518518518518519 0.03425925925925926
3 0.5703703703703704 0.3351851851851852 0.04537037037037037 0.046296296296296294
0 0.5944444444444444 0.487962962962963 0.03425925925925926 0.032407407407407406
2 0.6185185185185185 0.6240740740740741 0.03611111111111111 0.037037037037037035
2 0.49907407407407406 0.3537037037037037 0.037037037037037035 0.03611111111111111
2 0.7861111111111111 0.3925925925925926 0.03888888888888889 0.03888888888888889
2 0.5666666666666667 0.1388888888888889 0.03888888888888889 0.03796296296296296
1 0.35185185185185186 0.40185185185185185 0.04259259259259259 0.03981481481481482
2 0.40555555555555556 0.5601851851851852 0.03518518518518519 0.037037037037037035
2 0.5453703703703704 0.6759259259259259 0.03518518518518519 0.03611111111111111
3 0.6481481481481481 0.41574074074074074 0.04722222222222222 0.046296296296296294
2 0.6157407407407407 0.2638888888888889 0.03796296296296296 0.03796296296296296
2 0.46574074074074073 0.6657407407407407 0.03611111111111111 0.03425925925925926
0 0.3611111111111111 0.29907407407407405 0.037037037037037035 0.032407407407407406
1 0.7611111111111111 0.32407407407407407 0.040740740740740744 0.04351851851851852
0 0.6407407407407407 0.30185185185185187 0.03518518518518519 0.03518518518518519
2 0.7546296296296297 0.45092592592592595 0.03518518518518519 0.03611111111111111
2 0.5009259259259259 0.6027777777777777 0.037037037037037035 0.037037037037037035
2 0.7055555555555556 0.27870370370370373 0.037037037037037035 0.037037037037037035
2 0.7148148148148148 0.41203703703703703 0.03981481481481482 0.03611111111111111
2 0.45740740740740743 0.7611111111111111 0.037037037037037035 0.03888888888888889
2 0.44814814814814813 0.5814814814814815 0.037037037037037035 0.03425925925925926
2 0.65 0.2361111111111111 0.03981481481481482 0.037037037037037035
2 0.5101851851851852 0.18703703703703703 0.03888888888888889 0.03611111111111111