1 0.6925925925925925 0.5120370370370371 0.04722222222222222 0.04259259259259259
1 0.6861111111111111 0.45 0.04722222222222222 0.04259259259259259
1 0.6675925925925926 0.5953703703703703 0.04722222222222222 0.04259259259259259
1 0.6111111111111112 0.6546296296296297 0.04722222222222222 0.04259259259259259
1 0.4925925925925926 0.5074074074074074 0.04259259259259259 0.04259259259259259
1 0.6648148148148149 0.6509259259259259 0.04722222222222222 0.04259259259259259
2 0.4185185185185185 0.5111111111111111 0.03611111111111111 0.03796296296296296
2 0.5888888888888889 0.5657407407407408 0.03796296296296296 0.03981481481481482
2 0.6268518518518519 0.5574074074074075 0.03796296296296296 0.03981481481481482
2 0.7055555555555556 0.5768518518518518 0.03796296296296296 0.03981481481481482
2 0.587037037037037 0.4981481481481482 0.03796296296296296 0.03981481481481482
2 0.6157407407407407 0.4203703703703704 0.037037037037037035 0.03796296296296296
2 0.4777777777777778 0.3333333333333333 0.03796296296296296 0.03981481481481482
2 0.4648148148148148 0.625 0.03796296296296296 0.03981481481481482
2 0.562037037037037 0.3388888888888889 0.03796296296296296 0.03981481481481482
0 0.5277777777777778 0.3194444444444444 0.03611111111111111 0.037037037037037035
0 0.6212962962962963 0.5175925925925926 0.03611111111111111 0.03796296296296296
0 0.6444444444444445 0.48703703703703705 0.03611111111111111 0.03796296296296296
0 0.5166666666666667 0.47314814814814815 0.03518518518518519 0.03611111111111111
0 0.5555555555555556 0.4166666666666667 0.03611111111111111 0.03425925925925926
0 0.31296296296296294 0.4648148148148148 0.03611111111111111 0.03611111111111111
0 0.3453703703703704 0.4462962962962963 0.03611111111111111 0.037037037037037035
0 0.3685185185185185 0.4759259259259259 0.03611111111111111 0.03611111111111111
0 0.4740740740740741 0.3731481481481482 0.03611111111111111 0.037037037037037035
0 0.43703703703703706 0.3638888888888889 0.03611111111111111 0.037037037037037035
0 0.6694444444444444 0.5462962962962963 0.03611111111111111 0.03796296296296296
3 0.5666666666666667 0.6055555555555555 0.049074074074074076 0.05
3 0.5166666666666667 0.3888888888888889 0.049074074074074076 0.05
3 0.4425925925925926 0.41203703703703703 0.049074074074074076 0.05
3 0.46574074074074073 0.4638888888888889 0.049074074074074076 0.05
3 0.6212962962962963 0.6055555555555555 0.049074074074074076 0.05
3 0.5148148148148148 0.6333333333333333 0.049074074074074076 0.05
3 0.4074074074074074 0.45555555555555555 0.049074074074074076 0.05
3 0.5805555555555556 0.3787037037037037 0.04722222222222222 0.049074074074074076
3 0.4351851851851852 0.587037037037037 0.046296296296296294 0.04722222222222222
3 0.5037037037037037 0.5712962962962963 0.049074074074074076 0.05
3 0.6314814814814815 0.36666666666666664 0.049074074074074076 0.05
3 0.5370370370370371 0.5231481481481481 0.049074074074074076 0.05
3 0.3990740740740741 0.32407407407407407 0.049074074074074076 0.05
3 0.45 0.2851851851851852 0.049074074074074076 0.05
3 0.5814814814814815 0.45185185185185184 0.049074074074074076 0.05
3 0.4564814814814815 0.5361111111111111 0.049074074074074076 0.05
3 0.387037037037037 0.37407407407407406 0.049074074074074076 0.05
3 0.33425925925925926 0.5046296296296297 0.049074074074074076 0.05
3 0.38425925925925924 0.5462962962962963 0.049074074074074076 0.05