1 0.7157407407407408 0.33240740740740743 0.11666666666666667 0.08055555555555556
1 0.5268518518518519 0.5194444444444445 0.11388888888888889 0.0824074074074074
1 0.362962962962963 0.5916666666666667 0.10277777777777777 0.0824074074074074
1 0.5833333333333334 0.6296296296296297 0.10925925925925926 0.08055555555555556
1 0.4 0.7361111111111112 0.11851851851851852 0.09351851851851851
0 0.6370370370370371 0.4444444444444444 0.10277777777777777 0.06388888888888888
0 0.8194444444444444 0.45 0.10277777777777777 0.07314814814814814
0 0.30277777777777776 0.3175925925925926 0.08981481481481482 0.07314814814814814
2 0.9314814814814815 0.4388888888888889 0.10925925925925926 0.07314814814814814
2 0.17777777777777778 0.7111111111111111 0.0962962962962963 0.07777777777777778
2 0.06759259259259259 0.39444444444444443 0.09814814814814815 0.06944444444444445
2 0.1685185185185185 0.5777777777777777 0.09166666666666666 0.07592592592592592
3 0.7537037037037037 0.5444444444444444 0.11851851851851852 0.08703703703703704
3 0.27037037037037037 0.4398148148148148 0.12129629629629629 0.08888888888888889
3 0.3296296296296296 0.475 0.002777777777777778 0.004629629629629629
3 0.4787037037037037 0.2712962962962963 0.12314814814814815 0.08703703703703704
3 0.41203703703703703 0.4027777777777778 0.125 0.09351851851851851