3 0.5472222222222223 0.5037037037037037 0.08333333333333333 0.10555555555555556
2 0.5407407407407407 0.6296296296296297 0.0787037037037037 0.09537037037037037
3 0.4824074074074074 0.33055555555555555 0.08888888888888889 0.10555555555555556
0 0.48055555555555557 0.5472222222222223 0.06666666666666667 0.08333333333333333
2 0.43148148148148147 0.4388888888888889 0.07685185185185185 0.10092592592592593
3 0.4324074074074074 0.6814814814814815 0.08888888888888889 0.11296296296296296
3 0.4027777777777778 0.5601851851851852 0.08888888888888889 0.11018518518518519
1 0.35555555555555557 0.2972222222222222 0.0787037037037037 0.09537037037037037
0 0.3425925925925926 0.4101851851851852 0.06481481481481481 0.0787037037037037
1 0.375 0.7648148148148148 0.07685185185185185 0.09074074074074075
3 0.3175925925925926 0.4925925925925926 0.08611111111111111 0.11018518518518519
3 0.3101851851851852 0.6787037037037037 0.08333333333333333 0.10555555555555556