3 0.75 0.5601851851851852 0.03888888888888889 0.03888888888888889
3 0.6685185185185185 0.5703703703703704 0.03888888888888889 0.03888888888888889
3 0.39537037037037037 0.5416666666666666 0.03981481481481482 0.03981481481481482
1 0.45925925925925926 0.6083333333333333 0.03518518518518519 0.037037037037037035
3 0.42962962962962964 0.4685185185185185 0.03888888888888889 0.03981481481481482
1 0.5638888888888889 0.5935185185185186 0.03425925925925926 0.03425925925925926
1 0.6203703703703703 0.5407407407407407 0.03425925925925926 0.03518518518518519
3 0.3731481481481482 0.6638888888888889 0.03981481481481482 0.03981481481481482
1 0.33611111111111114 0.5296296296296297 0.03425925925925926 0.03611111111111111
1 0.3 0.47685185185185186 0.03425925925925926 0.03611111111111111
3 0.362962962962963 0.4351851851851852 0.03796296296296296 0.040740740740740744
3 0.5092592592592593 0.5638888888888889 0.03796296296296296 0.03888888888888889
3 0.5037037037037037 0.41388888888888886 0.03796296296296296 0.03981481481481482
1 0.43703703703703706 0.5120370370370371 0.03333333333333333 0.032407407407407406
1 0.3509259259259259 0.6296296296296297 0.03425925925925926 0.03518518518518519
1 0.549074074074074 0.5398148148148149 0.03425925925925926 0.03425925925925926
2 0.6935185185185185 0.44722222222222224 0.03148148148148148 0.03333333333333333
1 0.4888888888888889 0.5083333333333333 0.03425925925925926 0.03518518518518519
2 0.6583333333333333 0.43333333333333335 0.02962962962962963 0.030555555555555555
2 0.6842592592592592 0.5157407407407407 0.030555555555555555 0.032407407407407406
1 0.6805555555555556 0.7055555555555556 0.03425925925925926 0.03611111111111111
2 0.6296296296296297 0.4675925925925926 0.030555555555555555 0.032407407407407406
2 0.6861111111111111 0.6074074074074074 0.030555555555555555 0.03148148148148148
0 0.7407407407407407 0.6055555555555555 0.02962962962962963 0.030555555555555555
2 0.7796296296296297 0.5037037037037037 0.03148148148148148 0.03148148148148148
2 0.262037037037037 0.600925925925926 0.032407407407407406 0.032407407407407406
2 0.7638888888888888 0.4444444444444444 0.02962962962962963 0.030555555555555555
2 0.5712962962962963 0.6518518518518519 0.030555555555555555 0.032407407407407406
1 0.30277777777777776 0.7648148148148148 0.037037037037037035 0.037037037037037035
0 0.6277777777777778 0.5777777777777777 0.028703703703703703 0.028703703703703703
2 0.637962962962963 0.6148148148148148 0.02962962962962963 0.030555555555555555
2 0.2574074074074074 0.5324074074074074 0.032407407407407406 0.032407407407407406
0 0.44722222222222224 0.5481481481481482 0.028703703703703703 0.02962962962962963
2 0.6555555555555556 0.3990740740740741 0.02962962962962963 0.030555555555555555
3 0.7638888888888888 0.6712962962962963 0.040740740740740744 0.040740740740740744
2 0.3648148148148148 0.4787037037037037 0.030555555555555555 0.03148148148148148
0 0.8287037037037037 0.5555555555555556 0.030555555555555555 0.03333333333333333
2 0.5657407407407408 0.43333333333333335 0.030555555555555555 0.032407407407407406
2 0.4685185185185185 0.6759259259259259 0.030555555555555555 0.03425925925925926
0 0.6129629629629629 0.6814814814814815 0.027777777777777776 0.02962962962962963
2 0.40370370370370373 0.5861111111111111 0.03148148148148148 0.03333333333333333
0 0.40370370370370373 0.7074074074074074 0.03148148148148148 0.032407407407407406
0 0.3074074074074074 0.562962962962963 0.02962962962962963 0.02962962962962963
2 0.2833333333333333 0.6370370370370371 0.030555555555555555 0.03425925925925926
2 0.4546296296296296 0.7638888888888888 0.032407407407407406 0.03425925925925926
2 0.5453703703703704 0.7564814814814815 0.030555555555555555 0.03333333333333333
2 0.5361111111111111 0.475 0.030555555555555555 0.03148148148148148
2 0.21851851851851853 0.4212962962962963 0.03148148148148148 0.030555555555555555
0 0.3453703703703704 0.8231481481481482 0.032407407407407406 0.03333333333333333