1 0.5120370370370371 0.3074074074074074 0.04259259259259259 0.04722222222222222
1 0.45 0.3138888888888889 0.04259259259259259 0.04722222222222222
1 0.5953703703703703 0.33240740740740743 0.04259259259259259 0.04722222222222222
1 0.6546296296296297 0.3888888888888889 0.04259259259259259 0.04722222222222222
1 0.5074074074074074 0.5074074074074074 0.04259259259259259 0.04259259259259259
1 0.6509259259259259 0.3351851851851852 0.04259259259259259 0.04722222222222222
2 0.5111111111111111 0.5814814814814815 0.03796296296296296 0.03611111111111111
2 0.5657407407407408 0.4111111111111111 0.03981481481481482 0.03796296296296296
2 0.5574074074074075 0.3731481481481482 0.03981481481481482 0.03796296296296296
2 0.5768518518518518 0.29444444444444445 0.03981481481481482 0.03796296296296296
2 0.4981481481481482 0.412962962962963 0.03981481481481482 0.03796296296296296
2 0.4203703703703704 0.38425925925925924 0.03796296296296296 0.037037037037037035
2 0.3333333333333333 0.5222222222222223 0.03981481481481482 0.03796296296296296
2 0.625 0.5351851851851852 0.03981481481481482 0.03796296296296296
2 0.3388888888888889 0.43796296296296294 0.03981481481481482 0.03796296296296296
0 0.3194444444444444 0.4722222222222222 0.037037037037037035 0.03611111111111111
0 0.5175925925925926 0.3787037037037037 0.03796296296296296 0.03611111111111111
0 0.48703703703703705 0.35555555555555557 0.03796296296296296 0.03611111111111111
0 0.47314814814814815 0.48333333333333334 0.03611111111111111 0.03518518518518519
0 0.4166666666666667 0.4444444444444444 0.03425925925925926 0.03611111111111111
0 0.4648148148148148 0.687037037037037 0.03611111111111111 0.03611111111111111
0 0.4462962962962963 0.6546296296296297 0.037037037037037035 0.03611111111111111
0 0.4759259259259259 0.6314814814814815 0.03611111111111111 0.03611111111111111
0 0.3731481481481482 0.5259259259259259 0.037037037037037035 0.03611111111111111
0 0.3638888888888889 0.562962962962963 0.037037037037037035 0.03611111111111111
0 0.5462962962962963 0.33055555555555555 0.03796296296296296 0.03611111111111111
3 0.6055555555555555 0.43333333333333335 0.05 0.049074074074074076
3 0.3888888888888889 0.48333333333333334 0.05 0.049074074074074076
3 0.41203703703703703 0.5574074074074075 0.05 0.049074074074074076
3 0.4638888888888889 0.5342592592592592 0.05 0.049074074074074076
3 0.6055555555555555 0.3787037037037037 0.05 0.049074074074074076
3 0.6333333333333333 0.48518518518518516 0.05 0.049074074074074076
3 0.45555555555555555 0.5925925925925926 0.05 0.049074074074074076
3 0.3787037037037037 0.41944444444444445 0.049074074074074076 0.04722222222222222
3 0.587037037037037 0.5648148148148148 0.04722222222222222 0.046296296296296294
3 0.5712962962962963 0.4962962962962963 0.05 0.049074074074074076
3 0.36666666666666664 0.3685185185185185 0.05 0.049074074074074076
3 0.5231481481481481 0.46296296296296297 0.05 0.049074074074074076
3 0.32407407407407407 0.600925925925926 0.05 0.049074074074074076
3 0.2851851851851852 0.55 0.05 0.049074074074074076
3 0.45185185185185184 0.4185185185185185 0.05 0.049074074074074076
3 0.5361111111111111 0.5435185185185185 0.05 0.049074074074074076
3 0.37407407407407406 0.6129629629629629 0.05 0.049074074074074076
3 0.5046296296296297 0.6657407407407407 0.05 0.049074074074074076
3 0.5462962962962963 0.6157407407407407 0.05 0.049074074074074076