3 0.4601851851851852 0.4759259259259259 0.03518518518518519 0.03333333333333333
3 0.5814814814814815 0.40555555555555556 0.03148148148148148 0.03148148148148148
3 0.4722222222222222 0.4361111111111111 0.03425925925925926 0.03148148148148148
3 0.5037037037037037 0.4925925925925926 0.03148148148148148 0.030555555555555555
3 0.49722222222222223 0.4027777777777778 0.032407407407407406 0.032407407407407406
3 0.5407407407407407 0.39537037037037037 0.032407407407407406 0.03333333333333333
3 0.5601851851851852 0.43703703703703706 0.030555555555555555 0.032407407407407406
1 0.5407407407407407 0.48703703703703705 0.028703703703703703 0.02962962962962963
2 0.48148148148148145 0.35 0.024074074074074074 0.025
0 0.4527777777777778 0.34444444444444444 0.024074074074074074 0.024074074074074074
2 0.5101851851851852 0.37222222222222223 0.025925925925925925 0.025925925925925925
2 0.4564814814814815 0.40370370370370373 0.025925925925925925 0.025925925925925925
2 0.4388888888888889 0.44722222222222224 0.026851851851851852 0.025925925925925925
3 0.425 0.41203703703703703 0.03333333333333333 0.03148148148148148
2 0.5259259259259259 0.4203703703703704 0.025 0.025925925925925925
0 0.4666666666666667 0.37592592592592594 0.024074074074074074 0.024074074074074074
0 0.43333333333333335 0.37407407407407406 0.023148148148148147 0.023148148148148147
0 0.5064814814814815 0.4546296296296296 0.024074074074074074 0.024074074074074074
2 0.4074074074074074 0.44907407407407407 0.025925925925925925 0.026851851851851852
0 0.5666666666666667 0.47314814814814815 0.023148148148148147 0.023148148148148147
0 0.5351851851851852 0.4537037037037037 0.023148148148148147 0.023148148148148147
0 0.5453703703703704 0.5166666666666667 0.024074074074074074 0.023148148148148147