1 0.7083333333333334 0.7851851851851852 0.03981481481481482 0.037037037037037035
3 0.2722222222222222 0.31574074074074077 0.044444444444444446 0.04537037037037037
3 0.5222222222222223 0.8333333333333334 0.04351851851851852 0.04259259259259259
1 0.3824074074074074 0.262037037037037 0.03981481481481482 0.03796296296296296
1 0.7472222222222222 0.6851851851851852 0.03981481481481482 0.037037037037037035
3 0.7111111111111111 0.7222222222222222 0.046296296296296294 0.04259259259259259
1 0.6157407407407407 0.8018518518518518 0.040740740740740744 0.03611111111111111
1 0.7675925925925926 0.49722222222222223 0.040740740740740744 0.037037037037037035
1 0.6601851851851852 0.7620370370370371 0.041666666666666664 0.03518518518518519
3 0.18796296296296297 0.5222222222222223 0.04259259259259259 0.041666666666666664
1 0.48333333333333334 0.7268518518518519 0.03888888888888889 0.03611111111111111
0 0.6972222222222222 0.6074074074074074 0.03148148148148148 0.02962962962962963
3 0.4212962962962963 0.19907407407407407 0.04351851851851852 0.044444444444444446
1 0.5824074074074074 0.7509259259259259 0.041666666666666664 0.03425925925925926
1 0.4935185185185185 0.5416666666666666 0.03888888888888889 0.03333333333333333
1 0.4398148148148148 0.8166666666666667 0.03796296296296296 0.037037037037037035
1 0.5 0.6814814814814815 0.03888888888888889 0.037037037037037035
3 0.2824074074074074 0.44351851851851853 0.04351851851851852 0.044444444444444446
3 0.5425925925925926 0.7157407407407408 0.041666666666666664 0.03981481481481482
1 0.37037037037037035 0.5685185185185185 0.03611111111111111 0.03425925925925926
1 0.7379629629629629 0.6407407407407407 0.040740740740740744 0.037037037037037035
3 0.42685185185185187 0.6925925925925925 0.04351851851851852 0.03981481481481482
1 0.7509259259259259 0.775 0.03981481481481482 0.03888888888888889
3 0.5907407407407408 0.5333333333333333 0.044444444444444446 0.03888888888888889
3 0.44166666666666665 0.4962962962962963 0.04259259259259259 0.03981481481481482
3 0.4425925925925926 0.5861111111111111 0.04351851851851852 0.03981481481481482
2 0.6314814814814815 0.3685185185185185 0.03518518518518519 0.032407407407407406
1 0.32314814814814813 0.5916666666666667 0.03888888888888889 0.037037037037037035
1 0.3574074074074074 0.44907407407407407 0.041666666666666664 0.03981481481481482
1 0.41388888888888886 0.5435185185185185 0.03796296296296296 0.03333333333333333
3 0.7342592592592593 0.5731481481481482 0.04537037037037037 0.044444444444444446
3 0.45925925925925926 0.2601851851851852 0.04351851851851852 0.040740740740740744
3 0.5555555555555556 0.34814814814814815 0.044444444444444446 0.04351851851851852
0 0.7648148148148148 0.6101851851851852 0.03333333333333333 0.030555555555555555
0 0.6064814814814815 0.31574074074074077 0.03425925925925926 0.03148148148148148
2 0.6212962962962963 0.562037037037037 0.03611111111111111 0.03148148148148148
2 0.7074074074074074 0.5148148148148148 0.03425925925925926 0.03425925925925926
3 0.6425925925925926 0.4083333333333333 0.044444444444444446 0.03981481481481482
3 0.6472222222222223 0.6666666666666666 0.04537037037037037 0.03981481481481482
3 0.37222222222222223 0.6287037037037037 0.04537037037037037 0.03888888888888889
0 0.462037037037037 0.6842592592592592 0.030555555555555555 0.028703703703703703
0 0.6518518518518519 0.612037037037037 0.030555555555555555 0.028703703703703703
0 0.39351851851851855 0.712037037037037 0.03425925925925926 0.03148148148148148
0 0.24814814814814815 0.6074074074074074 0.02962962962962963 0.027777777777777776
2 0.22870370370370371 0.5666666666666667 0.03148148148148148 0.032407407407407406
2 0.6666666666666666 0.7074074074074074 0.03611111111111111 0.03333333333333333
0 0.6203703703703703 0.6898148148148148 0.03333333333333333 0.030555555555555555
2 0.5342592592592592 0.7611111111111111 0.03518518518518519 0.032407407407407406
3 0.5185185185185185 0.5824074074074074 0.04351851851851852 0.04259259259259259
3 0.31666666666666665 0.4777777777777778 0.040740740740740744 0.03981481481481482
3 0.3814814814814815 0.512962962962963 0.04351851851851852 0.041666666666666664
2 0.27685185185185185 0.649074074074074 0.032407407407407406 0.030555555555555555
2 0.6675925925925926 0.5638888888888889 0.03796296296296296 0.03333333333333333
3 0.3472222222222222 0.7759259259259259 0.04351851851851852 0.03981481481481482
0 0.7685185185185185 0.7277777777777777 0.03611111111111111 0.03148148148148148
0 0.562962962962963 0.3101851851851852 0.02962962962962963 0.02962962962962963
2 0.5574074074074075 0.799074074074074 0.03425925925925926 0.03333333333333333
0 0.6018518518518519 0.6462962962962963 0.030555555555555555 0.028703703703703703
2 0.6842592592592592 0.637962962962963 0.03518518518518519 0.03333333333333333
1 0.5333333333333333 0.4703703703703704 0.03981481481481482 0.03796296296296296
0 0.5314814814814814 0.6620370370370371 0.030555555555555555 0.02962962962962963
2 0.287962962962963 0.5046296296296297 0.03425925925925926 0.03425925925925926
3 0.4462962962962963 0.3314814814814815 0.04351851851851852 0.03888888888888889
3 0.3472222222222222 0.39537037037037037 0.041666666666666664 0.041666666666666664
1 0.26481481481481484 0.3972222222222222 0.03888888888888889 0.037037037037037035
0 0.7027777777777777 0.46574074074074073 0.03333333333333333 0.028703703703703703
2 0.4925925925925926 0.6333333333333333 0.03611111111111111 0.030555555555555555
2 0.2675925925925926 0.6851851851851852 0.03425925925925926 0.03333333333333333
3 0.6620370370370371 0.8194444444444444 0.04537037037037037 0.040740740740740744
2 0.5731481481481482 0.4601851851851852 0.03333333333333333 0.03333333333333333
0 0.41388888888888886 0.7611111111111111 0.030555555555555555 0.028703703703703703
2 0.5287037037037037 0.4074074074074074 0.03333333333333333 0.03333333333333333
3 0.5444444444444444 0.5231481481481481 0.040740740740740744 0.03888888888888889
3 0.5703703703703704 0.5805555555555556 0.04259259259259259 0.041666666666666664
2 0.5703703703703704 0.6620370370370371 0.03333333333333333 0.032407407407407406
2 0.2953703703703704 0.5462962962962963 0.03425925925925926 0.032407407407407406
2 0.6027777777777777 0.4824074074074074 0.032407407407407406 0.032407407407407406
3 0.575925925925926 0.41203703703703703 0.03981481481481482 0.040740740740740744
2 0.6092592592592593 0.6064814814814815 0.03425925925925926 0.03518518518518519
1 0.21203703703703702 0.34814814814814815 0.03981481481481482 0.03518518518518519
2 0.4101851851851852 0.6462962962962963 0.03333333333333333 0.032407407407407406
1 0.2574074074074074 0.5351851851851852 0.037037037037037035 0.03425925925925926
0 0.6638888888888889 0.48518518518518516 0.030555555555555555 0.026851851851851852
2 0.6314814814814815 0.46296296296296297 0.032407407407407406 0.032407407407407406
0 0.33611111111111114 0.5546296296296296 0.03148148148148148 0.03148148148148148
2 0.29907407407407405 0.35648148148148145 0.03425925925925926 0.03518518518518519
0 0.32685185185185184 0.6296296296296297 0.03148148148148148 0.02962962962962963
2 0.4564814814814815 0.5324074074074074 0.03333333333333333 0.03333333333333333
0 0.5824074074074074 0.7 0.03333333333333333 0.030555555555555555
2 0.3101851851851852 0.4027777777777778 0.03518518518518519 0.03425925925925926
3 0.4425925925925926 0.4398148148148148 0.04259259259259259 0.041666666666666664
2 0.6851851851851852 0.412962962962963 0.03333333333333333 0.032407407407407406
3 0.36203703703703705 0.6787037037037037 0.04537037037037037 0.041666666666666664
1 0.32407407407407407 0.6666666666666666 0.03796296296296296 0.03796296296296296
2 0.47962962962962963 0.3907407407407407 0.032407407407407406 0.03333333333333333
2 0.287962962962963 0.5990740740740741 0.03425925925925926 0.03148148148148148
2 0.33611111111111114 0.5148148148148148 0.032407407407407406 0.03333333333333333
2 0.5120370370370371 0.3453703703703704 0.03148148148148148 0.032407407407407406
0 0.4888888888888889 0.7814814814814814 0.032407407407407406 0.030555555555555555
0 0.2 0.45925925925925926 0.03148148148148148 0.03148148148148148
2 0.6370370370370371 0.5194444444444445 0.032407407407407406 0.03333333333333333
0 0.625 0.7324074074074074 0.03148148148148148 0.03148148148148148
2 0.6953703703703704 0.6759259259259259 0.03425925925925926 0.03518518518518519
2 0.4842592592592593 0.4601851851851852 0.037037037037037035 0.03148148148148148
3 0.5361111111111111 0.6231481481481481 0.044444444444444446 0.04259259259259259
0 0.3990740740740741 0.38425925925925924 0.030555555555555555 0.02962962962962963
2 0.3768518518518518 0.32314814814814813 0.03518518518518519 0.032407407407407406
0 0.4222222222222222 0.28055555555555556 0.03148148148148148 0.030555555555555555
2 0.4 0.34814814814814815 0.032407407407407406 0.03425925925925926
0 0.5 0.5 0.028703703703703703 0.030555555555555555
0 0.3453703703703704 0.3388888888888889 0.03148148148148148 0.028703703703703703
0 0.44166666666666665 0.39351851851851855 0.03148148148148148 0.03148148148148148
2 0.325 0.2574074074074074 0.03611111111111111 0.03425925925925926
3 0.45092592592592595 0.6305555555555555 0.04259259259259259 0.041666666666666664
0 0.23981481481481481 0.47314814814814815 0.030555555555555555 0.03148148148148148
2 0.22407407407407406 0.39814814814814814 0.028703703703703703 0.030555555555555555
2 0.5009259259259259 0.29259259259259257 0.03333333333333333 0.03333333333333333
2 0.337037037037037 0.2916666666666667 0.032407407407407406 0.032407407407407406
2 0.45 0.7472222222222222 0.03518518518518519 0.03333333333333333
2 0.3861111111111111 0.8018518518518518 0.041666666666666664 0.03796296296296296
2 0.4064814814814815 0.5990740740740741 0.03333333333333333 0.03425925925925926