3 0.47314814814814815 0.49537037037037035 0.11018518518518519 0.09074074074074075
2 0.3472222222222222 0.5398148148148149 0.10092592592592593 0.08333333333333333
3 0.6703703703703704 0.5074074074074074 0.11296296296296296 0.09537037037037037
0 0.45092592592592595 0.5740740740740741 0.08888888888888889 0.0712962962962963
2 0.575925925925926 0.5916666666666667 0.11018518518518519 0.08148148148148149
3 0.3277777777777778 0.6666666666666666 0.12222222222222222 0.09537037037037037
3 0.46111111111111114 0.6601851851851852 0.1175925925925926 0.09351851851851851
1 0.7444444444444445 0.625 0.10277777777777777 0.08611111111111111
0 0.6324074074074074 0.674074074074074 0.08333333333333333 0.06944444444444445
1 0.262037037037037 0.7509259259259259 0.09814814814814815 0.08333333333333333
3 0.5555555555555556 0.725925925925926 0.1175925925925926 0.09351851851851851
3 0.36944444444444446 0.7907407407407407 0.11018518518518519 0.09074074074074075