3 0.3314814814814815 0.5925925925925926 0.05185185185185185 0.05092592592592592
3 0.6425925925925926 0.45555555555555555 0.05462962962962963 0.05740740740740741
3 0.6194444444444445 0.5527777777777778 0.05462962962962963 0.05555555555555555
3 0.37037037037037035 0.5185185185185185 0.05462962962962963 0.05092592592592592
3 0.5361111111111111 0.2074074074074074 0.05462962962962963 0.06018518518518518
3 0.5222222222222223 0.5675925925925925 0.05277777777777778 0.05555555555555555
3 0.5416666666666666 0.7972222222222223 0.05462962962962963 0.06018518518518518
3 0.5787037037037037 0.6083333333333333 0.05462962962962963 0.05277777777777778
3 0.3 0.23425925925925925 0.05462962962962963 0.06018518518518518
1 0.5648148148148148 0.28703703703703703 0.04722222222222222 0.05092592592592592
1 0.7398148148148148 0.29907407407407405 0.046296296296296294 0.049074074074074076
1 0.2851851851851852 0.4601851851851852 0.04814814814814815 0.046296296296296294
1 0.3509259259259259 0.725925925925926 0.046296296296296294 0.046296296296296294
1 0.34629629629629627 0.375 0.046296296296296294 0.046296296296296294
1 0.3648148148148148 0.1935185185185185 0.04722222222222222 0.04814814814814815
1 0.4666666666666667 0.6666666666666666 0.046296296296296294 0.046296296296296294
1 0.5361111111111111 0.4962962962962963 0.046296296296296294 0.046296296296296294
1 0.6083333333333333 0.5018518518518519 0.04814814814814815 0.046296296296296294
1 0.662962962962963 0.3435185185185185 0.046296296296296294 0.04722222222222222
1 0.4388888888888889 0.5314814814814814 0.046296296296296294 0.046296296296296294
0 0.6546296296296297 0.3925925925925926 0.040740740740740744 0.03888888888888889
0 0.6592592592592592 0.7092592592592593 0.040740740740740744 0.03888888888888889
0 0.5685185185185185 0.3638888888888889 0.041666666666666664 0.03981481481481482
0 0.5990740740740741 0.1925925925925926 0.041666666666666664 0.04351851851851852
0 0.25833333333333336 0.6472222222222223 0.040740740740740744 0.03888888888888889
0 0.43796296296296294 0.6194444444444445 0.040740740740740744 0.03888888888888889
0 0.25833333333333336 0.5444444444444444 0.041666666666666664 0.03981481481481482
0 0.47314814814814815 0.25925925925925924 0.041666666666666664 0.04351851851851852
2 0.712037037037037 0.4212962962962963 0.04537037037037037 0.04259259259259259
2 0.65 0.6231481481481481 0.04259259259259259 0.04259259259259259
2 0.5990740740740741 0.25277777777777777 0.04259259259259259 0.04259259259259259
2 0.43796296296296294 0.2037037037037037 0.04259259259259259 0.044444444444444446
2 0.37962962962962965 0.31203703703703706 0.040740740740740744 0.04351851851851852
2 0.43703703703703706 0.36574074074074076 0.040740740740740744 0.04351851851851852
2 0.47129629629629627 0.33611111111111114 0.04259259259259259 0.044444444444444446
2 0.4583333333333333 0.46574074074074073 0.04259259259259259 0.041666666666666664
2 0.5712962962962963 0.5342592592592592 0.04259259259259259 0.04259259259259259
2 0.5611111111111111 0.6527777777777778 0.04259259259259259 0.04259259259259259
2 0.4898148148148148 0.775 0.04259259259259259 0.04259259259259259
2 0.4287037037037037 0.7342592592592593 0.04259259259259259 0.04259259259259259
2 0.2712962962962963 0.6074074074074074 0.041666666666666664 0.03888888888888889
2 0.5416666666666666 0.7101851851851851 0.041666666666666664 0.03888888888888889
2 0.6037037037037037 0.7518518518518519 0.041666666666666664 0.03888888888888889