2 0.2851851851851852 0.29444444444444445 0.12222222222222222 0.09074074074074075
3 0.5574074074074075 0.3277777777777778 0.17222222222222222 0.1361111111111111
0 0.36018518518518516 0.4185185185185185 0.11296296296296296 0.09351851851851851
3 0.7648148148148148 0.46296296296296297 0.15555555555555556 0.12685185185185185
3 0.2101851851851852 0.4675925925925926 0.14814814814814814 0.13148148148148148
3 0.5120370370370371 0.4962962962962963 0.14629629629629629 0.125
2 0.37962962962962965 0.5925925925925926 0.11481481481481481 0.09351851851851851
3 0.6703703703703704 0.6175925925925926 0.1537037037037037 0.11481481481481481
0 0.49537037037037035 0.6462962962962963 0.11018518518518519 0.0787037037037037
3 0.24166666666666667 0.6731481481481482 0.14629629629629629 0.11481481481481481
1 0.4527777777777778 0.7787037037037037 0.12962962962962962 0.09814814814814815
1 0.7675925925925926 0.2537037037037037 0.15092592592592594 0.10740740740740741