3 0.637962962962963 0.5472222222222223 0.11944444444444445 0.15833333333333333
2 0.6370370370370371 0.2916666666666667 0.10555555555555556 0.12962962962962962
3 0.5388888888888889 0.8342592592592593 0.11944444444444445 0.1537037037037037
0 0.5361111111111111 0.43703703703703706 0.09074074074074075 0.12222222222222222
2 0.46111111111111114 0.6731481481481482 0.10092592592592593 0.14166666666666666
3 0.4222222222222222 0.2111111111111111 0.13148148148148148 0.1675925925925926
3 0.4 0.4842592592592593 0.125 0.175
0 0.3537037037037037 0.7185185185185186 0.09351851851851851 0.12222222222222222
1 0.33796296296296297 0.9231481481481482 0.10555555555555556 0.14351851851851852
1 0.27037037037037037 0.053703703703703705 0.1361111111111111 0.10740740740740741
3 0.2222222222222222 0.6046296296296296 0.13425925925925927 0.175
3 0.20092592592592592 0.3314814814814815 0.14629629629629629 0.17962962962962964