3 0.35185185185185186 0.3962962962962963 0.0712962962962963 0.07407407407407407
3 0.34074074074074073 0.49722222222222223 0.07407407407407407 0.07222222222222222
3 0.33796296296296297 0.6324074074074074 0.06851851851851852 0.07037037037037037
3 0.4564814814814815 0.7472222222222222 0.07222222222222222 0.07592592592592592
3 0.4166666666666667 0.6768518518518518 0.07407407407407407 0.07222222222222222
3 0.4101851851851852 0.5685185185185185 0.0712962962962963 0.07407407407407407
3 0.625 0.5787037037037037 0.06851851851851852 0.07037037037037037
3 0.49907407407407406 0.5768518518518518 0.0712962962962963 0.07407407407407407
3 0.5675925925925925 0.37037037037037035 0.07407407407407407 0.07222222222222222
3 0.5175925925925926 0.4361111111111111 0.06851851851851852 0.07037037037037037
3 0.4185185185185185 0.48518518518518516 0.0712962962962963 0.07407407407407407
3 0.6481481481481481 0.2490740740740741 0.07407407407407407 0.07222222222222222
3 0.7703703703703704 0.5777777777777777 0.07222222222222222 0.07592592592592592
3 0.7138888888888889 0.525 0.07407407407407407 0.07222222222222222
3 0.6537037037037037 0.44814814814814813 0.0712962962962963 0.07407407407407407
3 0.7361111111111112 0.28425925925925927 0.0712962962962963 0.07222222222222222
3 0.487962962962963 0.35833333333333334 0.0712962962962963 0.07222222222222222
3 0.3675925925925926 0.29907407407407405 0.0712962962962963 0.07222222222222222
3 0.575 0.27037037037037037 0.0712962962962963 0.07222222222222222
1 0.48703703703703705 0.5055555555555555 0.058333333333333334 0.06018518518518518
1 0.7037037037037037 0.7083333333333334 0.06666666666666667 0.06851851851851852
1 0.6333333333333333 0.7638888888888888 0.06296296296296296 0.06296296296296296
1 0.5046296296296297 0.7972222222222223 0.06296296296296296 0.07037037037037037
1 0.38796296296296295 0.7731481481481481 0.06481481481481481 0.06666666666666667
1 0.43333333333333335 0.8361111111111111 0.06851851851851852 0.07222222222222222
2 0.48148148148148145 0.674074074074074 0.053703703703703705 0.05740740740740741
2 0.687962962962963 0.6 0.058333333333333334 0.05648148148148148
2 0.7527777777777778 0.46574074074074073 0.053703703703703705 0.05740740740740741
2 0.6972222222222222 0.35648148148148145 0.053703703703703705 0.05740740740740741
2 0.425 0.41574074074074074 0.053703703703703705 0.05740740740740741
2 0.31203703703703706 0.5601851851851852 0.053703703703703705 0.05740740740740741
2 0.5259259259259259 0.7157407407407408 0.053703703703703705 0.05740740740740741
2 0.5712962962962963 0.6185185185185185 0.053703703703703705 0.05740740740740741
2 0.5583333333333333 0.8287037037037037 0.058333333333333334 0.05648148148148148
0 0.6425925925925926 0.3787037037037037 0.053703703703703705 0.05740740740740741
0 0.6287037037037037 0.3296296296296296 0.053703703703703705 0.05740740740740741
0 0.65 0.5212962962962963 0.053703703703703705 0.05740740740740741
0 0.5462962962962963 0.5111111111111111 0.053703703703703705 0.05740740740740741
0 0.7518518518518519 0.4101851851851852 0.053703703703703705 0.05740740740740741
0 0.45185185185185184 0.26944444444444443 0.053703703703703705 0.05740740740740741
0 0.3990740740740741 0.23981481481481481 0.053703703703703705 0.05740740740740741
0 0.4324074074074074 0.32222222222222224 0.053703703703703705 0.05740740740740741
0 0.6259259259259259 0.687037037037037 0.053703703703703705 0.05740740740740741
0 0.5722222222222222 0.6787037037037037 0.053703703703703705 0.05740740740740741
0 0.5685185185185185 0.7592592592592593 0.053703703703703705 0.05740740740740741