3 0.30833333333333335 0.45555555555555555 0.05092592592592592 0.05185185185185185
1 0.32685185185185184 0.5851851851851851 0.04537037037037037 0.04537037037037037
3 0.6129629629629629 0.487962962962963 0.053703703703703705 0.05462962962962963
1 0.35 0.3425925925925926 0.04814814814814815 0.04537037037037037
3 0.6555555555555556 0.3768518518518518 0.05462962962962963 0.05
1 0.48055555555555557 0.5888888888888889 0.049074074074074076 0.05
3 0.6398148148148148 0.5944444444444444 0.05462962962962963 0.05462962962962963
3 0.3111111111111111 0.38333333333333336 0.05092592592592592 0.05092592592592592
3 0.3351851851851852 0.5120370370370371 0.05277777777777778 0.05277777777777778
3 0.5555555555555556 0.34074074074074073 0.05277777777777778 0.05185185185185185
3 0.24351851851851852 0.5064814814814815 0.05092592592592592 0.05185185185185185
0 0.49166666666666664 0.32407407407407407 0.03796296296296296 0.037037037037037035
3 0.4425925925925926 0.4546296296296296 0.05277777777777778 0.05648148148148148
3 0.49537037037037035 0.4925925925925926 0.05092592592592592 0.05277777777777778
1 0.4148148148148148 0.3527777777777778 0.04722222222222222 0.046296296296296294
3 0.3962962962962963 0.5657407407407408 0.05185185185185185 0.05277777777777778
0 0.5685185185185185 0.46574074074074073 0.040740740740740744 0.03981481481481482
3 0.47685185185185186 0.38055555555555554 0.05740740740740741 0.05185185185185185
3 0.6407407407407407 0.6694444444444444 0.05555555555555555 0.05462962962962963
0 0.5472222222222223 0.5398148148148149 0.03981481481481482 0.03888888888888889
1 0.3731481481481482 0.6537037037037037 0.04537037037037037 0.04814814814814815
1 0.7027777777777777 0.49444444444444446 0.04814814814814815 0.04537037037037037
3 0.37777777777777777 0.412962962962963 0.05277777777777778 0.05185185185185185
2 0.29259259259259257 0.5555555555555556 0.03981481481481482 0.040740740740740744
1 0.55 0.700925925925926 0.049074074074074076 0.04814814814814815
1 0.3074074074074074 0.6425925925925926 0.046296296296296294 0.044444444444444446
2 0.7333333333333333 0.5444444444444444 0.044444444444444446 0.044444444444444446
2 0.7194444444444444 0.6175925925925926 0.044444444444444446 0.04351851851851852
2 0.5953703703703703 0.40555555555555556 0.041666666666666664 0.04351851851851852
2 0.43425925925925923 0.5259259259259259 0.041666666666666664 0.04259259259259259
2 0.42592592592592593 0.6259259259259259 0.040740740740740744 0.040740740740740744
0 0.42592592592592593 0.3055555555555556 0.040740740740740744 0.03888888888888889
2 0.6638888888888889 0.45092592592592595 0.041666666666666664 0.04259259259259259
2 0.575925925925926 0.6138888888888889 0.04351851851851852 0.04259259259259259
2 0.537962962962963 0.4148148148148148 0.04259259259259259 0.04259259259259259
0 0.6518518518518519 0.5287037037037037 0.03981481481481482 0.041666666666666664
0 0.3888888888888889 0.47962962962962963 0.03888888888888889 0.037037037037037035
0 0.5018518518518519 0.6509259259259259 0.03796296296296296 0.037037037037037035