2 0.3175925925925926 0.7185185185185186 0.09351851851851851 0.12962962962962962
3 0.3472222222222222 0.43148148148148147 0.14166666666666666 0.1824074074074074
0 0.44722222222222224 0.6370370370370371 0.09537037037037037 0.11944444444444445
3 0.48703703703703705 0.2111111111111111 0.12962962962962962 0.16574074074074074
3 0.5009259259259259 0.7953703703703704 0.1361111111111111 0.15555555555555556
3 0.525 0.4759259259259259 0.12962962962962962 0.15555555555555556
2 0.6296296296296297 0.6138888888888889 0.09814814814814815 0.12222222222222222
3 0.6518518518518519 0.3055555555555556 0.1175925925925926 0.15833333333333333
0 0.6861111111111111 0.49166666666666664 0.08148148148148149 0.11481481481481481
3 0.7175925925925926 0.7583333333333333 0.11944444444444445 0.1537037037037037
1 0.825925925925926 0.5333333333333333 0.10277777777777777 0.13148148148148148
1 0.26481481481481484 0.2101851851851852 0.10740740740740741 0.1537037037037037