3 0.4398148148148148 0.6518518518518519 0.06944444444444445 0.09166666666666666
3 0.3175925925925926 0.637962962962963 0.07222222222222222 0.09537037037037037
3 0.5694444444444444 0.4861111111111111 0.06574074074074074 0.09537037037037037
3 0.5259259259259259 0.3111111111111111 0.075 0.08703703703703704
3 0.4222222222222222 0.5277777777777778 0.07037037037037037 0.09074074074074075
2 0.5518518518518518 0.6064814814814815 0.058333333333333334 0.08333333333333333
1 0.4083333333333333 0.2611111111111111 0.06388888888888888 0.08703703703703704
2 0.4666666666666667 0.41388888888888886 0.05555555555555555 0.07685185185185185
3 0.3435185185185185 0.4564814814814815 0.07222222222222222 0.08981481481481482
0 0.5027777777777778 0.5212962962962963 0.05 0.075
0 0.3787037037037037 0.375 0.05185185185185185 0.075
1 0.37407407407407406 0.7305555555555555 0.06574074074074074 0.08055555555555556