3 0.5842592592592593 0.425 0.07314814814814814 0.07314814814814814
3 0.675 0.4203703703703704 0.06944444444444445 0.06944444444444445
0 0.6685185185185185 0.6787037037037037 0.05555555555555555 0.053703703703703705
3 0.4638888888888889 0.5657407407407408 0.07037037037037037 0.06944444444444445
2 0.40925925925925927 0.5111111111111111 0.05648148148148148 0.05740740740740741
1 0.6398148148148148 0.6212962962962963 0.06759259259259259 0.06111111111111111
0 0.5453703703703704 0.5787037037037037 0.05555555555555555 0.05462962962962963
3 0.65 0.5037037037037037 0.07314814814814814 0.07037037037037037
3 0.4925925925925926 0.4787037037037037 0.0712962962962963 0.07037037037037037
0 0.3490740740740741 0.46574074074074073 0.05185185185185185 0.05092592592592592
3 0.4675925925925926 0.6518518518518519 0.06944444444444445 0.06759259259259259
3 0.562962962962963 0.6574074074074074 0.0712962962962963 0.06944444444444445
2 0.5666666666666667 0.4925925925925926 0.06111111111111111 0.05648148148148148
0 0.6074074074074074 0.5574074074074075 0.05740740740740741 0.05555555555555555
0 0.6861111111111111 0.5722222222222222 0.053703703703703705 0.05185185185185185
0 0.3675925925925926 0.3888888888888889 0.053703703703703705 0.05462962962962963
2 0.40370370370370373 0.6111111111111112 0.05648148148148148 0.053703703703703705
2 0.5018518518518519 0.40555555555555556 0.062037037037037036 0.05740740740740741
2 0.42962962962962964 0.3824074074074074 0.053703703703703705 0.05648148148148148
0 0.41388888888888886 0.44351851851851853 0.05555555555555555 0.05277777777777778
2 0.3425925925925926 0.6351851851851852 0.06018518518518518 0.05925925925925926
3 0.3490740740740741 0.5518518518518518 0.0712962962962963 0.06944444444444445