3 0.5768518518518518 0.35648148148148145 0.032407407407407406 0.03148148148148148
3 0.6703703703703704 0.40370370370370373 0.032407407407407406 0.03333333333333333
3 0.43333333333333335 0.5898148148148148 0.030555555555555555 0.03148148148148148
3 0.674074074074074 0.5407407407407407 0.03148148148148148 0.032407407407407406
3 0.4888888888888889 0.5907407407407408 0.02962962962962963 0.030555555555555555
1 0.637962962962963 0.36666666666666664 0.028703703703703703 0.028703703703703703
3 0.6648148148148149 0.4462962962962963 0.03148148148148148 0.03148148148148148
1 0.4675925925925926 0.4046296296296296 0.027777777777777776 0.026851851851851852
2 0.4898148148148148 0.46574074074074073 0.025 0.025925925925925925
2 0.6509259259259259 0.49444444444444446 0.024074074074074074 0.025
1 0.6129629629629629 0.42314814814814816 0.027777777777777776 0.028703703703703703
1 0.55 0.587037037037037 0.027777777777777776 0.028703703703703703
2 0.6138888888888889 0.5907407407407408 0.024074074074074074 0.025
0 0.5148148148148148 0.44351851851851853 0.022222222222222223 0.023148148148148147
1 0.43148148148148147 0.4148148148148148 0.026851851851851852 0.027777777777777776
2 0.5481481481481482 0.4583333333333333 0.024074074074074074 0.024074074074074074
0 0.5518518518518518 0.48703703703703705 0.022222222222222223 0.024074074074074074
0 0.6055555555555555 0.5398148148148149 0.024074074074074074 0.023148148148148147
2 0.462037037037037 0.47314814814814815 0.025 0.026851851851851852
2 0.6138888888888889 0.48703703703703705 0.025 0.025
0 0.5194444444444445 0.5 0.022222222222222223 0.023148148148148147
0 0.47314814814814815 0.4351851851851852 0.022222222222222223 0.023148148148148147
2 0.5194444444444445 0.46944444444444444 0.025925925925925925 0.025
2 0.5638888888888889 0.412962962962963 0.025 0.025925925925925925
3 0.5037037037037037 0.412962962962963 0.030555555555555555 0.030555555555555555
2 0.537962962962963 0.42407407407407405 0.023148148148148147 0.024074074074074074
0 0.42685185185185187 0.37962962962962965 0.025 0.024074074074074074
1 0.5361111111111111 0.5296296296296297 0.027777777777777776 0.028703703703703703
1 0.4861111111111111 0.49722222222222223 0.027777777777777776 0.027777777777777776
1 0.44537037037037036 0.49907407407407406 0.027777777777777776 0.025925925925925925
3 0.41944444444444445 0.4638888888888889 0.030555555555555555 0.03148148148148148
2 0.4046296296296296 0.49166666666666664 0.025925925925925925 0.025
2 0.4638888888888889 0.5203703703703704 0.024074074074074074 0.023148148148148147
2 0.5027777777777778 0.5231481481481481 0.025 0.024074074074074074
0 0.44722222222222224 0.44166666666666665 0.023148148148148147 0.023148148148148147
0 0.4074074074074074 0.42777777777777776 0.024074074074074074 0.024074074074074074