1 0.3990740740740741 0.5555555555555556 0.03796296296296296 0.03981481481481482
1 0.7898148148148149 0.5046296296296297 0.040740740740740744 0.03888888888888889
1 0.38981481481481484 0.48333333333333334 0.03611111111111111 0.03981481481481482
1 0.6314814814814815 0.3277777777777778 0.03888888888888889 0.03981481481481482
0 0.44814814814814813 0.4101851851851852 0.03148148148148148 0.03333333333333333
1 0.4046296296296296 0.6472222222222223 0.03796296296296296 0.03888888888888889
1 0.5342592592592592 0.7055555555555556 0.03888888888888889 0.04259259259259259
1 0.4444444444444444 0.46111111111111114 0.03796296296296296 0.040740740740740744
3 0.4148148148148148 0.3675925925925926 0.04351851851851852 0.044444444444444446
1 0.5305555555555556 0.37592592592592594 0.03796296296296296 0.040740740740740744
2 0.44722222222222224 0.2675925925925926 0.032407407407407406 0.03425925925925926
1 0.27314814814814814 0.4666666666666667 0.037037037037037035 0.03796296296296296
3 0.7509259259259259 0.41574074074074074 0.04259259259259259 0.04259259259259259
0 0.48333333333333334 0.4166666666666667 0.03148148148148148 0.03333333333333333
0 0.5064814814814815 0.46296296296296297 0.030555555555555555 0.032407407407407406
0 0.6916666666666667 0.5537037037037037 0.030555555555555555 0.03333333333333333
1 0.1935185185185185 0.3416666666666667 0.03796296296296296 0.03981481481481482
1 0.537962962962963 0.3175925925925926 0.03796296296296296 0.037037037037037035
0 0.4787037037037037 0.3712962962962963 0.03148148148148148 0.032407407407407406
2 0.5009259259259259 0.6351851851851852 0.03333333333333333 0.03518518518518519
3 0.6972222222222222 0.42685185185185187 0.04351851851851852 0.044444444444444446
2 0.5462962962962963 0.49074074074074076 0.03518518518518519 0.03611111111111111
0 0.30648148148148147 0.4203703703703704 0.032407407407407406 0.03333333333333333
2 0.3611111111111111 0.512962962962963 0.03333333333333333 0.03518518518518519
3 0.6611111111111111 0.38981481481481484 0.044444444444444446 0.044444444444444446
2 0.2361111111111111 0.4675925925925926 0.03333333333333333 0.03425925925925926
0 0.4583333333333333 0.5453703703703704 0.03148148148148148 0.03333333333333333
0 0.3101851851851852 0.37592592592592594 0.02962962962962963 0.03333333333333333
0 0.31296296296296294 0.6398148148148148 0.030555555555555555 0.032407407407407406
0 0.6712962962962963 0.5916666666666667 0.03148148148148148 0.03333333333333333
2 0.32407407407407407 0.487962962962963 0.03425925925925926 0.03518518518518519
0 0.5638888888888889 0.34444444444444444 0.032407407407407406 0.032407407407407406
2 0.48333333333333334 0.5 0.03333333333333333 0.03518518518518519
2 0.6148148148148148 0.3907407407407407 0.03518518518518519 0.03611111111111111
3 0.3962962962962963 0.4203703703703704 0.04537037037037037 0.044444444444444446
1 0.19722222222222222 0.42962962962962964 0.03611111111111111 0.03888888888888889
0 0.5851851851851851 0.3814814814814815 0.030555555555555555 0.032407407407407406
0 0.42592592592592593 0.5953703703703703 0.032407407407407406 0.03333333333333333
2 0.2759259259259259 0.4 0.03425925925925926 0.03425925925925926
3 0.3398148148148148 0.3277777777777778 0.03981481481481482 0.04259259259259259
2 0.6259259259259259 0.4444444444444444 0.03518518518518519 0.03518518518518519
1 0.2814814814814815 0.5092592592592593 0.03796296296296296 0.03796296296296296
3 0.47129629629629627 0.3175925925925926 0.04537037037037037 0.044444444444444446
2 0.5861111111111111 0.3074074074074074 0.03518518518518519 0.03518518518518519
2 0.5925925925925926 0.5055555555555555 0.03333333333333333 0.03425925925925926
2 0.287962962962963 0.31666666666666665 0.03611111111111111 0.03611111111111111
0 0.4601851851851852 0.6314814814814815 0.030555555555555555 0.032407407407407406
0 0.6148148148148148 0.5435185185185185 0.03148148148148148 0.032407407407407406
0 0.3685185185185185 0.6425925925925926 0.02962962962962963 0.032407407407407406
3 0.6212962962962963 0.675 0.04351851851851852 0.044444444444444446
3 0.4185185185185185 0.6972222222222222 0.04351851851851852 0.04537037037037037
2 0.23796296296296296 0.537962962962963 0.03425925925925926 0.03518518518518519
2 0.4111111111111111 0.30462962962962964 0.03333333333333333 0.037037037037037035
2 0.5638888888888889 0.6527777777777778 0.03333333333333333 0.03518518518518519
3 0.6916666666666667 0.4962962962962963 0.044444444444444446 0.04351851851851852
2 0.5740740740740741 0.5546296296296296 0.03333333333333333 0.03333333333333333
2 0.425 0.5064814814814815 0.032407407407407406 0.03425925925925926
2 0.562037037037037 0.4203703703703704 0.03425925925925926 0.03518518518518519
2 0.25092592592592594 0.6555555555555556 0.03333333333333333 0.03425925925925926
3 0.7435185185185185 0.47314814814814815 0.04351851851851852 0.04259259259259259
2 0.24814814814814815 0.3675925925925926 0.03425925925925926 0.03425925925925926
2 0.7481481481481481 0.5462962962962963 0.03425925925925926 0.03518518518518519
3 0.3416666666666667 0.44074074074074077 0.040740740740740744 0.04259259259259259
2 0.5546296296296296 0.5935185185185186 0.03333333333333333 0.03425925925925926
2 0.35185185185185186 0.37962962962962965 0.032407407407407406 0.032407407407407406
2 0.4842592592592593 0.5842592592592593 0.032407407407407406 0.03518518518518519
3 0.6944444444444444 0.6620370370370371 0.04351851851851852 0.044444444444444446
3 0.35555555555555557 0.6925925925925925 0.044444444444444446 0.04351851851851852
3 0.3509259259259259 0.5879629629629629 0.04259259259259259 0.04351851851851852
3 0.5879629629629629 0.4648148148148148 0.04351851851851852 0.04259259259259259
3 0.25925925925925924 0.5851851851851851 0.044444444444444446 0.04259259259259259
2 0.33240740740740743 0.5388888888888889 0.03333333333333333 0.03425925925925926
1 0.3287037037037037 0.26296296296296295 0.03888888888888889 0.040740740740740744
2 0.20555555555555555 0.5009259259259259 0.03148148148148148 0.03425925925925926
2 0.6527777777777778 0.5361111111111111 0.03518518518518519 0.03425925925925926
3 0.6101851851851852 0.6194444444444445 0.04351851851851852 0.04259259259259259
2 0.3907407407407407 0.23981481481481481 0.03518518518518519 0.037037037037037035
3 0.47962962962962963 0.6787037037037037 0.040740740740740744 0.04259259259259259
3 0.2916666666666667 0.7055555555555556 0.04259259259259259 0.04537037037037037
2 0.524074074074074 0.425 0.03425925925925926 0.03425925925925926
3 0.524074074074074 0.5370370370370371 0.04259259259259259 0.04259259259259259
2 0.662962962962963 0.46296296296296297 0.03518518518518519 0.03333333333333333
2 0.7342592592592593 0.6111111111111112 0.03425925925925926 0.03611111111111111
2 0.15925925925925927 0.44814814814814813 0.03518518518518519 0.03611111111111111
3 0.712037037037037 0.35555555555555557 0.04537037037037037 0.04722222222222222