2 0.2814814814814815 0.3175925925925926 0.12962962962962962 0.09351851851851851
3 0.5685185185185185 0.3472222222222222 0.1824074074074074 0.14166666666666666
0 0.362962962962963 0.44722222222222224 0.11944444444444445 0.09537037037037037
3 0.7888888888888889 0.48703703703703705 0.16574074074074074 0.12962962962962962
3 0.20462962962962963 0.5009259259259259 0.15555555555555556 0.1361111111111111
3 0.524074074074074 0.525 0.15555555555555556 0.12962962962962962
2 0.3861111111111111 0.6296296296296297 0.12222222222222222 0.09814814814814815
3 0.6944444444444444 0.6518518518518519 0.15833333333333333 0.1175925925925926
0 0.5083333333333333 0.6861111111111111 0.11481481481481481 0.08148148148148149
3 0.24166666666666667 0.7175925925925926 0.1537037037037037 0.11944444444444445
1 0.4666666666666667 0.825925925925926 0.13148148148148148 0.10277777777777777
1 0.7898148148148149 0.26481481481481484 0.1537037037037037 0.10740740740740741