3 0.5324074074074074 0.4222222222222222 0.028703703703703703 0.028703703703703703
3 0.5074074074074074 0.44907407407407407 0.027777777777777776 0.02962962962962963
3 0.41574074074074074 0.4583333333333333 0.02962962962962963 0.028703703703703703
1 0.34444444444444444 0.5277777777777778 0.025925925925925925 0.025
3 0.3851851851851852 0.5722222222222222 0.02962962962962963 0.02962962962962963
1 0.49166666666666664 0.5111111111111111 0.025 0.025
1 0.462037037037037 0.4777777777777778 0.023148148148148147 0.025
3 0.4685185185185185 0.5601851851851852 0.028703703703703703 0.028703703703703703
3 0.575 0.362962962962963 0.028703703703703703 0.027777777777777776
1 0.4842592592592593 0.4111111111111111 0.024074074074074074 0.025
2 0.4351851851851852 0.5962962962962963 0.024074074074074074 0.024074074074074074
2 0.5009259259259259 0.38055555555555554 0.023148148148148147 0.023148148148148147
1 0.5509259259259259 0.4583333333333333 0.025 0.025
2 0.3907407407407407 0.4842592592592593 0.022222222222222223 0.023148148148148147
2 0.5731481481481482 0.5601851851851852 0.021296296296296296 0.021296296296296296
2 0.6407407407407407 0.44537037037037036 0.022222222222222223 0.023148148148148147
1 0.34629629629629627 0.4638888888888889 0.025 0.025925925925925925
1 0.587037037037037 0.4361111111111111 0.025 0.025925925925925925
2 0.5157407407407407 0.5898148148148148 0.023148148148148147 0.023148148148148147
0 0.3814814814814815 0.4166666666666667 0.021296296296296296 0.022222222222222223
2 0.5268518518518519 0.5472222222222223 0.021296296296296296 0.023148148148148147
2 0.6537037037037037 0.40925925925925927 0.021296296296296296 0.022222222222222223
1 0.6129629629629629 0.37037037037037035 0.025 0.025925925925925925
2 0.5287037037037037 0.4888888888888889 0.022222222222222223 0.023148148148148147
2 0.6138888888888889 0.49074074074074076 0.020370370370370372 0.022222222222222223
2 0.47314814814814815 0.44814814814814813 0.022222222222222223 0.022222222222222223
0 0.2953703703703704 0.462037037037037 0.021296296296296296 0.021296296296296296
2 0.5388888888888889 0.37777777777777777 0.021296296296296296 0.023148148148148147
0 0.42962962962962964 0.49166666666666664 0.020370370370370372 0.021296296296296296
0 0.6527777777777778 0.5527777777777778 0.020370370370370372 0.021296296296296296
1 0.44907407407407407 0.4351851851851852 0.023148148148148147 0.025
2 0.44351851851851853 0.39537037037037037 0.024074074074074074 0.022222222222222223
0 0.5601851851851852 0.4046296296296296 0.020370370370370372 0.021296296296296296
0 0.5740740740740741 0.5157407407407407 0.019444444444444445 0.020370370370370372
0 0.5879629629629629 0.47314814814814815 0.018518518518518517 0.020370370370370372
1 0.4064814814814815 0.524074074074074 0.025 0.025
1 0.6018518518518519 0.40370370370370373 0.024074074074074074 0.024074074074074074
0 0.44722222222222224 0.5194444444444445 0.021296296296296296 0.022222222222222223