3 0.45555555555555555 0.6916666666666667 0.05185185185185185 0.05092592592592592
1 0.5851851851851851 0.6731481481481482 0.04537037037037037 0.04537037037037037
3 0.487962962962963 0.387037037037037 0.05462962962962963 0.053703703703703705
1 0.3425925925925926 0.65 0.04537037037037037 0.04814814814814815
3 0.3768518518518518 0.34444444444444444 0.05 0.05462962962962963
1 0.5888888888888889 0.5194444444444445 0.05 0.049074074074074076
3 0.5944444444444444 0.36018518518518516 0.05462962962962963 0.05462962962962963
3 0.38333333333333336 0.6888888888888889 0.05092592592592592 0.05092592592592592
3 0.5120370370370371 0.6648148148148149 0.05277777777777778 0.05277777777777778
3 0.34074074074074073 0.4444444444444444 0.05185185185185185 0.05277777777777778
3 0.5064814814814815 0.7564814814814815 0.05185185185185185 0.05092592592592592
0 0.32407407407407407 0.5083333333333333 0.037037037037037035 0.03796296296296296
3 0.4546296296296296 0.5574074074074075 0.05648148148148148 0.05277777777777778
3 0.4925925925925926 0.5046296296296297 0.05277777777777778 0.05092592592592592
1 0.3527777777777778 0.5851851851851851 0.046296296296296294 0.04722222222222222
3 0.5657407407407408 0.6037037037037037 0.05277777777777778 0.05185185185185185
0 0.46574074074074073 0.43148148148148147 0.03981481481481482 0.040740740740740744
3 0.38055555555555554 0.5231481481481481 0.05185185185185185 0.05740740740740741
3 0.6694444444444444 0.3592592592592593 0.05462962962962963 0.05555555555555555
0 0.5398148148148149 0.4527777777777778 0.03888888888888889 0.03981481481481482
1 0.6537037037037037 0.6268518518518519 0.04814814814814815 0.04537037037037037
1 0.49444444444444446 0.2972222222222222 0.04537037037037037 0.04814814814814815
3 0.412962962962963 0.6222222222222222 0.05185185185185185 0.05277777777777778
2 0.5555555555555556 0.7074074074074074 0.040740740740740744 0.03981481481481482
1 0.700925925925926 0.45 0.04814814814814815 0.049074074074074076
1 0.6425925925925926 0.6925925925925925 0.044444444444444446 0.046296296296296294
2 0.5444444444444444 0.26666666666666666 0.044444444444444446 0.044444444444444446
2 0.6175925925925926 0.28055555555555556 0.04351851851851852 0.044444444444444446
2 0.40555555555555556 0.4046296296296296 0.04351851851851852 0.041666666666666664
2 0.5259259259259259 0.5657407407407408 0.04259259259259259 0.041666666666666664
2 0.6259259259259259 0.5740740740740741 0.040740740740740744 0.040740740740740744
0 0.3055555555555556 0.5740740740740741 0.03888888888888889 0.040740740740740744
2 0.45092592592592595 0.33611111111111114 0.04259259259259259 0.041666666666666664
2 0.6138888888888889 0.42407407407407405 0.04259259259259259 0.04351851851851852
2 0.4148148148148148 0.462037037037037 0.04259259259259259 0.04259259259259259
0 0.5287037037037037 0.34814814814814815 0.041666666666666664 0.03981481481481482
0 0.47962962962962963 0.6111111111111112 0.037037037037037035 0.03888888888888889
0 0.6509259259259259 0.4981481481481482 0.037037037037037035 0.03796296296296296