3 0.7324074074074074 0.27685185185185185 0.05 0.049074074074074076
1 0.1574074074074074 0.7675925925925926 0.044444444444444446 0.03981481481481482
1 0.23796296296296296 0.4685185185185185 0.044444444444444446 0.03981481481481482
1 0.15092592592592594 0.41388888888888886 0.044444444444444446 0.041666666666666664
1 0.7027777777777777 0.20185185185185187 0.04722222222222222 0.04351851851851852
1 0.44351851851851853 0.3537037037037037 0.04351851851851852 0.03981481481481482
2 0.4601851851851852 0.7481481481481481 0.03981481481481482 0.03796296296296296
1 0.7814814814814814 0.2972222222222222 0.04814814814814815 0.04259259259259259
1 0.6435185185185185 0.25092592592592594 0.044444444444444446 0.041666666666666664
1 0.1675925925925926 0.5787037037037037 0.04351851851851852 0.03888888888888889
1 0.32592592592592595 0.29259259259259257 0.04351851851851852 0.041666666666666664
1 0.40370370370370373 0.8425925925925926 0.046296296296296294 0.04351851851851852
1 0.2916666666666667 0.47685185185185186 0.041666666666666664 0.041666666666666664
1 0.16018518518518518 0.7166666666666667 0.041666666666666664 0.03888888888888889
1 0.4842592592592593 0.8037037037037037 0.046296296296296294 0.044444444444444446
2 0.6925925925925925 0.43425925925925923 0.03981481481481482 0.037037037037037035
3 0.524074074074074 0.16018518518518518 0.05092592592592592 0.04814814814814815
1 0.31666666666666665 0.7685185185185185 0.044444444444444446 0.040740740740740744
3 0.39166666666666666 0.5787037037037037 0.04722222222222222 0.04722222222222222
2 0.6462962962962963 0.1962962962962963 0.03981481481481482 0.037037037037037035
0 0.19722222222222222 0.3685185185185185 0.03888888888888889 0.03518518518518519
3 0.600925925925926 0.6833333333333333 0.05092592592592592 0.049074074074074076
3 0.5740740740740741 0.4564814814814815 0.04722222222222222 0.04537037037037037
1 0.42592592592592593 0.26296296296296295 0.044444444444444446 0.041666666666666664
0 0.5583333333333333 0.2212962962962963 0.037037037037037035 0.03518518518518519
3 0.4685185185185185 0.5648148148148148 0.04814814814814815 0.04722222222222222
2 0.35555555555555557 0.24814814814814815 0.037037037037037035 0.03611111111111111
2 0.4740740740740741 0.26944444444444443 0.03888888888888889 0.03796296296296296
3 0.41944444444444445 0.7851851851851852 0.05092592592592592 0.04814814814814815
3 0.700925925925926 0.487962962962963 0.05092592592592592 0.04722222222222222
1 0.19722222222222222 0.6694444444444444 0.04259259259259259 0.03981481481481482
2 0.5222222222222223 0.2712962962962963 0.03796296296296296 0.03796296296296296
2 0.6731481481481482 0.5444444444444444 0.03888888888888889 0.03611111111111111
2 0.5370370370370371 0.6 0.03796296296296296 0.037037037037037035
0 0.17685185185185184 0.4675925925925926 0.03796296296296296 0.03333333333333333
3 0.5648148148148148 0.737037037037037 0.049074074074074076 0.05
2 0.19537037037037036 0.4111111111111111 0.03796296296296296 0.03518518518518519
2 0.5472222222222223 0.6731481481481482 0.03796296296296296 0.03796296296296296
3 0.8425925925925926 0.5046296296296297 0.05462962962962963 0.05092592592592592
0 0.25277777777777777 0.6259259259259259 0.037037037037037035 0.03611111111111111
1 0.12685185185185185 0.6064814814814815 0.04259259259259259 0.04259259259259259
1 0.7824074074074074 0.40555555555555556 0.046296296296296294 0.04351851851851852
0 0.22685185185185186 0.5787037037037037 0.037037037037037035 0.03425925925925926
2 0.27870370370370373 0.8231481481481482 0.03796296296296296 0.037037037037037035
3 0.2935185185185185 0.6564814814814814 0.05092592592592592 0.04722222222222222
2 0.4185185185185185 0.2222222222222222 0.03981481481481482 0.037037037037037035
0 0.5814814814814815 0.1787037037037037 0.03796296296296296 0.03518518518518519
3 0.22962962962962963 0.7240740740740741 0.05185185185185185 0.04814814814814815
0 0.700925925925926 0.3537037037037037 0.03796296296296296 0.03518518518518519
3 0.12037037037037036 0.6648148148148149 0.04814814814814815 0.04814814814814815
2 0.1037037037037037 0.5509259259259259 0.03888888888888889 0.03518518518518519
3 0.6555555555555556 0.6018518518518519 0.05277777777777778 0.04814814814814815
2 0.30833333333333335 0.23148148148148148 0.03611111111111111 0.03518518518518519
3 0.6361111111111111 0.36203703703703705 0.05185185185185185 0.049074074074074076
2 0.4583333333333333 0.6888888888888889 0.03888888888888889 0.03611111111111111
2 0.7203703703703703 0.39351851851851855 0.03796296296296296 0.037037037037037035
3 0.7768518518518519 0.5009259259259259 0.05185185185185185 0.049074074074074076
2 0.4703703703703704 0.46296296296296297 0.03796296296296296 0.03611111111111111
2 0.41203703703703703 0.7138888888888889 0.040740740740740744 0.03796296296296296
2 0.26666666666666666 0.5787037037037037 0.03888888888888889 0.03518518518518519
0 0.35833333333333334 0.6731481481481482 0.037037037037037035 0.03425925925925926
3 0.3509259259259259 0.44907407407407407 0.04814814814814815 0.04351851851851852
2 0.6842592592592592 0.3 0.04351851851851852 0.03796296296296296
2 0.5 0.3277777777777778 0.04259259259259259 0.03981481481481482
2 0.4 0.3925925925925926 0.03796296296296296 0.037037037037037035
2 0.3277777777777778 0.7111111111111111 0.03888888888888889 0.037037037037037035
0 0.21388888888888888 0.787962962962963 0.03981481481481482 0.03425925925925926
1 0.8157407407407408 0.4425925925925926 0.046296296296296294 0.041666666666666664
0 0.06388888888888888 0.7055555555555556 0.03518518518518519 0.032407407407407406
2 0.45925925925925926 0.17962962962962964 0.03796296296296296 0.03611111111111111
3 0.25555555555555554 0.27870370370370373 0.05185185185185185 0.04722222222222222
2 0.24814814814814815 0.6768518518518518 0.041666666666666664 0.03611111111111111
3 0.32037037037037036 0.5666666666666667 0.049074074074074076 0.04537037037037037
0 0.35 0.812962962962963 0.037037037037037035 0.03611111111111111
1 0.44907407407407407 0.5111111111111111 0.041666666666666664 0.041666666666666664
0 0.11666666666666667 0.7870370370370371 0.03888888888888889 0.03425925925925926
3 0.5814814814814815 0.26851851851851855 0.05092592592592592 0.04722222222222222
3 0.4537037037037037 0.6240740740740741 0.049074074074074076 0.04814814814814815
2 0.2574074074074074 0.33055555555555555 0.03981481481481482 0.037037037037037035
3 0.5888888888888889 0.6064814814814815 0.046296296296296294 0.04722222222222222
2 0.549074074074074 0.40925925925925927 0.03888888888888889 0.037037037037037035
2 0.3351851851851852 0.5 0.03981481481481482 0.03796296296296296
2 0.6268518518518519 0.5046296296296297 0.03888888888888889 0.03796296296296296
2 0.8092592592592592 0.34444444444444444 0.03981481481481482 0.03888888888888889
2 0.7537037037037037 0.35 0.03611111111111111 0.03611111111111111
2 0.5055555555555555 0.6472222222222223 0.041666666666666664 0.03796296296296296
0 0.36574074074074076 0.737037037037037 0.03611111111111111 0.03518518518518519
3 0.10833333333333334 0.475 0.05185185185185185 0.04722222222222222
0 0.2657407407407407 0.5287037037037037 0.03611111111111111 0.03333333333333333
0 0.11296296296296296 0.7185185185185186 0.03518518518518519 0.032407407407407406
2 0.7342592592592593 0.537962962962963 0.040740740740740744 0.037037037037037035
0 0.20092592592592592 0.6203703703703703 0.03796296296296296 0.03425925925925926
2 0.625 0.30185185185185187 0.03981481481481482 0.037037037037037035
0 0.16666666666666666 0.8212962962962963 0.03796296296296296 0.03611111111111111
0 0.6444444444444445 0.4101851851851852 0.037037037037037035 0.03425925925925926
3 0.5537037037037037 0.33055555555555555 0.049074074074074076 0.044444444444444446
0 0.2953703703703704 0.42592592592592593 0.03518518518518519 0.03425925925925926
2 0.16111111111111112 0.5259259259259259 0.03888888888888889 0.037037037037037035
2 0.4111111111111111 0.6583333333333333 0.04259259259259259 0.037037037037037035
0 0.26666666666666666 0.7555555555555555 0.03518518518518519 0.03611111111111111
3 0.21481481481481482 0.5212962962962963 0.05 0.04814814814814815
0 0.7222222222222222 0.6083333333333333 0.03611111111111111 0.03425925925925926
2 0.2777777777777778 0.7101851851851851 0.03888888888888889 0.03425925925925926
2 0.3416666666666667 0.3990740740740741 0.03796296296296296 0.03611111111111111
3 0.412962962962963 0.45 0.04814814814814815 0.04722222222222222
0 0.6583333333333333 0.6620370370370371 0.03796296296296296 0.03611111111111111
0 0.6277777777777778 0.4601851851851852 0.03425925925925926 0.03425925925925926
0 0.38425925925925924 0.18518518518518517 0.03518518518518519 0.03425925925925926
1 0.5296296296296297 0.5564814814814815 0.04351851851851852 0.041666666666666664
3 0.2462962962962963 0.41388888888888886 0.05 0.046296296296296294
3 0.39537037037037037 0.5203703703703704 0.049074074074074076 0.04814814814814815
0 0.2759259259259259 0.37592592592592594 0.03611111111111111 0.03518518518518519
1 0.5064814814814815 0.21388888888888888 0.04259259259259259 0.04259259259259259
2 0.36944444444444446 0.6287037037037037 0.03796296296296296 0.03611111111111111
2 0.5453703703703704 0.5018518518518519 0.03888888888888889 0.03796296296296296
0 0.5101851851851852 0.7509259259259259 0.03611111111111111 0.03611111111111111
0 0.5018518518518519 0.5111111111111111 0.03425925925925926 0.032407407407407406
0 0.32222222222222224 0.6129629629629629 0.03518518518518519 0.03333333333333333
0 0.7555555555555555 0.44722222222222224 0.037037037037037035 0.03425925925925926
0 0.7898148148148149 0.5583333333333333 0.03888888888888889 0.03425925925925926
3 0.3685185185185185 0.35462962962962963 0.04722222222222222 0.04537037037037037
0 0.8379629629629629 0.3861111111111111 0.03888888888888889 0.03888888888888889
0 0.4462962962962963 0.3 0.03611111111111111 0.037037037037037035
1 0.5833333333333334 0.375 0.03981481481481482 0.040740740740740744
3 0.31296296296296294 0.34814814814814815 0.049074074074074076 0.04537037037037037
2 0.5981481481481481 0.5555555555555556 0.040740740740740744 0.03796296296296296
0 0.5111111111111111 0.7074074074074074 0.03518518518518519 0.03611111111111111
3 0.5120370370370371 0.45 0.049074074074074076 0.046296296296296294
0 0.3925925925925926 0.30833333333333335 0.03611111111111111 0.03425925925925926
2 0.225 0.8379629629629629 0.03981481481481482 0.03981481481481482
1 0.45 0.4083333333333333 0.03981481481481482 0.03888888888888889
3 0.4981481481481482 0.37962962962962965 0.04722222222222222 0.04722222222222222
2 0.1648148148148148 0.33240740740740743 0.03888888888888889 0.03796296296296296