0 0.6 0.262037037037037 0.028703703703703703 0.02962962962962963
1 0.5157407407407407 0.23796296296296296 0.03425925925925926 0.03425925925925926
1 0.6638888888888889 0.5574074074074075 0.03888888888888889 0.040740740740740744
0 0.44351851851851853 0.6287037037037037 0.03148148148148148 0.032407407407407406
0 0.5703703703703704 0.4222222222222222 0.03148148148148148 0.03148148148148148
2 0.6018518518518519 0.5435185185185185 0.03425925925925926 0.03333333333333333
1 0.6685185185185185 0.4648148148148148 0.03796296296296296 0.03796296296296296
1 0.2935185185185185 0.4787037037037037 0.03796296296296296 0.03888888888888889
0 0.5583333333333333 0.25925925925925924 0.02962962962962963 0.02962962962962963
0 0.4 0.3768518518518518 0.028703703703703703 0.02962962962962963
3 0.6425925925925926 0.6416666666666667 0.04722222222222222 0.044444444444444446
0 0.3537037037037037 0.325 0.028703703703703703 0.028703703703703703
3 0.30925925925925923 0.3175925925925926 0.03888888888888889 0.03796296296296296
2 0.7129629629629629 0.38055555555555554 0.03333333333333333 0.030555555555555555
1 0.6231481481481481 0.16296296296296298 0.03425925925925926 0.03425925925925926
2 0.49722222222222223 0.27870370370370373 0.030555555555555555 0.02962962962962963
0 0.5259259259259259 0.44351851851851853 0.02962962962962963 0.030555555555555555
0 0.3648148148148148 0.40925925925925927 0.02962962962962963 0.03148148148148148
2 0.675 0.35185185185185186 0.03333333333333333 0.03333333333333333
2 0.487962962962963 0.5287037037037037 0.032407407407407406 0.03333333333333333
1 0.5027777777777778 0.3388888888888889 0.03796296296296296 0.03611111111111111
3 0.562962962962963 0.34444444444444444 0.03981481481481482 0.041666666666666664
0 0.6462962962962963 0.49166666666666664 0.032407407407407406 0.030555555555555555
2 0.47685185185185186 0.3148148148148148 0.03148148148148148 0.030555555555555555
0 0.4046296296296296 0.6055555555555555 0.03148148148148148 0.032407407407407406
1 0.4962962962962963 0.7268518518518519 0.03981481481481482 0.041666666666666664
2 0.600925925925926 0.30092592592592593 0.03148148148148148 0.02962962962962963
3 0.6657407407407407 0.40555555555555556 0.04351851851851852 0.03981481481481482
2 0.44907407407407407 0.2898148148148148 0.030555555555555555 0.030555555555555555
2 0.6842592592592592 0.512962962962963 0.03518518518518519 0.03333333333333333
2 0.55 0.5555555555555556 0.03333333333333333 0.03425925925925926
3 0.40555555555555556 0.22870370370370371 0.03888888888888889 0.03888888888888889
2 0.3453703703703704 0.5037037037037037 0.03425925925925926 0.03333333333333333
0 0.4462962962962963 0.4046296296296296 0.027777777777777776 0.02962962962962963
1 0.5444444444444444 0.16944444444444445 0.03518518518518519 0.03333333333333333
2 0.48055555555555557 0.37037037037037035 0.03148148148148148 0.03148148148148148
2 0.5268518518518519 0.14074074074074075 0.030555555555555555 0.02962962962962963
1 0.4759259259259259 0.2462962962962963 0.03425925925925926 0.03333333333333333
3 0.32407407407407407 0.562962962962963 0.040740740740740744 0.04259259259259259
2 0.5324074074074074 0.5953703703703703 0.032407407407407406 0.032407407407407406
3 0.33611111111111114 0.6342592592592593 0.04259259259259259 0.044444444444444446
0 0.5777777777777777 0.3861111111111111 0.030555555555555555 0.030555555555555555
2 0.5694444444444444 0.49444444444444446 0.03425925925925926 0.03425925925925926
0 0.3574074074074074 0.2759259259259259 0.02962962962962963 0.028703703703703703
3 0.5712962962962963 0.6268518518518519 0.044444444444444446 0.044444444444444446
2 0.47962962962962963 0.1824074074074074 0.02962962962962963 0.027777777777777776
1 0.43425925925925923 0.35 0.037037037037037035 0.03518518518518519
3 0.5416666666666666 0.29444444444444445 0.041666666666666664 0.03981481481481482
3 0.45555555555555555 0.46574074074074073 0.03981481481481482 0.041666666666666664
2 0.5009259259259259 0.4824074074074074 0.032407407407407406 0.03148148148148148
2 0.512962962962963 0.2037037037037037 0.028703703703703703 0.027777777777777776
3 0.3055555555555556 0.3731481481481482 0.041666666666666664 0.03888888888888889
0 0.45092592592592595 0.5472222222222223 0.030555555555555555 0.030555555555555555
1 0.35 0.3611111111111111 0.03796296296296296 0.03425925925925926
1 0.5259259259259259 0.3861111111111111 0.037037037037037035 0.03796296296296296
2 0.3611111111111111 0.44537037037037036 0.032407407407407406 0.03148148148148148
2 0.6046296296296296 0.2101851851851852 0.030555555555555555 0.030555555555555555
2 0.6546296296296297 0.24166666666666667 0.03148148148148148 0.030555555555555555
2 0.45925925925925926 0.5888888888888889 0.03425925925925926 0.03148148148148148
0 0.6129629629629629 0.41203703703703703 0.030555555555555555 0.030555555555555555
3 0.5277777777777778 0.6759259259259259 0.04537037037037037 0.044444444444444446
2 0.45185185185185184 0.6824074074074075 0.03611111111111111 0.03518518518518519
2 0.44722222222222224 0.20833333333333334 0.02962962962962963 0.02962962962962963
2 0.387037037037037 0.6685185185185185 0.03611111111111111 0.03611111111111111
3 0.5277777777777778 0.5212962962962963 0.04537037037037037 0.04351851851851852
3 0.6453703703703704 0.28888888888888886 0.04259259259259259 0.03981481481481482
2 0.40925925925925927 0.42685185185185187 0.032407407407407406 0.03148148148148148
2 0.40185185185185185 0.4935185185185185 0.03333333333333333 0.03333333333333333
3 0.3787037037037037 0.5472222222222223 0.04351851851851852 0.040740740740740744
2 0.7351851851851852 0.3277777777777778 0.03333333333333333 0.032407407407407406
2 0.575 0.23333333333333334 0.03148148148148148 0.030555555555555555
2 0.5648148148148148 0.46111111111111114 0.03333333333333333 0.03333333333333333
1 0.6129629629629629 0.4601851851851852 0.03888888888888889 0.037037037037037035
3 0.4046296296296296 0.30925925925925923 0.03888888888888889 0.03981481481481482
2 0.4398148148148148 0.512962962962963 0.032407407407407406 0.03148148148148148
3 0.6046296296296296 0.5879629629629629 0.04537037037037037 0.04351851851851852
3 0.6138888888888889 0.35833333333333334 0.041666666666666664 0.040740740740740744
3 0.5861111111111111 0.6842592592592592 0.046296296296296294 0.04537037037037037
3 0.32037037037037036 0.42592592592592593 0.04351851851851852 0.041666666666666664
3 0.29444444444444445 0.2638888888888889 0.03888888888888889 0.03888888888888889
3 0.5 0.6240740740740741 0.041666666666666664 0.041666666666666664
2 0.4888888888888889 0.425 0.032407407407407406 0.032407407407407406
0 0.6092592592592593 0.5120370370370371 0.03148148148148148 0.03148148148148148
1 0.7092592592592593 0.275 0.037037037037037035 0.03796296296296296
2 0.3425925925925926 0.22407407407407406 0.030555555555555555 0.02962962962962963