1 0.3074074074074074 0.487962962962963 0.04722222222222222 0.04259259259259259
1 0.3138888888888889 0.55 0.04722222222222222 0.04259259259259259
1 0.33240740740740743 0.4046296296296296 0.04722222222222222 0.04259259259259259
1 0.3888888888888889 0.3453703703703704 0.04722222222222222 0.04259259259259259
1 0.5074074074074074 0.4925925925925926 0.04259259259259259 0.04259259259259259
1 0.3351851851851852 0.3490740740740741 0.04722222222222222 0.04259259259259259
2 0.5814814814814815 0.4888888888888889 0.03611111111111111 0.03796296296296296
2 0.4111111111111111 0.43425925925925923 0.03796296296296296 0.03981481481481482
2 0.3731481481481482 0.4425925925925926 0.03796296296296296 0.03981481481481482
2 0.29444444444444445 0.42314814814814816 0.03796296296296296 0.03981481481481482
2 0.412962962962963 0.5018518518518519 0.03796296296296296 0.03981481481481482
2 0.38425925925925924 0.5796296296296296 0.037037037037037035 0.03796296296296296
2 0.5222222222222223 0.6666666666666666 0.03796296296296296 0.03981481481481482
2 0.5351851851851852 0.375 0.03796296296296296 0.03981481481481482
2 0.43796296296296294 0.6611111111111111 0.03796296296296296 0.03981481481481482
0 0.4722222222222222 0.6805555555555556 0.03611111111111111 0.037037037037037035
0 0.3787037037037037 0.4824074074074074 0.03611111111111111 0.03796296296296296
0 0.35555555555555557 0.512962962962963 0.03611111111111111 0.03796296296296296
0 0.48333333333333334 0.5268518518518519 0.03518518518518519 0.03611111111111111
0 0.4444444444444444 0.5833333333333334 0.03611111111111111 0.03425925925925926
0 0.687037037037037 0.5351851851851852 0.03611111111111111 0.03611111111111111
0 0.6546296296296297 0.5537037037037037 0.03611111111111111 0.037037037037037035
0 0.6314814814814815 0.524074074074074 0.03611111111111111 0.03611111111111111
0 0.5259259259259259 0.6268518518518519 0.03611111111111111 0.037037037037037035
0 0.562962962962963 0.6361111111111111 0.03611111111111111 0.037037037037037035
0 0.33055555555555555 0.4537037037037037 0.03611111111111111 0.03796296296296296
3 0.43333333333333335 0.39444444444444443 0.049074074074074076 0.05
3 0.48333333333333334 0.6111111111111112 0.049074074074074076 0.05
3 0.5574074074074075 0.5879629629629629 0.049074074074074076 0.05
3 0.5342592592592592 0.5361111111111111 0.049074074074074076 0.05
3 0.3787037037037037 0.39444444444444443 0.049074074074074076 0.05
3 0.48518518518518516 0.36666666666666664 0.049074074074074076 0.05
3 0.5925925925925926 0.5444444444444444 0.049074074074074076 0.05
3 0.41944444444444445 0.6212962962962963 0.04722222222222222 0.049074074074074076
3 0.5648148148148148 0.412962962962963 0.046296296296296294 0.04722222222222222
3 0.4962962962962963 0.4287037037037037 0.049074074074074076 0.05
3 0.3685185185185185 0.6333333333333333 0.049074074074074076 0.05
3 0.46296296296296297 0.47685185185185186 0.049074074074074076 0.05
3 0.600925925925926 0.6759259259259259 0.049074074074074076 0.05
3 0.55 0.7148148148148148 0.049074074074074076 0.05
3 0.4185185185185185 0.5481481481481482 0.049074074074074076 0.05
3 0.5435185185185185 0.4638888888888889 0.049074074074074076 0.05
3 0.6129629629629629 0.6259259259259259 0.049074074074074076 0.05
3 0.6657407407407407 0.49537037037037035 0.049074074074074076 0.05
3 0.6157407407407407 0.4537037037037037 0.049074074074074076 0.05