2 0.46111111111111114 0.7527777777777778 0.05092592592592592 0.05555555555555555
2 0.6555555555555556 0.7657407407407407 0.05648148148148148 0.058333333333333334
2 0.725925925925926 0.2712962962962963 0.05 0.05092592592592592
2 0.5638888888888889 0.46944444444444444 0.05648148148148148 0.05740740740740741
2 0.33425925925925926 0.3527777777777778 0.04537037037037037 0.04537037037037037
0 0.46296296296296297 0.6194444444444445 0.04722222222222222 0.04722222222222222
0 0.5833333333333334 0.6888888888888889 0.05185185185185185 0.04814814814814815
0 0.5194444444444445 0.687962962962963 0.04722222222222222 0.05185185185185185
0 0.47685185185185186 0.8203703703703704 0.053703703703703705 0.05277777777777778
0 0.3 0.2361111111111111 0.046296296296296294 0.04259259259259259
0 0.7601851851851852 0.3333333333333333 0.05185185185185185 0.04537037037037037
0 0.537962962962963 0.30648148148148147 0.04722222222222222 0.04537037037037037
1 0.48055555555555557 0.537962962962963 0.05555555555555555 0.05462962962962963
1 0.6537037037037037 0.6472222222222223 0.05648148148148148 0.05740740740740741
1 0.7425925925925926 0.7574074074074074 0.06574074074074074 0.06018518518518518
1 0.562962962962963 0.39814814814814814 0.05925925925925926 0.053703703703703705
1 0.6305555555555555 0.5194444444444445 0.05648148148148148 0.05740740740740741
1 0.7101851851851851 0.5444444444444444 0.058333333333333334 0.05740740740740741
1 0.7537037037037037 0.43333333333333335 0.06018518518518518 0.05740740740740741
1 0.39444444444444443 0.2824074074074074 0.05462962962962963 0.05555555555555555
1 0.6037037037037037 0.23981481481481481 0.053703703703703705 0.05555555555555555
1 0.4935185185185185 0.26296296296296295 0.05555555555555555 0.053703703703703705
1 0.46111111111111114 0.46296296296296297 0.05555555555555555 0.05462962962962963
3 0.5416666666666666 0.7851851851851852 0.06666666666666667 0.07222222222222222
3 0.6620370370370371 0.29907407407407405 0.06388888888888888 0.06481481481481481
3 0.4046296296296296 0.5398148148148149 0.05740740740740741 0.06388888888888888
3 0.5537037037037037 0.6018518518518519 0.06851851851851852 0.06666666666666667
3 0.7509259259259259 0.6370370370370371 0.06666666666666667 0.06944444444444445
3 0.6398148148148148 0.39351851851851855 0.06018518518518518 0.058333333333333334
3 0.4583333333333333 0.3888888888888889 0.06018518518518518 0.058333333333333334
3 0.37777777777777777 0.3962962962962963 0.06574074074074074 0.06018518518518518
3 0.32407407407407407 0.48055555555555557 0.06574074074074074 0.06111111111111111