3 0.5888888888888889 0.5268518518518519 0.17777777777777778 0.14351851851851852
2 0.3712962962962963 0.5324074074074074 0.1361111111111111 0.10555555555555556
3 0.8638888888888889 0.6296296296296297 0.17962962962962964 0.13148148148148148
0 0.5037037037037037 0.6259259259259259 0.1175925925925926 0.09537037037037037
2 0.6824074074074075 0.7083333333333334 0.12685185185185185 0.10277777777777777
3 0.2712962962962963 0.7185185185185186 0.19166666666666668 0.14351851851851852
3 0.47962962962962963 0.7712962962962963 0.17222222222222222 0.13148148148148148
1 0.9185185185185185 0.8351851851851851 0.14351851851851852 0.11944444444444445
1 0.11944444444444445 0.8277777777777777 0.1675925925925926 0.125
0 0.725 0.8629629629629629 0.12222222222222222 0.11018518518518519
3 0.575925925925926 0.9185185185185185 0.17777777777777778 0.12962962962962962
3 0.2574074074074074 0.9277777777777778 0.18703703703703703 0.13425925925925927