1 0.3055555555555556 0.32222222222222224 0.03425925925925926 0.03333333333333333
1 0.6675925925925926 0.5314814814814814 0.03148148148148148 0.03148148148148148
1 0.6277777777777778 0.49166666666666664 0.03148148148148148 0.03148148148148148
3 0.3296296296296296 0.2935185185185185 0.03888888888888889 0.037037037037037035
3 0.6861111111111111 0.2712962962962963 0.03796296296296296 0.03796296296296296
3 0.6962962962962963 0.7759259259259259 0.03611111111111111 0.03611111111111111
3 0.30648148148148147 0.7324074074074074 0.03425925925925926 0.03518518518518519
3 0.7481481481481481 0.5944444444444444 0.03796296296296296 0.037037037037037035
3 0.3990740740740741 0.1935185185185185 0.03981481481481482 0.03888888888888889
3 0.3435185185185185 0.737037037037037 0.037037037037037035 0.03611111111111111
3 0.27870370370370373 0.41574074074074074 0.03518518518518519 0.03611111111111111
1 0.45925925925925926 0.3111111111111111 0.03518518518518519 0.032407407407407406
3 0.4861111111111111 0.44166666666666665 0.03888888888888889 0.037037037037037035
1 0.4064814814814815 0.3037037037037037 0.03333333333333333 0.03425925925925926
1 0.3037037037037037 0.5851851851851851 0.03148148148148148 0.03148148148148148
1 0.4444444444444444 0.35 0.03148148148148148 0.03333333333333333
1 0.35555555555555557 0.3296296296296296 0.032407407407407406 0.032407407407407406
3 0.31203703703703706 0.49722222222222223 0.037037037037037035 0.03611111111111111
1 0.3851851851851852 0.3351851851851852 0.03148148148148148 0.03333333333333333
1 0.5944444444444444 0.8074074074074075 0.03148148148148148 0.03148148148148148
1 0.48148148148148145 0.36666666666666664 0.03518518518518519 0.03148148148148148
1 0.3333333333333333 0.6481481481481481 0.032407407407407406 0.032407407407407406
1 0.5361111111111111 0.6759259259259259 0.030555555555555555 0.032407407407407406
3 0.31851851851851853 0.412962962962963 0.037037037037037035 0.037037037037037035
1 0.4222222222222222 0.4685185185185185 0.032407407407407406 0.032407407407407406
3 0.6907407407407408 0.4537037037037037 0.03796296296296296 0.03796296296296296
1 0.3611111111111111 0.5175925925925926 0.030555555555555555 0.03333333333333333
1 0.4351851851851852 0.28425925925925927 0.032407407407407406 0.03333333333333333
1 0.37222222222222223 0.7277777777777777 0.030555555555555555 0.030555555555555555
3 0.7305555555555555 0.37962962962962965 0.03888888888888889 0.037037037037037035
3 0.2962962962962963 0.3768518518518518 0.03611111111111111 0.037037037037037035
3 0.7037037037037037 0.6342592592592593 0.03611111111111111 0.03611111111111111
1 0.39166666666666666 0.6305555555555555 0.03148148148148148 0.03148148148148148
1 0.6462962962962963 0.7435185185185185 0.032407407407407406 0.03148148148148148
1 0.4111111111111111 0.7324074074074074 0.030555555555555555 0.030555555555555555
1 0.28703703703703703 0.5583333333333333 0.030555555555555555 0.030555555555555555
0 0.32685185185185184 0.25 0.027777777777777776 0.026851851851851852
0 0.5555555555555556 0.2388888888888889 0.028703703703703703 0.027777777777777776
1 0.46944444444444444 0.26944444444444443 0.030555555555555555 0.032407407407407406
3 0.37222222222222223 0.6564814814814814 0.03518518518518519 0.03518518518518519
1 0.6 0.4111111111111111 0.03148148148148148 0.03425925925925926
1 0.32314814814814813 0.35462962962962963 0.032407407407407406 0.03148148148148148
3 0.6842592592592592 0.7379629629629629 0.037037037037037035 0.032407407407407406
3 0.4203703703703704 0.5731481481481482 0.03611111111111111 0.037037037037037035
3 0.6398148148148148 0.6592592592592592 0.03425925925925926 0.03425925925925926
1 0.7231481481481481 0.674074074074074 0.03333333333333333 0.03333333333333333
3 0.475 0.7814814814814814 0.03796296296296296 0.03518518518518519
1 0.5916666666666667 0.7083333333333334 0.030555555555555555 0.030555555555555555
0 0.3574074074074074 0.2712962962962963 0.026851851851851852 0.026851851851851852
1 0.42407407407407405 0.4148148148148148 0.030555555555555555 0.032407407407407406
1 0.2898148148148148 0.6481481481481481 0.02962962962962963 0.030555555555555555
0 0.5425925925925926 0.30185185185185187 0.026851851851851852 0.028703703703703703
1 0.36574074074074076 0.6148148148148148 0.03148148148148148 0.03148148148148148
2 0.38981481481481484 0.24351851851851852 0.030555555555555555 0.030555555555555555
1 0.5333333333333333 0.2601851851851852 0.03333333333333333 0.03425925925925926
1 0.5972222222222222 0.24259259259259258 0.03425925925925926 0.03611111111111111
1 0.7351851851851852 0.5055555555555555 0.032407407407407406 0.03148148148148148
3 0.48333333333333334 0.7361111111111112 0.03611111111111111 0.03611111111111111
1 0.4462962962962963 0.3888888888888889 0.032407407407407406 0.03333333333333333
1 0.3277777777777778 0.46296296296296297 0.032407407407407406 0.032407407407407406
0 0.3648148148148148 0.22407407407407406 0.02962962962962963 0.030555555555555555
1 0.5944444444444444 0.3768518518518518 0.030555555555555555 0.030555555555555555
1 0.6481481481481481 0.36666666666666664 0.03148148148148148 0.032407407407407406
1 0.5074074074074074 0.8009259259259259 0.03148148148148148 0.03148148148148148
1 0.2898148148148148 0.4648148148148148 0.03148148148148148 0.032407407407407406
0 0.42962962962962964 0.32222222222222224 0.026851851851851852 0.027777777777777776
1 0.5703703703703704 0.4009259259259259 0.03148148148148148 0.032407407407407406
0 0.4537037037037037 0.21481481481481482 0.027777777777777776 0.027777777777777776
1 0.5907407407407408 0.28888888888888886 0.032407407407407406 0.03333333333333333
1 0.5638888888888889 0.762962962962963 0.03333333333333333 0.03333333333333333
3 0.37037037037037035 0.6925925925925925 0.03333333333333333 0.03518518518518519
0 0.6657407407407407 0.22870370370370371 0.02962962962962963 0.027777777777777776
3 0.5407407407407407 0.5537037037037037 0.03796296296296296 0.03796296296296296
3 0.537962962962963 0.4981481481481482 0.03796296296296296 0.037037037037037035
0 0.38425925925925924 0.2759259259259259 0.027777777777777776 0.026851851851851852
2 0.41388888888888886 0.26296296296296295 0.02962962962962963 0.03148148148148148
3 0.3574074074074074 0.5814814814814815 0.03518518518518519 0.03425925925925926
3 0.4824074074074074 0.549074074074074 0.03611111111111111 0.03518518518518519
3 0.42592592592592593 0.5212962962962963 0.03611111111111111 0.037037037037037035
1 0.5 0.6231481481481481 0.030555555555555555 0.03333333333333333
2 0.3425925925925926 0.3888888888888889 0.030555555555555555 0.027777777777777776
2 0.6296296296296297 0.7777777777777778 0.027777777777777776 0.028703703703703703
3 0.5564814814814815 0.3685185185185185 0.037037037037037035 0.03611111111111111
2 0.49722222222222223 0.7648148148148148 0.027777777777777776 0.027777777777777776
2 0.41388888888888886 0.3527777777777778 0.02962962962962963 0.030555555555555555
1 0.5666666666666667 0.5287037037037037 0.030555555555555555 0.03148148148148148
3 0.6398148148148148 0.2537037037037037 0.03981481481481482 0.03888888888888889
2 0.38796296296296295 0.5712962962962963 0.027777777777777776 0.027777777777777776
1 0.6314814814814815 0.42592592592592593 0.030555555555555555 0.032407407407407406
0 0.6981481481481482 0.412962962962963 0.027777777777777776 0.025925925925925925
3 0.6425925925925926 0.5675925925925925 0.037037037037037035 0.037037037037037035
1 0.4777777777777778 0.2361111111111111 0.032407407407407406 0.03425925925925926
1 0.4203703703703704 0.7870370370370371 0.03148148148148148 0.030555555555555555
2 0.3296296296296296 0.5222222222222223 0.026851851851851852 0.027777777777777776
1 0.6611111111111111 0.6342592592592593 0.02962962962962963 0.032407407407407406
3 0.4166666666666667 0.6712962962962963 0.037037037037037035 0.03518518518518519
1 0.6222222222222222 0.5953703703703703 0.030555555555555555 0.032407407407407406
3 0.5212962962962963 0.325 0.03611111111111111 0.03611111111111111
2 0.7175925925925926 0.5722222222222222 0.028703703703703703 0.028703703703703703
2 0.48055555555555557 0.3962962962962963 0.028703703703703703 0.02962962962962963
1 0.562037037037037 0.649074074074074 0.032407407407407406 0.03148148148148148
2 0.36666666666666664 0.46574074074074073 0.028703703703703703 0.028703703703703703
1 0.6046296296296296 0.32407407407407407 0.030555555555555555 0.03333333333333333
1 0.5601851851851852 0.6138888888888889 0.03148148148148148 0.03425925925925926
2 0.6842592592592592 0.6666666666666666 0.030555555555555555 0.03148148148148148
0 0.5101851851851852 0.3972222222222222 0.027777777777777776 0.026851851851851852
1 0.5675925925925925 0.4675925925925926 0.030555555555555555 0.03148148148148148
1 0.6351851851851852 0.5212962962962963 0.032407407407407406 0.03425925925925926
0 0.3277777777777778 0.6101851851851852 0.025925925925925925 0.025925925925925925
1 0.6685185185185185 0.3972222222222222 0.03148148148148148 0.03333333333333333
2 0.5185185185185185 0.2324074074074074 0.030555555555555555 0.03148148148148148
2 0.44814814814814813 0.5944444444444444 0.02962962962962963 0.03148148148148148
3 0.5175925925925926 0.362962962962963 0.03611111111111111 0.03425925925925926
2 0.6583333333333333 0.7796296296296297 0.02962962962962963 0.028703703703703703
0 0.41944444444444445 0.22314814814814815 0.027777777777777776 0.027777777777777776
1 0.5814814814814815 0.43703703703703706 0.028703703703703703 0.02962962962962963
3 0.6666666666666666 0.4981481481481482 0.03611111111111111 0.03611111111111111
3 0.6 0.6509259259259259 0.03796296296296296 0.03796296296296296
2 0.7518518518518519 0.625 0.03148148148148148 0.027777777777777776
2 0.6277777777777778 0.7166666666666667 0.027777777777777776 0.02962962962962963
1 0.3907407407407407 0.7546296296296297 0.03148148148148148 0.032407407407407406
3 0.6083333333333333 0.4601851851851852 0.03611111111111111 0.03518518518518519
0 0.3138888888888889 0.7675925925925926 0.025925925925925925 0.025
3 0.5583333333333333 0.7287037037037037 0.03611111111111111 0.03518518518518519
2 0.6907407407407408 0.7018518518518518 0.02962962962962963 0.02962962962962963
1 0.7231481481481481 0.7129629629629629 0.03518518518518519 0.03425925925925926
0 0.3074074074074074 0.44166666666666665 0.025925925925925925 0.025925925925925925
0 0.30833333333333335 0.6277777777777778 0.028703703703703703 0.027777777777777776
1 0.5120370370370371 0.5296296296296297 0.03333333333333333 0.03148148148148148
2 0.75 0.6546296296296297 0.02962962962962963 0.027777777777777776
2 0.4861111111111111 0.33240740740740743 0.02962962962962963 0.030555555555555555
1 0.3490740740740741 0.49074074074074076 0.030555555555555555 0.032407407407407406
0 0.6407407407407407 0.8074074074074075 0.026851851851851852 0.025925925925925925
0 0.5888888888888889 0.7388888888888889 0.026851851851851852 0.027777777777777776
1 0.6361111111111111 0.33055555555555555 0.032407407407407406 0.03333333333333333
0 0.44074074074074077 0.25092592592592594 0.027777777777777776 0.025925925925925925
0 0.2962962962962963 0.2916666666666667 0.027777777777777776 0.027777777777777776
2 0.39351851851851855 0.5972222222222222 0.02962962962962963 0.02962962962962963
2 0.42407407407407405 0.6111111111111112 0.028703703703703703 0.028703703703703703
2 0.625 0.21203703703703702 0.03148148148148148 0.03148148148148148
2 0.4398148148148148 0.44074074074074077 0.028703703703703703 0.02962962962962963
2 0.7574074074074074 0.5416666666666666 0.030555555555555555 0.02962962962962963
0 0.7 0.48703703703703705 0.027777777777777776 0.025925925925925925
1 0.5064814814814815 0.6685185185185185 0.02962962962962963 0.030555555555555555
2 0.3537037037037037 0.7731481481481481 0.027777777777777776 0.027777777777777776
2 0.7203703703703703 0.4675925925925926 0.030555555555555555 0.02962962962962963
0 0.34074074074074073 0.6861111111111111 0.025 0.025
1 0.4759259259259259 0.6731481481481482 0.032407407407407406 0.032407407407407406
2 0.375 0.43425925925925923 0.027777777777777776 0.028703703703703703
2 0.462037037037037 0.4203703703703704 0.02962962962962963 0.02962962962962963
0 0.6240740740740741 0.287962962962963 0.026851851851851852 0.026851851851851852
2 0.6175925925925926 0.7481481481481481 0.026851851851851852 0.027777777777777776
0 0.3277777777777778 0.5685185185185185 0.025925925925925925 0.025925925925925925
0 0.38796296296296295 0.38333333333333336 0.025925925925925925 0.025925925925925925
2 0.3055555555555556 0.5324074074074074 0.028703703703703703 0.02962962962962963
0 0.6657407407407407 0.33425925925925926 0.027777777777777776 0.028703703703703703
2 0.3907407407407407 0.5203703703703704 0.027777777777777776 0.027777777777777776
0 0.5851851851851851 0.34814814814814815 0.027777777777777776 0.026851851851851852
0 0.39166666666666666 0.46944444444444444 0.025925925925925925 0.025925925925925925
2 0.45092592592592595 0.8055555555555556 0.028703703703703703 0.026851851851851852
0 0.5027777777777778 0.4722222222222222 0.025925925925925925 0.026851851851851852
2 0.4444444444444444 0.49166666666666664 0.027777777777777776 0.028703703703703703
0 0.28055555555555556 0.6055555555555555 0.026851851851851852 0.025
2 0.3675925925925926 0.40370370370370373 0.028703703703703703 0.02962962962962963
0 0.525 0.6074074074074074 0.026851851851851852 0.026851851851851852
0 0.40185185185185185 0.7055555555555556 0.025 0.024074074074074074
2 0.6574074074074074 0.2962962962962963 0.02962962962962963 0.02962962962962963
0 0.39351851851851855 0.4101851851851852 0.026851851851851852 0.026851851851851852
2 0.5916666666666667 0.5796296296296296 0.028703703703703703 0.028703703703703703
2 0.40925925925925927 0.49537037037037035 0.027777777777777776 0.02962962962962963
0 0.5777777777777777 0.5574074074074075 0.025925925925925925 0.025925925925925925
0 0.6555555555555556 0.687037037037037 0.027777777777777776 0.026851851851851852
0 0.4046296296296296 0.4361111111111111 0.026851851851851852 0.027777777777777776
0 0.4898148148148148 0.2962962962962963 0.026851851851851852 0.027777777777777776
2 0.4703703703703704 0.5777777777777777 0.028703703703703703 0.028703703703703703
2 0.6592592592592592 0.6018518518518519 0.028703703703703703 0.030555555555555555
2 0.6166666666666667 0.687962962962963 0.030555555555555555 0.03148148148148148
2 0.47685185185185186 0.48703703703703705 0.026851851851851852 0.027777777777777776
0 0.5638888888888889 0.6972222222222222 0.025 0.024074074074074074
3 0.65 0.462037037037037 0.03518518518518519 0.03611111111111111
0 0.47129629629629627 0.6083333333333333 0.026851851851851852 0.025925925925925925
2 0.7018518518518518 0.30648148148148147 0.030555555555555555 0.030555555555555555
0 0.34629629629629627 0.5481481481481482 0.026851851851851852 0.025925925925925925
0 0.5972222222222222 0.7703703703703704 0.025925925925925925 0.025
2 0.5935185185185186 0.6129629629629629 0.028703703703703703 0.02962962962962963
1 0.4740740740740741 0.6407407407407407 0.03148148148148148 0.032407407407407406
2 0.37222222222222223 0.30277777777777776 0.028703703703703703 0.030555555555555555
0 0.3611111111111111 0.36944444444444446 0.026851851851851852 0.025925925925925925
0 0.2851851851851852 0.5175925925925926 0.025925925925925925 0.025
2 0.5851851851851851 0.6814814814814815 0.028703703703703703 0.028703703703703703
2 0.30462962962962964 0.675 0.026851851851851852 0.028703703703703703
2 0.6944444444444444 0.5509259259259259 0.028703703703703703 0.028703703703703703
0 0.7203703703703703 0.7425925925925926 0.027777777777777776 0.026851851851851852
2 0.6185185185185185 0.3574074074074074 0.030555555555555555 0.032407407407407406
0 0.35 0.44074074074074077 0.026851851851851852 0.027777777777777776
0 0.49166666666666664 0.700925925925926 0.025925925925925925 0.026851851851851852
2 0.512962962962963 0.5796296296296296 0.027777777777777776 0.02962962962962963
2 0.6907407407407408 0.3638888888888889 0.028703703703703703 0.03148148148148148
2 0.512962962962963 0.725925925925926 0.028703703703703703 0.027777777777777776
0 0.5314814814814814 0.7768518518518519 0.025925925925925925 0.025
0 0.6296296296296297 0.6240740740740741 0.025925925925925925 0.026851851851851852
0 0.6351851851851852 0.39351851851851855 0.026851851851851852 0.026851851851851852
0 0.38425925925925924 0.7824074074074074 0.025 0.025
2 0.5185185185185185 0.28888888888888886 0.028703703703703703 0.02962962962962963
3 0.7351851851851852 0.4305555555555556 0.03888888888888889 0.037037037037037035
0 0.44351851851851853 0.6305555555555555 0.025925925925925925 0.025925925925925925
0 0.37222222222222223 0.5472222222222223 0.025925925925925925 0.025
0 0.5564814814814815 0.7925925925925926 0.025925925925925925 0.025925925925925925
2 0.5018518518518519 0.5009259259259259 0.026851851851851852 0.027777777777777776
2 0.42685185185185187 0.7046296296296296 0.026851851851851852 0.026851851851851852
2 0.5324074074074074 0.46296296296296297 0.027777777777777776 0.02962962962962963
0 0.48055555555555557 0.5166666666666667 0.025925925925925925 0.026851851851851852
1 0.44814814814814813 0.687037037037037 0.028703703703703703 0.028703703703703703
2 0.4583333333333333 0.7101851851851851 0.027777777777777776 0.026851851851851852
0 0.45740740740740743 0.5259259259259259 0.027777777777777776 0.028703703703703703
0 0.5314814814814814 0.6361111111111111 0.025925925925925925 0.026851851851851852
0 0.40555555555555556 0.5481481481481482 0.026851851851851852 0.025925925925925925
0 0.49722222222222223 0.262037037037037 0.025925925925925925 0.026851851851851852
0 0.4601851851851852 0.4675925925925926 0.026851851851851852 0.026851851851851852
2 0.562962962962963 0.28055555555555556 0.028703703703703703 0.030555555555555555
0 0.6574074074074074 0.7148148148148148 0.026851851851851852 0.027777777777777776
0 0.5712962962962963 0.49907407407407406 0.026851851851851852 0.026851851851851852
0 0.4222222222222222 0.6407407407407407 0.026851851851851852 0.026851851851851852
1 0.6962962962962963 0.5962962962962963 0.03148148148148148 0.032407407407407406
0 0.4388888888888889 0.7324074074074074 0.025925925925925925 0.025
0 0.4925925925925926 0.5972222222222222 0.025925925925925925 0.026851851851851852
0 0.5314814814814814 0.7453703703703703 0.025925925925925925 0.026851851851851852
2 0.5361111111111111 0.7037037037037037 0.026851851851851852 0.027777777777777776
2 0.4537037037037037 0.7564814814814815 0.026851851851851852 0.027777777777777776
0 0.36203703703703705 0.8018518518518518 0.026851851851851852 0.024074074074074074
2 0.5564814814814815 0.5851851851851851 0.02962962962962963 0.030555555555555555
0 0.6777777777777778 0.5722222222222222 0.025 0.025925925925925925
2 0.3148148148148148 0.6990740740740741 0.02962962962962963 0.030555555555555555
0 0.44537037037037036 0.6564814814814814 0.025 0.025
0 0.5740740740740741 0.31203703703703706 0.025925925925925925 0.026851851851851852
0 0.6064814814814815 0.5324074074074074 0.025 0.026851851851851852
2 0.5231481481481481 0.43425925925925923 0.025925925925925925 0.027777777777777776
0 0.725 0.34074074074074073 0.02962962962962963 0.02962962962962963
2 0.700925925925926 0.5203703703703704 0.030555555555555555 0.02962962962962963
0 0.55 0.33425925925925926 0.025 0.025
2 0.44722222222222224 0.5583333333333333 0.026851851851851852 0.027777777777777776
0 0.5962962962962963 0.49074074074074076 0.024074074074074074 0.026851851851851852
0 0.537962962962963 0.412962962962963 0.025 0.025
0 0.42407407407407405 0.7583333333333333 0.025925925925925925 0.025925925925925925
0 0.549074074074074 0.4388888888888889 0.027777777777777776 0.027777777777777776
0 0.6638888888888889 0.43148148148148147 0.025925925925925925 0.025925925925925925
0 0.7268518518518519 0.5416666666666666 0.028703703703703703 0.025925925925925925
2 0.41759259259259257 0.38333333333333336 0.025925925925925925 0.02962962962962963