3 0.5601851851851852 0.34814814814814815 0.06944444444444445 0.09166666666666666
3 0.6824074074074075 0.36203703703703705 0.07222222222222222 0.09537037037037037
3 0.4305555555555556 0.5138888888888888 0.06574074074074074 0.09537037037037037
3 0.4740740740740741 0.6888888888888889 0.075 0.08703703703703704
3 0.5777777777777777 0.4722222222222222 0.07037037037037037 0.09074074074074075
2 0.44814814814814813 0.39351851851851855 0.058333333333333334 0.08333333333333333
1 0.5916666666666667 0.7388888888888889 0.06388888888888888 0.08703703703703704
2 0.5333333333333333 0.5861111111111111 0.05555555555555555 0.07685185185185185
3 0.6564814814814814 0.5435185185185185 0.07222222222222222 0.08981481481481482
0 0.49722222222222223 0.4787037037037037 0.05 0.075
0 0.6212962962962963 0.625 0.05185185185185185 0.075
1 0.6259259259259259 0.26944444444444443 0.06574074074074074 0.08055555555555556