1 0.5555555555555556 0.5972222222222222 0.03981481481481482 0.03796296296296296
1 0.5046296296296297 0.2064814814814815 0.03888888888888889 0.040740740740740744
1 0.48333333333333334 0.6074074074074074 0.03981481481481482 0.03611111111111111
1 0.3287037037037037 0.3648148148148148 0.03981481481481482 0.03888888888888889
0 0.4101851851851852 0.5518518518518518 0.03333333333333333 0.03148148148148148
1 0.6472222222222223 0.5898148148148148 0.03888888888888889 0.03796296296296296
1 0.7055555555555556 0.4638888888888889 0.04259259259259259 0.03888888888888889
1 0.46296296296296297 0.5518518518518518 0.040740740740740744 0.03796296296296296
3 0.3675925925925926 0.5805555555555556 0.044444444444444446 0.04351851851851852
1 0.37592592592592594 0.4675925925925926 0.040740740740740744 0.03796296296296296
2 0.2675925925925926 0.549074074074074 0.03425925925925926 0.032407407407407406
1 0.4666666666666667 0.7222222222222222 0.03796296296296296 0.037037037037037035
3 0.41574074074074074 0.24259259259259258 0.04259259259259259 0.04259259259259259
0 0.4185185185185185 0.5111111111111111 0.03333333333333333 0.03148148148148148
0 0.46296296296296297 0.49074074074074076 0.032407407407407406 0.030555555555555555
0 0.5537037037037037 0.30462962962962964 0.03333333333333333 0.030555555555555555
1 0.3425925925925926 0.8018518518518518 0.03981481481481482 0.03796296296296296
1 0.3175925925925926 0.462037037037037 0.037037037037037035 0.03796296296296296
0 0.3712962962962963 0.5212962962962963 0.032407407407407406 0.03148148148148148
2 0.6351851851851852 0.4962962962962963 0.03518518518518519 0.03333333333333333
3 0.42777777777777776 0.30092592592592593 0.044444444444444446 0.04351851851851852
2 0.4888888888888889 0.45 0.03611111111111111 0.03518518518518519
0 0.4203703703703704 0.6907407407407408 0.03333333333333333 0.032407407407407406
2 0.512962962962963 0.6361111111111111 0.03518518518518519 0.03333333333333333
3 0.3907407407407407 0.33611111111111114 0.044444444444444446 0.044444444444444446
2 0.4675925925925926 0.7620370370370371 0.03425925925925926 0.03333333333333333
0 0.5453703703703704 0.537962962962963 0.03333333333333333 0.03148148148148148
0 0.37592592592592594 0.687037037037037 0.03333333333333333 0.02962962962962963
0 0.6398148148148148 0.6842592592592592 0.032407407407407406 0.030555555555555555
0 0.5916666666666667 0.3287037037037037 0.03333333333333333 0.03148148148148148
2 0.4861111111111111 0.6731481481481482 0.03518518518518519 0.03425925925925926
0 0.3453703703703704 0.43333333333333335 0.032407407407407406 0.032407407407407406
2 0.5 0.512962962962963 0.03518518518518519 0.03333333333333333
2 0.3907407407407407 0.38333333333333336 0.03611111111111111 0.03518518518518519
3 0.4212962962962963 0.6 0.044444444444444446 0.04537037037037037
1 0.42962962962962964 0.799074074074074 0.03888888888888889 0.03611111111111111
0 0.3814814814814815 0.4148148148148148 0.032407407407407406 0.030555555555555555
0 0.5944444444444444 0.5694444444444444 0.03333333333333333 0.032407407407407406
2 0.3990740740740741 0.7203703703703703 0.03425925925925926 0.03425925925925926
3 0.3277777777777778 0.6574074074074074 0.04259259259259259 0.03981481481481482
2 0.4444444444444444 0.37222222222222223 0.03518518518518519 0.03518518518518519
1 0.5092592592592593 0.7157407407407408 0.03796296296296296 0.03796296296296296
3 0.3574074074074074 0.28425925925925927 0.04351851851851852 0.044444444444444446
3 0.31851851851851853 0.5259259259259259 0.044444444444444446 0.04537037037037037
2 0.30833333333333335 0.4101851851851852 0.03518518518518519 0.03518518518518519
2 0.5046296296296297 0.4027777777777778 0.03425925925925926 0.03333333333333333
2 0.31666666666666665 0.7101851851851851 0.03611111111111111 0.03611111111111111
0 0.6314814814814815 0.5370370370370371 0.032407407407407406 0.030555555555555555
0 0.5435185185185185 0.3851851851851852 0.032407407407407406 0.03148148148148148
0 0.6425925925925926 0.6287037037037037 0.032407407407407406 0.02962962962962963
3 0.675 0.37592592592592594 0.044444444444444446 0.04351851851851852
3 0.6953703703703704 0.5796296296296296 0.04537037037037037 0.04351851851851852
2 0.537962962962963 0.7592592592592593 0.03518518518518519 0.03425925925925926
2 0.30648148148148147 0.5861111111111111 0.037037037037037035 0.03333333333333333
2 0.6527777777777778 0.43333333333333335 0.03518518518518519 0.03333333333333333
3 0.4962962962962963 0.3055555555555556 0.04351851851851852 0.044444444444444446
2 0.5546296296296296 0.4222222222222222 0.03333333333333333 0.03333333333333333
2 0.5064814814814815 0.5712962962962963 0.03425925925925926 0.032407407407407406
2 0.4203703703703704 0.43333333333333335 0.03518518518518519 0.03425925925925926
2 0.6555555555555556 0.7472222222222222 0.03425925925925926 0.03333333333333333
3 0.47314814814814815 0.25462962962962965 0.04259259259259259 0.04351851851851852
2 0.3675925925925926 0.7472222222222222 0.03425925925925926 0.03425925925925926
2 0.5462962962962963 0.2518518518518518 0.03518518518518519 0.03425925925925926
3 0.44074074074074077 0.6537037037037037 0.04259259259259259 0.040740740740740744
2 0.5944444444444444 0.44166666666666665 0.03425925925925926 0.03333333333333333
2 0.37962962962962965 0.6444444444444445 0.032407407407407406 0.032407407407407406
2 0.5842592592592593 0.5157407407407407 0.03518518518518519 0.032407407407407406
3 0.662962962962963 0.30185185185185187 0.044444444444444446 0.04351851851851852
3 0.6916666666666667 0.6416666666666667 0.04351851851851852 0.044444444444444446
3 0.5879629629629629 0.6462962962962963 0.04351851851851852 0.04259259259259259
3 0.4648148148148148 0.40925925925925927 0.04259259259259259 0.04351851851851852
3 0.5851851851851851 0.737037037037037 0.04259259259259259 0.044444444444444446
2 0.5388888888888889 0.6675925925925926 0.03425925925925926 0.03333333333333333
1 0.26296296296296295 0.6685185185185185 0.040740740740740744 0.03888888888888889
2 0.5009259259259259 0.7907407407407407 0.03425925925925926 0.03148148148148148
2 0.537962962962963 0.3416666666666667 0.03425925925925926 0.03518518518518519
3 0.6194444444444445 0.38981481481481484 0.04259259259259259 0.04351851851851852
2 0.23981481481481481 0.6046296296296296 0.037037037037037035 0.03518518518518519
3 0.6787037037037037 0.5203703703703704 0.04259259259259259 0.040740740740740744
3 0.7055555555555556 0.7055555555555556 0.04537037037037037 0.04259259259259259
2 0.425 0.4722222222222222 0.03425925925925926 0.03425925925925926
3 0.5361111111111111 0.47129629629629627 0.04259259259259259 0.04259259259259259
2 0.46296296296296297 0.3333333333333333 0.03333333333333333 0.03518518518518519
2 0.6111111111111112 0.2657407407407407 0.03611111111111111 0.03425925925925926
2 0.44814814814814813 0.8379629629629629 0.03611111111111111 0.03518518518518519