3 0.5037037037037037 0.4527777777777778 0.10555555555555556 0.08333333333333333
2 0.6296296296296297 0.45925925925925926 0.09537037037037037 0.0787037037037037
3 0.33055555555555555 0.5175925925925926 0.10555555555555556 0.08888888888888889
0 0.5472222222222223 0.5194444444444445 0.08333333333333333 0.06666666666666667
2 0.4388888888888889 0.5685185185185185 0.10092592592592593 0.07685185185185185
3 0.6814814814814815 0.5675925925925925 0.11296296296296296 0.08888888888888889
3 0.5601851851851852 0.5972222222222222 0.11018518518518519 0.08888888888888889
1 0.2972222222222222 0.6444444444444445 0.09537037037037037 0.0787037037037037
0 0.4101851851851852 0.6574074074074074 0.0787037037037037 0.06481481481481481
1 0.7648148148148148 0.625 0.09074074074074075 0.07685185185185185
3 0.4925925925925926 0.6824074074074075 0.11018518518518519 0.08611111111111111
3 0.6787037037037037 0.6898148148148148 0.10555555555555556 0.08333333333333333