2 0.5342592592592592 0.4462962962962963 0.04814814814814815 0.03981481481481482
3 0.7231481481481481 0.774074074074074 0.06018518518518518 0.05277777777777778
3 0.2388888888888889 0.30462962962962964 0.06018518518518518 0.05277777777777778
3 0.20277777777777778 0.22592592592592592 0.06018518518518518 0.05092592592592592
1 0.6222222222222222 0.3638888888888889 0.05277777777777778 0.04351851851851852
1 0.47962962962962963 0.6453703703703704 0.05092592592592592 0.044444444444444446
1 0.5981481481481481 0.6212962962962963 0.05277777777777778 0.044444444444444446
3 0.16574074074074074 0.3425925925925926 0.062037037037037036 0.05092592592592592
3 0.06296296296296296 0.5185185185185185 0.06388888888888888 0.05277777777777778
3 0.6907407407407408 0.6564814814814814 0.06018518518518518 0.05092592592592592
2 0.4546296296296296 0.5925925925925926 0.046296296296296294 0.03981481481481482
3 0.6453703703703704 0.2740740740740741 0.05925925925925926 0.05
1 0.525 0.2638888888888889 0.05092592592592592 0.044444444444444446
3 0.487962962962963 0.21203703703703702 0.06018518518518518 0.05092592592592592
1 0.412962962962963 0.23055555555555557 0.05462962962962963 0.046296296296296294
3 0.3611111111111111 0.20185185185185187 0.05925925925925926 0.05092592592592592
3 0.2175925925925926 0.17222222222222222 0.062037037037037036 0.05277777777777778
3 0.2222222222222222 0.362962962962963 0.06018518518518518 0.05092592592592592
3 0.1814814814814815 0.4083333333333333 0.062037037037037036 0.05092592592592592
3 0.11666666666666667 0.38981481481481484 0.06018518518518518 0.05092592592592592
3 0.26666666666666666 0.4027777777777778 0.062037037037037036 0.05092592592592592
3 0.47685185185185186 0.4425925925925926 0.05925925925925926 0.05092592592592592
3 0.425 0.39537037037037037 0.05925925925925926 0.05092592592592592
3 0.6240740740740741 0.41759259259259257 0.05925925925925926 0.05277777777777778
3 0.7305555555555555 0.46944444444444444 0.05925925925925926 0.05092592592592592
3 0.7148148148148148 0.4203703703703704 0.05925925925925926 0.05092592592592592
3 0.8277777777777777 0.36018518518518516 0.06018518518518518 0.05092592592592592
3 0.8768518518518519 0.42407407407407405 0.06018518518518518 0.05092592592592592
3 0.9472222222222222 0.4564814814814815 0.06018518518518518 0.05092592592592592
3 0.9333333333333333 0.6175925925925926 0.062037037037037036 0.05092592592592592
3 0.8722222222222222 0.587037037037037 0.05925925925925926 0.05277777777777778
3 0.5425925925925926 0.5472222222222223 0.06018518518518518 0.05277777777777778
3 0.7435185185185185 0.6 0.05740740740740741 0.05092592592592592
3 0.1361111111111111 0.5 0.062037037037037036 0.05092592592592592
3 0.2657407407407407 0.5425925925925926 0.06018518518518518 0.05092592592592592
3 0.12777777777777777 0.5601851851851852 0.062037037037037036 0.05277777777777778
3 0.27314814814814814 0.6 0.062037037037037036 0.05277777777777778
3 0.3037037037037037 0.7064814814814815 0.062037037037037036 0.05277777777777778
3 0.49907407407407406 0.7037037037037037 0.05925925925925926 0.05277777777777778
3 0.7129629629629629 0.7175925925925926 0.05555555555555555 0.05092592592592592
3 0.5287037037037037 0.7824074074074074 0.06018518518518518 0.05277777777777778
3 0.625 0.8324074074074074 0.062037037037037036 0.05277777777777778
3 0.6527777777777778 0.8916666666666667 0.06018518518518518 0.05277777777777778
3 0.4722222222222222 0.937962962962963 0.06018518518518518 0.05277777777777778
3 0.412962962962963 0.8972222222222223 0.062037037037037036 0.05462962962962963
3 0.31851851851851853 0.8277777777777777 0.062037037037037036 0.05462962962962963
2 0.36944444444444446 0.537962962962963 0.04814814814814815 0.03981481481481482
3 0.0787037037037037 0.45740740740740743 0.062037037037037036 0.05277777777777778
0 0.262037037037037 0.49074074074074076 0.044444444444444446 0.03888888888888889
0 0.30648148148148147 0.14722222222222223 0.046296296296296294 0.03888888888888889
0 0.3712962962962963 0.14074074074074075 0.044444444444444446 0.03888888888888889
0 0.6027777777777777 0.21574074074074073 0.04351851851851852 0.03888888888888889
0 0.5824074074074074 0.17407407407407408 0.044444444444444446 0.03888888888888889
0 0.6768518518518518 0.23425925925925925 0.044444444444444446 0.03888888888888889
0 0.7055555555555556 0.2037037037037037 0.04351851851851852 0.03888888888888889
0 0.7981481481481482 0.24722222222222223 0.044444444444444446 0.03888888888888889
0 0.7657407407407407 0.28888888888888886 0.044444444444444446 0.037037037037037035
0 0.7870370370370371 0.33055555555555555 0.044444444444444446 0.037037037037037035
0 0.825 0.2972222222222222 0.04351851851851852 0.03888888888888889
0 0.8777777777777778 0.287962962962963 0.044444444444444446 0.03888888888888889
0 0.8175925925925925 0.412962962962963 0.044444444444444446 0.03888888888888889
0 0.9675925925925926 0.5046296296296297 0.044444444444444446 0.03888888888888889
0 0.8925925925925926 0.6685185185185185 0.044444444444444446 0.03888888888888889
0 0.8333333333333334 0.6537037037037037 0.044444444444444446 0.03888888888888889
0 0.8472222222222222 0.5157407407407407 0.04351851851851852 0.037037037037037035
0 0.7842592592592592 0.4981481481481482 0.044444444444444446 0.03888888888888889
0 0.7537037037037037 0.5472222222222223 0.044444444444444446 0.03888888888888889
0 0.6648148148148149 0.5009259259259259 0.044444444444444446 0.03888888888888889
0 0.6777777777777778 0.4527777777777778 0.04351851851851852 0.037037037037037035
0 0.612037037037037 0.3175925925925926 0.044444444444444446 0.037037037037037035
0 0.6675925925925926 0.3824074074074074 0.044444444444444446 0.03888888888888889
0 0.5074074074074074 0.4074074074074074 0.044444444444444446 0.03888888888888889
0 0.5425925925925926 0.3731481481481482 0.044444444444444446 0.03888888888888889
0 0.41203703703703703 0.2851851851851852 0.044444444444444446 0.03888888888888889
0 0.36018518518518516 0.36203703703703705 0.04351851851851852 0.03888888888888889
0 0.35462962962962963 0.31296296296296294 0.044444444444444446 0.03888888888888889
0 0.13703703703703704 0.44074074074074077 0.044444444444444446 0.03888888888888889
0 0.41944444444444445 0.4537037037037037 0.04351851851851852 0.03888888888888889
0 0.5796296296296296 0.4777777777777778 0.044444444444444446 0.037037037037037035
0 0.4888888888888889 0.49074074074074076 0.044444444444444446 0.03888888888888889
0 0.3925925925925926 0.487962962962963 0.044444444444444446 0.03888888888888889
0 0.43796296296296294 0.5046296296296297 0.044444444444444446 0.03888888888888889
0 0.4740740740740741 0.5398148148148149 0.044444444444444446 0.03888888888888889
0 0.612037037037037 0.5685185185185185 0.044444444444444446 0.03888888888888889
0 0.6648148148148149 0.6074074074074074 0.044444444444444446 0.03888888888888889
0 0.45740740740740743 0.7574074074074074 0.044444444444444446 0.03888888888888889
0 0.5453703703703704 0.6638888888888889 0.044444444444444446 0.03888888888888889
0 0.4324074074074074 0.687037037037037 0.04351851851851852 0.03888888888888889
0 0.08425925925925926 0.600925925925926 0.04814814814814815 0.03888888888888889
0 0.15925925925925927 0.6222222222222222 0.046296296296296294 0.03888888888888889
0 0.28703703703703703 0.6462962962962963 0.044444444444444446 0.03888888888888889
0 0.23703703703703705 0.687037037037037 0.046296296296296294 0.03888888888888889
0 0.2824074074074074 0.7574074074074074 0.046296296296296294 0.03888888888888889
0 0.38981481481481484 0.8379629629629629 0.044444444444444446 0.03981481481481482
0 0.38796296296296295 0.7916666666666666 0.04814814814814815 0.03888888888888889
0 0.6611111111111111 0.7861111111111111 0.044444444444444446 0.03888888888888889
0 0.5287037037037037 0.8953703703703704 0.046296296296296294 0.03888888888888889
0 0.5898148148148148 0.8777777777777778 0.046296296296296294 0.03888888888888889
0 0.7601851851851852 0.8296296296296296 0.046296296296296294 0.03888888888888889
0 0.7231481481481481 0.8814814814814815 0.044444444444444446 0.03981481481481482
1 0.5222222222222223 0.33055555555555555 0.05462962962962963 0.044444444444444446
1 0.3592592592592593 0.45740740740740743 0.05277777777777778 0.044444444444444446
1 0.7722222222222223 0.42962962962962964 0.05277777777777778 0.044444444444444446
1 0.9351851851851852 0.38425925925925924 0.05277777777777778 0.044444444444444446
1 0.8898148148148148 0.3472222222222222 0.05462962962962963 0.044444444444444446
1 0.7379629629629629 0.2518518518518518 0.05277777777777778 0.044444444444444446
1 0.737037037037037 0.32222222222222224 0.05277777777777778 0.044444444444444446
1 0.662962962962963 0.3314814814814815 0.05462962962962963 0.046296296296296294
1 0.4675925925925926 0.2638888888888889 0.05277777777777778 0.044444444444444446
1 0.42777777777777776 0.17685185185185184 0.05277777777777778 0.046296296296296294
1 0.28055555555555556 0.25462962962962965 0.05462962962962963 0.046296296296296294
1 0.4759259259259259 0.3638888888888889 0.05277777777777778 0.046296296296296294
1 0.3074074074074074 0.35648148148148145 0.05462962962962963 0.046296296296296294
1 0.6305555555555555 0.4648148148148148 0.05277777777777778 0.046296296296296294
1 0.7111111111111111 0.5203703703703704 0.05277777777777778 0.044444444444444446
2 0.8046296296296296 0.600925925925926 0.046296296296296294 0.03888888888888889
1 0.9083333333333333 0.5222222222222223 0.05277777777777778 0.044444444444444446
1 0.9611111111111111 0.5611111111111111 0.05277777777777778 0.044444444444444446
1 0.6157407407407407 0.6777777777777778 0.05462962962962963 0.046296296296296294
1 0.3685185185185185 0.6805555555555556 0.05462962962962963 0.046296296296296294
1 0.562962962962963 0.7175925925925926 0.05462962962962963 0.046296296296296294
1 0.3527777777777778 0.7527777777777778 0.05462962962962963 0.046296296296296294
1 0.7777777777777778 0.7342592592592593 0.05462962962962963 0.046296296296296294
1 0.8490740740740741 0.7379629629629629 0.05462962962962963 0.046296296296296294
1 0.8027777777777778 0.7870370370370371 0.05462962962962963 0.044444444444444446
1 0.6935185185185185 0.8333333333333334 0.05462962962962963 0.046296296296296294
1 0.5444444444444444 0.8398148148148148 0.05462962962962963 0.046296296296296294
1 0.4824074074074074 0.8722222222222222 0.05462962962962963 0.046296296296296294
2 0.5361111111111111 0.49074074074074076 0.04814814814814815 0.041666666666666664
2 0.5657407407407408 0.41203703703703703 0.04814814814814815 0.03981481481481482
2 0.7648148148148148 0.3814814814814815 0.04814814814814815 0.03981481481481482
2 0.7138888888888889 0.3685185185185185 0.046296296296296294 0.03981481481481482
2 0.7046296296296296 0.28703703703703703 0.046296296296296294 0.041666666666666664
2 0.6425925925925926 0.18611111111111112 0.046296296296296294 0.041666666666666664
2 0.587037037037037 0.2601851851851852 0.04814814814814815 0.03981481481481482
2 0.5601851851851852 0.3 0.04814814814814815 0.03981481481481482
2 0.5722222222222222 0.3435185185185185 0.04814814814814815 0.041666666666666664
2 0.4777777777777778 0.31203703703703706 0.046296296296296294 0.041666666666666664
2 0.5222222222222223 0.1675925925925926 0.04814814814814815 0.041666666666666664
2 0.27314814814814814 0.1925925925925926 0.04814814814814815 0.041666666666666664
2 0.3527777777777778 0.2574074074074074 0.04814814814814815 0.041666666666666664
2 0.3074074074074074 0.30092592592592593 0.04814814814814815 0.03981481481481482
2 0.12962962962962962 0.2935185185185185 0.05 0.041666666666666664
2 0.36944444444444446 0.4 0.04814814814814815 0.041666666666666664
2 0.3212962962962963 0.412962962962963 0.04814814814814815 0.041666666666666664
2 0.29444444444444445 0.462037037037037 0.05 0.03981481481481482
2 0.24166666666666667 0.45555555555555555 0.04814814814814815 0.03981481481481482
2 0.058333333333333334 0.40370370370370373 0.05 0.041666666666666664
2 0.18333333333333332 0.4675925925925926 0.04814814814814815 0.041666666666666664
2 0.21296296296296297 0.5074074074074074 0.04814814814814815 0.03981481481481482
2 0.3398148148148148 0.5777777777777777 0.04814814814814815 0.03981481481481482
2 0.42314814814814816 0.5472222222222223 0.046296296296296294 0.03981481481481482
2 0.20185185185185187 0.575 0.05 0.03981481481481482
2 0.21944444444444444 0.6342592592592593 0.05 0.04351851851851852
2 0.38796296296296295 0.5972222222222222 0.04814814814814815 0.03981481481481482
2 0.3425925925925926 0.6342592592592593 0.05 0.03981481481481482
2 0.41574074074074074 0.6351851851851852 0.05 0.03981481481481482
2 0.5333333333333333 0.6129629629629629 0.04814814814814815 0.041666666666666664
2 0.6 0.5222222222222223 0.04814814814814815 0.03981481481481482
2 0.6472222222222223 0.5398148148148149 0.046296296296296294 0.03981481481481482
2 0.687037037037037 0.5648148148148148 0.046296296296296294 0.03981481481481482
2 0.825 0.47129629629629627 0.04814814814814815 0.03888888888888889
2 0.8842592592592593 0.4777777777777778 0.04814814814814815 0.03981481481481482
2 0.8064814814814815 0.5481481481481482 0.04814814814814815 0.03981481481481482
2 0.7722222222222223 0.6574074074074074 0.04814814814814815 0.041666666666666664
2 0.9083333333333333 0.7185185185185186 0.04814814814814815 0.041666666666666664
2 0.8074074074074075 0.6944444444444444 0.05 0.041666666666666664
2 0.649074074074074 0.7287037037037037 0.046296296296296294 0.03981481481481482
2 0.4101851851851852 0.7296296296296296 0.05 0.041666666666666664
2 0.5990740740740741 0.774074074074074 0.04814814814814815 0.041666666666666664
2 0.45925925925925926 0.8203703703703704 0.04814814814814815 0.041666666666666664
3 0.32407407407407407 0.5083333333333333 0.062037037037037036 0.05462962962962963
1 0.4185185185185185 0.3277777777777778 0.05925925925925926 0.05
1 0.549074074074074 0.2175925925925926 0.05462962962962963 0.046296296296296294
0 0.19074074074074074 0.2814814814814815 0.046296296296296294 0.041666666666666664