3 0.2675925925925926 0.7231481481481481 0.05 0.049074074074074076
1 0.8425925925925926 0.2324074074074074 0.044444444444444446 0.03981481481481482
1 0.7620370370370371 0.5314814814814814 0.044444444444444446 0.03981481481481482
1 0.8490740740740741 0.5861111111111111 0.044444444444444446 0.041666666666666664
1 0.2972222222222222 0.7981481481481482 0.04722222222222222 0.04351851851851852
1 0.5564814814814815 0.6462962962962963 0.04351851851851852 0.03981481481481482
2 0.5398148148148149 0.2518518518518518 0.03981481481481482 0.03796296296296296
1 0.21851851851851853 0.7027777777777777 0.04814814814814815 0.04259259259259259
1 0.35648148148148145 0.7490740740740741 0.044444444444444446 0.041666666666666664
1 0.8324074074074074 0.4212962962962963 0.04351851851851852 0.03888888888888889
1 0.674074074074074 0.7074074074074074 0.04351851851851852 0.041666666666666664
1 0.5962962962962963 0.1574074074074074 0.046296296296296294 0.04351851851851852
1 0.7083333333333334 0.5231481481481481 0.041666666666666664 0.041666666666666664
1 0.8398148148148148 0.2833333333333333 0.041666666666666664 0.03888888888888889
1 0.5157407407407407 0.1962962962962963 0.046296296296296294 0.044444444444444446
2 0.3074074074074074 0.5657407407407408 0.03981481481481482 0.037037037037037035
3 0.4759259259259259 0.8398148148148148 0.05092592592592592 0.04814814814814815
1 0.6833333333333333 0.23148148148148148 0.044444444444444446 0.040740740740740744
3 0.6083333333333333 0.4212962962962963 0.04722222222222222 0.04722222222222222
2 0.3537037037037037 0.8037037037037037 0.03981481481481482 0.037037037037037035
0 0.8027777777777778 0.6314814814814815 0.03888888888888889 0.03518518518518519
3 0.3990740740740741 0.31666666666666665 0.05092592592592592 0.049074074074074076
3 0.42592592592592593 0.5435185185185185 0.04722222222222222 0.04537037037037037
1 0.5740740740740741 0.737037037037037 0.044444444444444446 0.041666666666666664
0 0.44166666666666665 0.7787037037037037 0.037037037037037035 0.03518518518518519
3 0.5314814814814814 0.4351851851851852 0.04814814814814815 0.04722222222222222
2 0.6444444444444445 0.7518518518518519 0.037037037037037035 0.03611111111111111
2 0.5259259259259259 0.7305555555555555 0.03888888888888889 0.03796296296296296
3 0.5805555555555556 0.21481481481481482 0.05092592592592592 0.04814814814814815
3 0.29907407407407405 0.5120370370370371 0.05092592592592592 0.04722222222222222
1 0.8027777777777778 0.33055555555555555 0.04259259259259259 0.03981481481481482
2 0.4777777777777778 0.7287037037037037 0.03796296296296296 0.03796296296296296
2 0.32685185185185184 0.45555555555555555 0.03888888888888889 0.03611111111111111
2 0.46296296296296297 0.4 0.03796296296296296 0.037037037037037035
0 0.8231481481481482 0.5324074074074074 0.03796296296296296 0.03333333333333333
3 0.4351851851851852 0.26296296296296295 0.049074074074074076 0.05
2 0.8046296296296296 0.5888888888888889 0.03796296296296296 0.03518518518518519
2 0.4527777777777778 0.32685185185185184 0.03796296296296296 0.03796296296296296
3 0.1574074074074074 0.49537037037037035 0.05462962962962963 0.05092592592592592
0 0.7472222222222222 0.37407407407407406 0.037037037037037035 0.03611111111111111
1 0.8731481481481481 0.39351851851851855 0.04259259259259259 0.04259259259259259
1 0.2175925925925926 0.5944444444444444 0.046296296296296294 0.04351851851851852
0 0.7731481481481481 0.4212962962962963 0.037037037037037035 0.03425925925925926
2 0.7212962962962963 0.17685185185185184 0.03796296296296296 0.037037037037037035
3 0.7064814814814815 0.3435185185185185 0.05092592592592592 0.04722222222222222
2 0.5814814814814815 0.7777777777777778 0.03981481481481482 0.037037037037037035
0 0.4185185185185185 0.8212962962962963 0.03796296296296296 0.03518518518518519
3 0.7703703703703704 0.2759259259259259 0.05185185185185185 0.04814814814814815
0 0.29907407407407405 0.6462962962962963 0.03796296296296296 0.03518518518518519
3 0.8796296296296297 0.3351851851851852 0.04814814814814815 0.04814814814814815
2 0.8962962962962963 0.44907407407407407 0.03888888888888889 0.03518518518518519
3 0.34444444444444444 0.39814814814814814 0.05277777777777778 0.04814814814814815
2 0.6916666666666667 0.7685185185185185 0.03611111111111111 0.03518518518518519
3 0.3638888888888889 0.637962962962963 0.05185185185185185 0.049074074074074076
2 0.5416666666666666 0.3111111111111111 0.03888888888888889 0.03611111111111111
2 0.2796296296296296 0.6064814814814815 0.03796296296296296 0.037037037037037035
3 0.22314814814814815 0.49907407407407406 0.05185185185185185 0.049074074074074076
2 0.5296296296296297 0.5370370370370371 0.03796296296296296 0.03611111111111111
2 0.5879629629629629 0.2861111111111111 0.040740740740740744 0.03796296296296296
2 0.7333333333333333 0.4212962962962963 0.03888888888888889 0.03518518518518519
0 0.6416666666666667 0.32685185185185184 0.037037037037037035 0.03425925925925926
3 0.649074074074074 0.5509259259259259 0.04814814814814815 0.04351851851851852
2 0.31574074074074077 0.7 0.04351851851851852 0.03796296296296296
2 0.5 0.6722222222222223 0.04259259259259259 0.03981481481481482
2 0.6 0.6074074074074074 0.03796296296296296 0.037037037037037035
2 0.6722222222222223 0.28888888888888886 0.03888888888888889 0.037037037037037035
0 0.7861111111111111 0.21203703703703702 0.03981481481481482 0.03425925925925926
1 0.18425925925925926 0.5574074074074075 0.046296296296296294 0.041666666666666664
0 0.9361111111111111 0.29444444444444445 0.03518518518518519 0.032407407407407406
2 0.5407407407407407 0.8203703703703704 0.03796296296296296 0.03611111111111111
3 0.7444444444444445 0.7212962962962963 0.05185185185185185 0.04722222222222222
2 0.7518518518518519 0.32314814814814813 0.041666666666666664 0.03611111111111111
3 0.6796296296296296 0.43333333333333335 0.049074074074074076 0.04537037037037037
0 0.65 0.18703703703703703 0.037037037037037035 0.03611111111111111
1 0.5509259259259259 0.4888888888888889 0.041666666666666664 0.041666666666666664
0 0.8833333333333333 0.21296296296296297 0.03888888888888889 0.03425925925925926
3 0.4185185185185185 0.7314814814814815 0.05092592592592592 0.04722222222222222
3 0.5462962962962963 0.37592592592592594 0.049074074074074076 0.04814814814814815
2 0.7425925925925926 0.6694444444444444 0.03981481481481482 0.037037037037037035
3 0.4111111111111111 0.39351851851851855 0.046296296296296294 0.04722222222222222
2 0.45092592592592595 0.5907407407407408 0.03888888888888889 0.037037037037037035
2 0.6648148148148149 0.5 0.03981481481481482 0.03796296296296296
2 0.3731481481481482 0.49537037037037035 0.03888888888888889 0.03796296296296296
2 0.19074074074074074 0.6555555555555556 0.03981481481481482 0.03888888888888889
2 0.2462962962962963 0.65 0.03611111111111111 0.03611111111111111
2 0.49444444444444446 0.3527777777777778 0.041666666666666664 0.03796296296296296
0 0.6342592592592593 0.26296296296296295 0.03611111111111111 0.03518518518518519
3 0.8916666666666667 0.525 0.05185185185185185 0.04722222222222222
0 0.7342592592592593 0.47129629629629627 0.03611111111111111 0.03333333333333333
0 0.8870370370370371 0.2814814814814815 0.03518518518518519 0.032407407407407406
2 0.2657407407407407 0.462037037037037 0.040740740740740744 0.037037037037037035
0 0.799074074074074 0.37962962962962965 0.03796296296296296 0.03425925925925926
2 0.375 0.6981481481481482 0.03981481481481482 0.037037037037037035
0 0.8333333333333334 0.1787037037037037 0.03796296296296296 0.03611111111111111
0 0.35555555555555557 0.5898148148148148 0.037037037037037035 0.03425925925925926
3 0.4462962962962963 0.6694444444444444 0.049074074074074076 0.044444444444444446
0 0.7046296296296296 0.5740740740740741 0.03518518518518519 0.03425925925925926
2 0.8388888888888889 0.4740740740740741 0.03888888888888889 0.037037037037037035
2 0.5888888888888889 0.3416666666666667 0.04259259259259259 0.037037037037037035
0 0.7333333333333333 0.24444444444444444 0.03518518518518519 0.03611111111111111
3 0.7851851851851852 0.4787037037037037 0.05 0.04814814814814815
0 0.2777777777777778 0.39166666666666666 0.03611111111111111 0.03425925925925926
2 0.7222222222222222 0.2898148148148148 0.03888888888888889 0.03425925925925926
2 0.6583333333333333 0.600925925925926 0.03796296296296296 0.03611111111111111
3 0.587037037037037 0.55 0.04814814814814815 0.04722222222222222
0 0.3416666666666667 0.33796296296296297 0.03796296296296296 0.03611111111111111
0 0.37222222222222223 0.5398148148148149 0.03425925925925926 0.03425925925925926
0 0.6157407407407407 0.8148148148148148 0.03518518518518519 0.03425925925925926
1 0.4703703703703704 0.44351851851851853 0.04351851851851852 0.041666666666666664
3 0.7537037037037037 0.5861111111111111 0.05 0.046296296296296294
3 0.6046296296296296 0.47962962962962963 0.049074074074074076 0.04814814814814815
0 0.7240740740740741 0.6240740740740741 0.03611111111111111 0.03518518518518519
1 0.4935185185185185 0.7861111111111111 0.04259259259259259 0.04259259259259259
2 0.6305555555555555 0.3712962962962963 0.03796296296296296 0.03611111111111111
2 0.4546296296296296 0.4981481481481482 0.03888888888888889 0.03796296296296296
0 0.4898148148148148 0.2490740740740741 0.03611111111111111 0.03611111111111111
0 0.4981481481481482 0.4888888888888889 0.03425925925925926 0.032407407407407406
0 0.6777777777777778 0.387037037037037 0.03518518518518519 0.03333333333333333
0 0.24444444444444444 0.5527777777777778 0.037037037037037035 0.03425925925925926
0 0.2101851851851852 0.44166666666666665 0.03888888888888889 0.03425925925925926
3 0.6314814814814815 0.6453703703703704 0.04722222222222222 0.04537037037037037
0 0.16203703703703703 0.6138888888888889 0.03888888888888889 0.03888888888888889
0 0.5537037037037037 0.7 0.03611111111111111 0.037037037037037035
1 0.4166666666666667 0.625 0.03981481481481482 0.040740740740740744
3 0.687037037037037 0.6518518518518519 0.049074074074074076 0.04537037037037037
2 0.40185185185185185 0.4444444444444444 0.040740740740740744 0.03796296296296296
0 0.4888888888888889 0.29259259259259257 0.03518518518518519 0.03611111111111111
3 0.487962962962963 0.55 0.049074074074074076 0.046296296296296294
0 0.6074074074074074 0.6916666666666667 0.03611111111111111 0.03425925925925926
2 0.775 0.16203703703703703 0.03981481481481482 0.03981481481481482
1 0.55 0.5916666666666667 0.03981481481481482 0.03888888888888889
3 0.5018518518518519 0.6203703703703703 0.04722222222222222 0.04722222222222222
2 0.8351851851851851 0.6675925925925926 0.03888888888888889 0.03796296296296296