3 0.35648148148148145 0.42314814814814816 0.03148148148148148 0.032407407407407406
3 0.40370370370370373 0.3296296296296296 0.03333333333333333 0.032407407407407406
3 0.5898148148148148 0.5666666666666667 0.03148148148148148 0.030555555555555555
3 0.5407407407407407 0.32592592592592595 0.032407407407407406 0.03148148148148148
3 0.5907407407407408 0.5111111111111111 0.030555555555555555 0.02962962962962963
1 0.36666666666666664 0.36203703703703705 0.028703703703703703 0.028703703703703703
3 0.4462962962962963 0.3351851851851852 0.03148148148148148 0.03148148148148148
1 0.4046296296296296 0.5324074074074074 0.026851851851851852 0.027777777777777776
2 0.46574074074074073 0.5101851851851852 0.025925925925925925 0.025
2 0.49444444444444446 0.3490740740740741 0.025 0.024074074074074074
1 0.42314814814814816 0.387037037037037 0.028703703703703703 0.027777777777777776
1 0.587037037037037 0.45 0.028703703703703703 0.027777777777777776
2 0.5907407407407408 0.3861111111111111 0.025 0.024074074074074074
0 0.44351851851851853 0.48518518518518516 0.023148148148148147 0.022222222222222223
1 0.4148148148148148 0.5685185185185185 0.027777777777777776 0.026851851851851852
2 0.4583333333333333 0.45185185185185184 0.024074074074074074 0.024074074074074074
0 0.48703703703703705 0.44814814814814813 0.024074074074074074 0.022222222222222223
0 0.5398148148148149 0.39444444444444443 0.023148148148148147 0.024074074074074074
2 0.47314814814814815 0.537962962962963 0.026851851851851852 0.025
2 0.48703703703703705 0.3861111111111111 0.025 0.025
0 0.5 0.48055555555555557 0.023148148148148147 0.022222222222222223
0 0.4351851851851852 0.5268518518518519 0.023148148148148147 0.022222222222222223
2 0.46944444444444444 0.48055555555555557 0.025 0.025925925925925925
2 0.412962962962963 0.4361111111111111 0.025925925925925925 0.025
3 0.412962962962963 0.4962962962962963 0.030555555555555555 0.030555555555555555
2 0.42407407407407405 0.462037037037037 0.024074074074074074 0.023148148148148147
0 0.37962962962962965 0.5731481481481482 0.024074074074074074 0.025
1 0.5296296296296297 0.4638888888888889 0.028703703703703703 0.027777777777777776
1 0.49722222222222223 0.5138888888888888 0.027777777777777776 0.027777777777777776
1 0.49907407407407406 0.5546296296296296 0.025925925925925925 0.027777777777777776
3 0.4638888888888889 0.5805555555555556 0.03148148148148148 0.030555555555555555
2 0.49166666666666664 0.5953703703703703 0.025 0.025925925925925925
2 0.5203703703703704 0.5361111111111111 0.023148148148148147 0.024074074074074074
2 0.5231481481481481 0.49722222222222223 0.024074074074074074 0.025
0 0.44166666666666665 0.5527777777777778 0.023148148148148147 0.023148148148148147
0 0.42777777777777776 0.5925925925925926 0.024074074074074074 0.024074074074074074