1 0.4962962962962963 0.725 0.03796296296296296 0.03796296296296296
1 0.7111111111111111 0.5092592592592593 0.03796296296296296 0.03611111111111111
0 0.7361111111111112 0.6638888888888889 0.03333333333333333 0.03148148148148148
1 0.6601851851851852 0.2777777777777778 0.037037037037037035 0.037037037037037035
1 0.39351851851851855 0.3425925925925926 0.03796296296296296 0.03611111111111111
1 0.6462962962962963 0.5851851851851851 0.03981481481481482 0.03796296296296296
1 0.562037037037037 0.7296296296296296 0.03981481481481482 0.03888888888888889
0 0.6861111111111111 0.6944444444444444 0.03333333333333333 0.03148148148148148
1 0.4546296296296296 0.41759259259259257 0.03796296296296296 0.037037037037037035
1 0.5611111111111111 0.6351851851851852 0.03796296296296296 0.03796296296296296
1 0.7490740740740741 0.4537037037037037 0.03796296296296296 0.03796296296296296
0 0.5944444444444444 0.675 0.03148148148148148 0.030555555555555555
1 0.637962962962963 0.4759259259259259 0.03796296296296296 0.037037037037037035
3 0.6657407407407407 0.5296296296296297 0.04351851851851852 0.03981481481481482
1 0.35462962962962963 0.6981481481481482 0.03796296296296296 0.037037037037037035
0 0.3527777777777778 0.4101851851851852 0.032407407407407406 0.032407407407407406
3 0.575 0.28703703703703703 0.03981481481481482 0.04259259259259259
0 0.5407407407407407 0.2490740740740741 0.03148148148148148 0.030555555555555555
3 0.43425925925925923 0.2972222222222222 0.041666666666666664 0.03981481481481482
2 0.7046296296296296 0.4009259259259259 0.03425925925925926 0.032407407407407406
1 0.5527777777777778 0.49722222222222223 0.037037037037037035 0.037037037037037035
2 0.6037037037037037 0.6138888888888889 0.03425925925925926 0.03333333333333333
2 0.4962962962962963 0.33796296296296297 0.032407407407407406 0.032407407407407406
0 0.40555555555555556 0.6675925925925926 0.03333333333333333 0.032407407407407406
1 0.4648148148148148 0.24814814814814815 0.03611111111111111 0.037037037037037035
2 0.6925925925925925 0.45740740740740743 0.03333333333333333 0.03333333333333333
3 0.5712962962962963 0.4361111111111111 0.041666666666666664 0.041666666666666664
1 0.55 0.562037037037037 0.03796296296296296 0.03796296296296296
0 0.5574074074074075 0.3472222222222222 0.032407407407407406 0.030555555555555555
1 0.6509259259259259 0.4212962962962963 0.03888888888888889 0.037037037037037035
2 0.3648148148148148 0.5527777777777778 0.03611111111111111 0.03425925925925926
3 0.44722222222222224 0.35555555555555557 0.041666666666666664 0.044444444444444446
0 0.6648148148148149 0.3611111111111111 0.03148148148148148 0.030555555555555555
2 0.5305555555555556 0.6768518518518518 0.03333333333333333 0.032407407407407406
3 0.6398148148148148 0.6972222222222222 0.044444444444444446 0.041666666666666664
2 0.6981481481481482 0.30648148148148147 0.03425925925925926 0.03333333333333333
2 0.4388888888888889 0.475 0.03425925925925926 0.03425925925925926
2 0.4009259259259259 0.39166666666666666 0.03425925925925926 0.03425925925925926
0 0.6203703703703703 0.37962962962962965 0.03148148148148148 0.030555555555555555
0 0.6388888888888888 0.6416666666666667 0.032407407407407406 0.03148148148148148
2 0.34444444444444444 0.35462962962962963 0.03611111111111111 0.03518518518518519
3 0.7509259259259259 0.5268518518518519 0.04259259259259259 0.04351851851851852
0 0.37962962962962965 0.4666666666666667 0.030555555555555555 0.030555555555555555
2 0.5685185185185185 0.38796296296296295 0.03333333333333333 0.03333333333333333
2 0.4166666666666667 0.5472222222222223 0.03425925925925926 0.03333333333333333
2 0.6203703703703703 0.25 0.03518518518518519 0.03518518518518519
3 0.3398148148148148 0.5157407407407407 0.041666666666666664 0.041666666666666664
0 0.6768518518518518 0.65 0.03333333333333333 0.03148148148148148
3 0.5166666666666667 0.44907407407407407 0.04259259259259259 0.040740740740740744
2 0.5953703703703703 0.5 0.03333333333333333 0.032407407407407406
1 0.4638888888888889 0.5277777777777778 0.037037037037037035 0.037037037037037035
2 0.6185185185185185 0.325 0.03333333333333333 0.03333333333333333
2 0.4824074074074074 0.6509259259259259 0.03333333333333333 0.03333333333333333
2 0.5055555555555555 0.3962962962962963 0.032407407407407406 0.032407407407407406
0 0.4759259259259259 0.4740740740740741 0.02962962962962963 0.02962962962962963
3 0.40370370370370373 0.6027777777777777 0.041666666666666664 0.04259259259259259
2 0.5101851851851852 0.5111111111111111 0.03333333333333333 0.032407407407407406
3 0.7185185185185186 0.5740740740740741 0.04259259259259259 0.041666666666666664
2 0.49907407407407406 0.29259259259259257 0.03518518518518519 0.03333333333333333
2 0.5111111111111111 0.2212962962962963 0.03333333333333333 0.032407407407407406
2 0.4527777777777778 0.7129629629629629 0.032407407407407406 0.03518518518518519
2 0.5 0.5851851851851851 0.03333333333333333 0.032407407407407406
2 0.712037037037037 0.6212962962962963 0.03333333333333333 0.03611111111111111
0 0.6138888888888889 0.5472222222222223 0.032407407407407406 0.03333333333333333
0 0.3398148148148148 0.6185185185185185 0.032407407407407406 0.03148148148148148
0 0.45185185185185184 0.575925925925926 0.03148148148148148 0.03148148148148148