3 0.36203703703703705 0.4527777777777778 0.11944444444444445 0.15833333333333333
2 0.362962962962963 0.7083333333333334 0.10555555555555556 0.12962962962962962
3 0.46111111111111114 0.16574074074074074 0.11944444444444445 0.1537037037037037
0 0.4638888888888889 0.562962962962963 0.09074074074074075 0.12222222222222222
2 0.5388888888888889 0.32685185185185184 0.10092592592592593 0.14166666666666666
3 0.5777777777777777 0.7888888888888889 0.13148148148148148 0.1675925925925926
3 0.6 0.5157407407407407 0.125 0.175
0 0.6462962962962963 0.2814814814814815 0.09351851851851851 0.12222222222222222
1 0.6620370370370371 0.07685185185185185 0.10555555555555556 0.14351851851851852
1 0.7296296296296296 0.9462962962962963 0.1361111111111111 0.10740740740740741
3 0.7777777777777778 0.39537037037037037 0.13425925925925927 0.175
3 0.799074074074074 0.6685185185185185 0.14629629629629629 0.17962962962962964