1 0.6777777777777778 0.3055555555555556 0.03333333333333333 0.03425925925925926
1 0.4685185185185185 0.6675925925925926 0.03148148148148148 0.03148148148148148
1 0.5083333333333333 0.6277777777777778 0.03148148148148148 0.03148148148148148
3 0.7064814814814815 0.3296296296296296 0.037037037037037035 0.03888888888888889
3 0.7287037037037037 0.6861111111111111 0.03796296296296296 0.03796296296296296
3 0.22407407407407406 0.6962962962962963 0.03611111111111111 0.03611111111111111
3 0.2675925925925926 0.30648148148148147 0.03518518518518519 0.03425925925925926
3 0.40555555555555556 0.7481481481481481 0.037037037037037035 0.03796296296296296
3 0.8064814814814815 0.3990740740740741 0.03888888888888889 0.03981481481481482
3 0.26296296296296295 0.3435185185185185 0.03611111111111111 0.037037037037037035
3 0.5842592592592593 0.27870370370370373 0.03611111111111111 0.03518518518518519
1 0.6888888888888889 0.45925925925925926 0.032407407407407406 0.03518518518518519
3 0.5583333333333333 0.4861111111111111 0.037037037037037035 0.03888888888888889
1 0.6962962962962963 0.4064814814814815 0.03425925925925926 0.03333333333333333
1 0.4148148148148148 0.3037037037037037 0.03148148148148148 0.03148148148148148
1 0.65 0.4444444444444444 0.03333333333333333 0.03148148148148148
1 0.6703703703703704 0.35555555555555557 0.032407407407407406 0.032407407407407406
3 0.5027777777777778 0.31203703703703706 0.03611111111111111 0.037037037037037035
1 0.6648148148148149 0.3851851851851852 0.03333333333333333 0.03148148148148148
1 0.1925925925925926 0.5944444444444444 0.03148148148148148 0.03148148148148148
1 0.6333333333333333 0.48148148148148145 0.03148148148148148 0.03518518518518519
1 0.35185185185185186 0.3333333333333333 0.032407407407407406 0.032407407407407406
1 0.32407407407407407 0.5361111111111111 0.032407407407407406 0.030555555555555555
3 0.587037037037037 0.31851851851851853 0.037037037037037035 0.037037037037037035
1 0.5314814814814814 0.4222222222222222 0.032407407407407406 0.032407407407407406
3 0.5462962962962963 0.6907407407407408 0.03796296296296296 0.03796296296296296
1 0.4824074074074074 0.3611111111111111 0.03333333333333333 0.030555555555555555
1 0.7157407407407408 0.4351851851851852 0.03333333333333333 0.032407407407407406
1 0.2722222222222222 0.37222222222222223 0.030555555555555555 0.030555555555555555
3 0.6203703703703703 0.7305555555555555 0.037037037037037035 0.03888888888888889
3 0.6231481481481481 0.2962962962962963 0.037037037037037035 0.03611111111111111
3 0.36574074074074076 0.7037037037037037 0.03611111111111111 0.03611111111111111
1 0.36944444444444446 0.39166666666666666 0.03148148148148148 0.03148148148148148
1 0.2564814814814815 0.6462962962962963 0.03148148148148148 0.032407407407407406
1 0.2675925925925926 0.4111111111111111 0.030555555555555555 0.030555555555555555
1 0.44166666666666665 0.28703703703703703 0.030555555555555555 0.030555555555555555
0 0.75 0.32685185185185184 0.026851851851851852 0.027777777777777776
0 0.7611111111111111 0.5555555555555556 0.027777777777777776 0.028703703703703703
1 0.7305555555555555 0.46944444444444444 0.032407407407407406 0.030555555555555555
3 0.3435185185185185 0.37222222222222223 0.03518518518518519 0.03518518518518519
1 0.5888888888888889 0.6 0.03425925925925926 0.03148148148148148
1 0.6453703703703704 0.32314814814814813 0.03148148148148148 0.032407407407407406
3 0.262037037037037 0.6842592592592592 0.032407407407407406 0.037037037037037035
3 0.42685185185185187 0.4203703703703704 0.037037037037037035 0.03611111111111111
3 0.34074074074074073 0.6398148148148148 0.03425925925925926 0.03425925925925926
1 0.32592592592592595 0.7231481481481481 0.03333333333333333 0.03333333333333333
3 0.21851851851851853 0.475 0.03518518518518519 0.03796296296296296
1 0.2916666666666667 0.5916666666666667 0.030555555555555555 0.030555555555555555
0 0.7287037037037037 0.3574074074074074 0.026851851851851852 0.026851851851851852
1 0.5851851851851851 0.42407407407407405 0.032407407407407406 0.030555555555555555
1 0.35185185185185186 0.2898148148148148 0.030555555555555555 0.02962962962962963
0 0.6981481481481482 0.5425925925925926 0.028703703703703703 0.026851851851851852
1 0.3851851851851852 0.36574074074074076 0.03148148148148148 0.03148148148148148
2 0.7564814814814815 0.38981481481481484 0.030555555555555555 0.030555555555555555
1 0.7398148148148148 0.5333333333333333 0.03425925925925926 0.03333333333333333
1 0.7574074074074074 0.5972222222222222 0.03611111111111111 0.03425925925925926
1 0.49444444444444446 0.7351851851851852 0.03148148148148148 0.032407407407407406
3 0.2638888888888889 0.48333333333333334 0.03611111111111111 0.03611111111111111
1 0.6111111111111112 0.4462962962962963 0.03333333333333333 0.032407407407407406
1 0.5370370370370371 0.3277777777777778 0.032407407407407406 0.032407407407407406
0 0.7759259259259259 0.3648148148148148 0.030555555555555555 0.02962962962962963
1 0.6231481481481481 0.5944444444444444 0.030555555555555555 0.030555555555555555
1 0.6333333333333333 0.6481481481481481 0.032407407407407406 0.03148148148148148
1 0.19907407407407407 0.5074074074074074 0.03148148148148148 0.03148148148148148
1 0.5351851851851852 0.2898148148148148 0.032407407407407406 0.03148148148148148
0 0.6777777777777778 0.42962962962962964 0.027777777777777776 0.026851851851851852
1 0.5990740740740741 0.5703703703703704 0.032407407407407406 0.03148148148148148
0 0.7851851851851852 0.4537037037037037 0.027777777777777776 0.027777777777777776
1 0.7111111111111111 0.5907407407407408 0.03333333333333333 0.032407407407407406
1 0.23703703703703705 0.5638888888888889 0.03333333333333333 0.03333333333333333
3 0.3074074074074074 0.37037037037037035 0.03518518518518519 0.03333333333333333
0 0.7712962962962963 0.6657407407407407 0.027777777777777776 0.02962962962962963
3 0.4462962962962963 0.5407407407407407 0.03796296296296296 0.03796296296296296
3 0.5018518518518519 0.537962962962963 0.037037037037037035 0.03796296296296296
0 0.7240740740740741 0.38425925925925924 0.026851851851851852 0.027777777777777776
2 0.737037037037037 0.41388888888888886 0.03148148148148148 0.02962962962962963
3 0.4185185185185185 0.3574074074074074 0.03425925925925926 0.03518518518518519
3 0.45092592592592595 0.4824074074074074 0.03518518518518519 0.03611111111111111
3 0.4787037037037037 0.42592592592592593 0.037037037037037035 0.03611111111111111
1 0.3768518518518518 0.5 0.03333333333333333 0.030555555555555555
2 0.6111111111111112 0.3425925925925926 0.027777777777777776 0.030555555555555555
2 0.2222222222222222 0.6296296296296297 0.028703703703703703 0.027777777777777776
3 0.6314814814814815 0.5564814814814815 0.03611111111111111 0.037037037037037035
2 0.2351851851851852 0.49722222222222223 0.027777777777777776 0.027777777777777776
2 0.6472222222222223 0.41388888888888886 0.030555555555555555 0.02962962962962963
1 0.47129629629629627 0.5666666666666667 0.03148148148148148 0.030555555555555555
3 0.7462962962962963 0.6398148148148148 0.03888888888888889 0.03981481481481482
2 0.4287037037037037 0.38796296296296295 0.027777777777777776 0.027777777777777776
1 0.5740740740740741 0.6314814814814815 0.032407407407407406 0.030555555555555555
0 0.587037037037037 0.6981481481481482 0.025925925925925925 0.027777777777777776
3 0.4324074074074074 0.6425925925925926 0.037037037037037035 0.037037037037037035
1 0.7638888888888888 0.4777777777777778 0.03425925925925926 0.032407407407407406
1 0.21296296296296297 0.4203703703703704 0.030555555555555555 0.03148148148148148
2 0.4777777777777778 0.3296296296296296 0.027777777777777776 0.026851851851851852
1 0.36574074074074076 0.6611111111111111 0.032407407407407406 0.02962962962962963
3 0.3287037037037037 0.4166666666666667 0.03518518518518519 0.037037037037037035
1 0.4046296296296296 0.6222222222222222 0.032407407407407406 0.030555555555555555
3 0.675 0.5212962962962963 0.03611111111111111 0.03611111111111111
2 0.42777777777777776 0.7175925925925926 0.028703703703703703 0.028703703703703703
2 0.6037037037037037 0.48055555555555557 0.02962962962962963 0.028703703703703703
1 0.3509259259259259 0.562037037037037 0.03148148148148148 0.032407407407407406
2 0.5342592592592592 0.36666666666666664 0.028703703703703703 0.028703703703703703
1 0.6759259259259259 0.6046296296296296 0.03333333333333333 0.030555555555555555
1 0.3861111111111111 0.5601851851851852 0.03425925925925926 0.03148148148148148
2 0.3333333333333333 0.6842592592592592 0.03148148148148148 0.030555555555555555
0 0.6027777777777777 0.5101851851851852 0.026851851851851852 0.027777777777777776
1 0.5324074074074074 0.5675925925925925 0.03148148148148148 0.030555555555555555
1 0.4787037037037037 0.6351851851851852 0.03425925925925926 0.032407407407407406
0 0.38981481481481484 0.3277777777777778 0.025925925925925925 0.025925925925925925
1 0.6027777777777777 0.6685185185185185 0.03333333333333333 0.03148148148148148
2 0.7675925925925926 0.5185185185185185 0.03148148148148148 0.030555555555555555
2 0.40555555555555556 0.44814814814814813 0.03148148148148148 0.02962962962962963
3 0.6370370370370371 0.5175925925925926 0.03425925925925926 0.03611111111111111
2 0.22037037037037038 0.6583333333333333 0.028703703703703703 0.02962962962962963
0 0.7768518518518519 0.41944444444444445 0.027777777777777776 0.027777777777777776
1 0.562962962962963 0.5814814814814815 0.02962962962962963 0.028703703703703703
3 0.5018518518518519 0.6666666666666666 0.03611111111111111 0.03611111111111111
3 0.3490740740740741 0.6 0.03796296296296296 0.03796296296296296
2 0.375 0.7518518518518519 0.027777777777777776 0.03148148148148148
2 0.2833333333333333 0.6277777777777778 0.02962962962962963 0.027777777777777776
1 0.24537037037037038 0.3907407407407407 0.032407407407407406 0.03148148148148148
3 0.5398148148148149 0.6083333333333333 0.03518518518518519 0.03611111111111111
0 0.2324074074074074 0.3138888888888889 0.025 0.025925925925925925
3 0.2712962962962963 0.5583333333333333 0.03518518518518519 0.03611111111111111
2 0.29814814814814816 0.6907407407407408 0.02962962962962963 0.02962962962962963
1 0.28703703703703703 0.7231481481481481 0.03425925925925926 0.03518518518518519
0 0.5583333333333333 0.3074074074074074 0.025925925925925925 0.025925925925925925
0 0.37222222222222223 0.30833333333333335 0.027777777777777776 0.028703703703703703
1 0.4703703703703704 0.5120370370370371 0.03148148148148148 0.03333333333333333
2 0.3453703703703704 0.75 0.027777777777777776 0.02962962962962963
2 0.6675925925925926 0.4861111111111111 0.030555555555555555 0.02962962962962963
1 0.5092592592592593 0.3490740740740741 0.032407407407407406 0.030555555555555555
0 0.1925925925925926 0.6407407407407407 0.025925925925925925 0.026851851851851852
0 0.2611111111111111 0.5888888888888889 0.027777777777777776 0.026851851851851852
1 0.6694444444444444 0.6361111111111111 0.03333333333333333 0.032407407407407406
0 0.7490740740740741 0.44074074074074077 0.025925925925925925 0.027777777777777776
0 0.7083333333333334 0.2962962962962963 0.027777777777777776 0.027777777777777776
2 0.4027777777777778 0.39351851851851855 0.02962962962962963 0.02962962962962963
2 0.3888888888888889 0.42407407407407405 0.028703703703703703 0.028703703703703703
2 0.787962962962963 0.625 0.03148148148148148 0.03148148148148148
2 0.5592592592592592 0.4398148148148148 0.02962962962962963 0.028703703703703703
2 0.4583333333333333 0.7574074074074074 0.02962962962962963 0.030555555555555555
0 0.512962962962963 0.7 0.025925925925925925 0.027777777777777776
1 0.3314814814814815 0.5064814814814815 0.030555555555555555 0.02962962962962963
2 0.22685185185185186 0.3537037037037037 0.027777777777777776 0.027777777777777776
2 0.5324074074074074 0.7203703703703703 0.02962962962962963 0.030555555555555555
0 0.3138888888888889 0.34074074074074073 0.025 0.025
1 0.32685185185185184 0.4759259259259259 0.032407407407407406 0.032407407407407406
2 0.5657407407407408 0.375 0.028703703703703703 0.027777777777777776
2 0.5796296296296296 0.462037037037037 0.02962962962962963 0.02962962962962963
0 0.712037037037037 0.6240740740740741 0.026851851851851852 0.026851851851851852
2 0.2518518518518518 0.6175925925925926 0.027777777777777776 0.026851851851851852
0 0.43148148148148147 0.3277777777777778 0.025925925925925925 0.025925925925925925
0 0.6166666666666667 0.38796296296296295 0.025925925925925925 0.025925925925925925
2 0.4675925925925926 0.3055555555555556 0.02962962962962963 0.028703703703703703
0 0.6657407407407407 0.6657407407407407 0.028703703703703703 0.027777777777777776
2 0.47962962962962963 0.3907407407407407 0.027777777777777776 0.027777777777777776
0 0.6518518518518519 0.5851851851851851 0.026851851851851852 0.027777777777777776
0 0.5305555555555556 0.39166666666666666 0.025925925925925925 0.025925925925925925
2 0.19444444444444445 0.45092592592592595 0.026851851851851852 0.028703703703703703
0 0.5277777777777778 0.5027777777777778 0.026851851851851852 0.025925925925925925
2 0.5083333333333333 0.4444444444444444 0.028703703703703703 0.027777777777777776
0 0.39444444444444443 0.28055555555555556 0.025 0.026851851851851852
2 0.5962962962962963 0.3675925925925926 0.02962962962962963 0.028703703703703703
0 0.3925925925925926 0.525 0.026851851851851852 0.026851851851851852
0 0.29444444444444445 0.40185185185185185 0.024074074074074074 0.025
2 0.7037037037037037 0.6574074074074074 0.02962962962962963 0.02962962962962963
0 0.5898148148148148 0.39351851851851855 0.026851851851851852 0.026851851851851852
2 0.4203703703703704 0.5916666666666667 0.028703703703703703 0.028703703703703703
2 0.5046296296296297 0.40925925925925927 0.02962962962962963 0.027777777777777776
0 0.4425925925925926 0.5777777777777777 0.025925925925925925 0.025925925925925925
0 0.31296296296296294 0.6555555555555556 0.026851851851851852 0.027777777777777776
0 0.5638888888888889 0.4046296296296296 0.027777777777777776 0.026851851851851852
0 0.7037037037037037 0.4898148148148148 0.027777777777777776 0.026851851851851852
2 0.4222222222222222 0.4703703703703704 0.028703703703703703 0.028703703703703703
2 0.39814814814814814 0.6592592592592592 0.030555555555555555 0.028703703703703703
2 0.31203703703703706 0.6166666666666667 0.03148148148148148 0.030555555555555555
2 0.512962962962963 0.47685185185185186 0.027777777777777776 0.026851851851851852
0 0.30277777777777776 0.5638888888888889 0.024074074074074074 0.025
3 0.537962962962963 0.65 0.03611111111111111 0.03518518518518519
0 0.39166666666666666 0.47129629629629627 0.025925925925925925 0.026851851851851852
2 0.6935185185185185 0.7018518518518518 0.030555555555555555 0.030555555555555555
0 0.45185185185185184 0.34629629629629627 0.025925925925925925 0.026851851851851852
0 0.22962962962962963 0.5972222222222222 0.025 0.025925925925925925
2 0.387037037037037 0.5935185185185186 0.02962962962962963 0.028703703703703703
1 0.3592592592592593 0.4740740740740741 0.032407407407407406 0.03148148148148148
2 0.6972222222222222 0.37222222222222223 0.030555555555555555 0.028703703703703703
0 0.6305555555555555 0.3611111111111111 0.025925925925925925 0.026851851851851852
0 0.4824074074074074 0.2851851851851852 0.025 0.025925925925925925
2 0.31851851851851853 0.5851851851851851 0.028703703703703703 0.028703703703703703
2 0.325 0.30462962962962964 0.028703703703703703 0.026851851851851852
2 0.44907407407407407 0.6944444444444444 0.028703703703703703 0.028703703703703703
0 0.2574074074074074 0.7203703703703703 0.026851851851851852 0.027777777777777776
2 0.6425925925925926 0.6185185185185185 0.032407407407407406 0.030555555555555555
0 0.5592592592592592 0.35 0.027777777777777776 0.026851851851851852
0 0.29907407407407405 0.49166666666666664 0.026851851851851852 0.025925925925925925
2 0.4203703703703704 0.512962962962963 0.02962962962962963 0.027777777777777776
2 0.6361111111111111 0.6907407407407408 0.03148148148148148 0.028703703703703703
2 0.2740740740740741 0.512962962962963 0.027777777777777776 0.028703703703703703
0 0.22314814814814815 0.5314814814814814 0.025 0.025925925925925925
0 0.37592592592592594 0.6296296296296297 0.026851851851851852 0.025925925925925925
0 0.6064814814814815 0.6351851851851852 0.026851851851851852 0.026851851851851852
0 0.2175925925925926 0.38425925925925924 0.025 0.025
2 0.7111111111111111 0.5185185185185185 0.02962962962962963 0.028703703703703703
3 0.5694444444444444 0.7351851851851852 0.037037037037037035 0.03888888888888889
0 0.36944444444444446 0.44351851851851853 0.025925925925925925 0.025925925925925925
0 0.4527777777777778 0.37222222222222223 0.025 0.025925925925925925
0 0.2074074074074074 0.5564814814814815 0.025925925925925925 0.025925925925925925
2 0.49907407407407406 0.5018518518518519 0.027777777777777776 0.026851851851851852
2 0.2953703703703704 0.42685185185185187 0.026851851851851852 0.026851851851851852
2 0.5370370370370371 0.5324074074074074 0.02962962962962963 0.027777777777777776
0 0.48333333333333334 0.48055555555555557 0.026851851851851852 0.025925925925925925
1 0.31296296296296294 0.44814814814814813 0.028703703703703703 0.028703703703703703
2 0.2898148148148148 0.4583333333333333 0.026851851851851852 0.027777777777777776
0 0.4740740740740741 0.45740740740740743 0.028703703703703703 0.027777777777777776
0 0.3638888888888889 0.5314814814814814 0.026851851851851852 0.025925925925925925
0 0.45185185185185184 0.40555555555555556 0.025925925925925925 0.026851851851851852
0 0.7379629629629629 0.49722222222222223 0.026851851851851852 0.025925925925925925
0 0.5324074074074074 0.4601851851851852 0.026851851851851852 0.026851851851851852
2 0.7194444444444444 0.562962962962963 0.030555555555555555 0.028703703703703703
0 0.2851851851851852 0.6574074074074074 0.027777777777777776 0.026851851851851852
0 0.5009259259259259 0.5712962962962963 0.026851851851851852 0.026851851851851852
0 0.3592592592592593 0.4222222222222222 0.026851851851851852 0.026851851851851852
1 0.40370370370370373 0.6962962962962963 0.032407407407407406 0.03148148148148148
0 0.2675925925925926 0.4388888888888889 0.025 0.025925925925925925
0 0.4027777777777778 0.4925925925925926 0.026851851851851852 0.025925925925925925
0 0.25462962962962965 0.5314814814814814 0.026851851851851852 0.025925925925925925
2 0.2962962962962963 0.5361111111111111 0.027777777777777776 0.026851851851851852
2 0.24351851851851852 0.4537037037037037 0.027777777777777776 0.026851851851851852
0 0.19814814814814816 0.36203703703703705 0.024074074074074074 0.026851851851851852
2 0.4148148148148148 0.5564814814814815 0.030555555555555555 0.02962962962962963
0 0.42777777777777776 0.6777777777777778 0.025925925925925925 0.025
2 0.30092592592592593 0.3148148148148148 0.030555555555555555 0.02962962962962963
0 0.3435185185185185 0.44537037037037036 0.025 0.025
0 0.687962962962963 0.5740740740740741 0.026851851851851852 0.025925925925925925
0 0.4675925925925926 0.6064814814814815 0.026851851851851852 0.025
2 0.5657407407407408 0.5231481481481481 0.027777777777777776 0.025925925925925925
0 0.6592592592592592 0.725 0.02962962962962963 0.02962962962962963
2 0.47962962962962963 0.700925925925926 0.02962962962962963 0.030555555555555555
0 0.6657407407407407 0.55 0.025 0.025
2 0.44166666666666665 0.44722222222222224 0.027777777777777776 0.026851851851851852
0 0.5092592592592593 0.5962962962962963 0.026851851851851852 0.024074074074074074
0 0.587037037037037 0.537962962962963 0.025 0.025
0 0.24166666666666667 0.42407407407407405 0.025925925925925925 0.025925925925925925
0 0.5611111111111111 0.549074074074074 0.027777777777777776 0.027777777777777776
0 0.5685185185185185 0.6638888888888889 0.025925925925925925 0.025925925925925925
0 0.4583333333333333 0.7268518518518519 0.025925925925925925 0.028703703703703703
2 0.6166666666666667 0.41759259259259257 0.02962962962962963 0.025925925925925925