3 0.34814814814814815 0.4398148148148148 0.09166666666666666 0.06944444444444445
3 0.36203703703703705 0.3175925925925926 0.09537037037037037 0.07222222222222222
3 0.5138888888888888 0.5694444444444444 0.09537037037037037 0.06574074074074074
3 0.6888888888888889 0.5259259259259259 0.08703703703703704 0.075
3 0.4722222222222222 0.4222222222222222 0.09074074074074075 0.07037037037037037
2 0.39351851851851855 0.5518518518518518 0.08333333333333333 0.058333333333333334
1 0.7388888888888889 0.4083333333333333 0.08703703703703704 0.06388888888888888
2 0.5861111111111111 0.4666666666666667 0.07685185185185185 0.05555555555555555
3 0.5435185185185185 0.3435185185185185 0.08981481481481482 0.07222222222222222
0 0.4787037037037037 0.5027777777777778 0.075 0.05
0 0.625 0.3787037037037037 0.075 0.05185185185185185
1 0.26944444444444443 0.37407407407407406 0.08055555555555556 0.06574074074074074