1 0.4444444444444444 0.4027777777777778 0.03981481481481482 0.03796296296296296
1 0.49537037037037035 0.7935185185185185 0.03888888888888889 0.040740740740740744
1 0.5166666666666667 0.3925925925925926 0.03981481481481482 0.03611111111111111
1 0.6712962962962963 0.6351851851851852 0.03981481481481482 0.03888888888888889
0 0.5898148148148148 0.44814814814814813 0.03333333333333333 0.03148148148148148
1 0.3527777777777778 0.4101851851851852 0.03888888888888889 0.03796296296296296
1 0.29444444444444445 0.5361111111111111 0.04259259259259259 0.03888888888888889
1 0.5370370370370371 0.44814814814814813 0.040740740740740744 0.03796296296296296
3 0.6324074074074074 0.41944444444444445 0.044444444444444446 0.04351851851851852
1 0.6240740740740741 0.5324074074074074 0.040740740740740744 0.03796296296296296
2 0.7324074074074074 0.45092592592592595 0.03425925925925926 0.032407407407407406
1 0.5333333333333333 0.2777777777777778 0.03796296296296296 0.037037037037037035
3 0.5842592592592593 0.7574074074074074 0.04259259259259259 0.04259259259259259
0 0.5814814814814815 0.4888888888888889 0.03333333333333333 0.03148148148148148
0 0.5370370370370371 0.5092592592592593 0.032407407407407406 0.030555555555555555
0 0.4462962962962963 0.6953703703703704 0.03333333333333333 0.030555555555555555
1 0.6574074074074074 0.19814814814814816 0.03981481481481482 0.03796296296296296
1 0.6824074074074075 0.537962962962963 0.037037037037037035 0.03796296296296296
0 0.6287037037037037 0.4787037037037037 0.032407407407407406 0.03148148148148148
2 0.3648148148148148 0.5037037037037037 0.03518518518518519 0.03333333333333333
3 0.5722222222222222 0.6990740740740741 0.044444444444444446 0.04351851851851852
2 0.5111111111111111 0.55 0.03611111111111111 0.03518518518518519
0 0.5796296296296296 0.30925925925925923 0.03333333333333333 0.032407407407407406
2 0.48703703703703705 0.3638888888888889 0.03518518518518519 0.03333333333333333
3 0.6092592592592593 0.6638888888888889 0.044444444444444446 0.044444444444444446
2 0.5324074074074074 0.23796296296296296 0.03425925925925926 0.03333333333333333
0 0.4546296296296296 0.462037037037037 0.03333333333333333 0.03148148148148148
0 0.6240740740740741 0.31296296296296294 0.03333333333333333 0.02962962962962963
0 0.36018518518518516 0.31574074074074077 0.032407407407407406 0.030555555555555555
0 0.4083333333333333 0.6712962962962963 0.03333333333333333 0.03148148148148148
2 0.5138888888888888 0.32685185185185184 0.03518518518518519 0.03425925925925926
0 0.6546296296296297 0.5666666666666667 0.032407407407407406 0.032407407407407406
2 0.5 0.48703703703703705 0.03518518518518519 0.03333333333333333
2 0.6092592592592593 0.6166666666666667 0.03611111111111111 0.03518518518518519
3 0.5787037037037037 0.4 0.044444444444444446 0.04537037037037037
1 0.5703703703703704 0.20092592592592592 0.03888888888888889 0.03611111111111111
0 0.6185185185185185 0.5851851851851851 0.032407407407407406 0.030555555555555555
0 0.40555555555555556 0.4305555555555556 0.03333333333333333 0.032407407407407406
2 0.600925925925926 0.2796296296296296 0.03425925925925926 0.03425925925925926
3 0.6722222222222223 0.3425925925925926 0.04259259259259259 0.03981481481481482
2 0.5555555555555556 0.6277777777777778 0.03518518518518519 0.03518518518518519
1 0.49074074074074076 0.28425925925925927 0.03796296296296296 0.03796296296296296
3 0.6425925925925926 0.7157407407407408 0.04351851851851852 0.044444444444444446
3 0.6814814814814815 0.4740740740740741 0.044444444444444446 0.04537037037037037
2 0.6916666666666667 0.5898148148148148 0.03518518518518519 0.03518518518518519
2 0.49537037037037035 0.5972222222222222 0.03425925925925926 0.03333333333333333
2 0.6833333333333333 0.2898148148148148 0.03611111111111111 0.03611111111111111
0 0.3685185185185185 0.46296296296296297 0.032407407407407406 0.030555555555555555
0 0.4564814814814815 0.6148148148148148 0.032407407407407406 0.03148148148148148
0 0.3574074074074074 0.3712962962962963 0.032407407407407406 0.02962962962962963
3 0.325 0.6240740740740741 0.044444444444444446 0.04351851851851852
3 0.30462962962962964 0.4203703703703704 0.04537037037037037 0.04351851851851852
2 0.462037037037037 0.24074074074074073 0.03518518518518519 0.03425925925925926
2 0.6935185185185185 0.41388888888888886 0.037037037037037035 0.03333333333333333
2 0.3472222222222222 0.5666666666666667 0.03518518518518519 0.03333333333333333
3 0.5037037037037037 0.6944444444444444 0.04351851851851852 0.044444444444444446
2 0.44537037037037036 0.5777777777777777 0.03333333333333333 0.03333333333333333
2 0.4935185185185185 0.4287037037037037 0.03425925925925926 0.032407407407407406
2 0.5796296296296296 0.5666666666666667 0.03518518518518519 0.03425925925925926
2 0.34444444444444444 0.25277777777777777 0.03425925925925926 0.03333333333333333
3 0.5268518518518519 0.7453703703703703 0.04259259259259259 0.04351851851851852
2 0.6324074074074074 0.25277777777777777 0.03425925925925926 0.03425925925925926
2 0.4537037037037037 0.7481481481481481 0.03518518518518519 0.03425925925925926
3 0.5592592592592592 0.34629629629629627 0.04259259259259259 0.040740740740740744
2 0.40555555555555556 0.5583333333333333 0.03425925925925926 0.03333333333333333
2 0.6203703703703703 0.35555555555555557 0.032407407407407406 0.032407407407407406
2 0.41574074074074074 0.4842592592592593 0.03518518518518519 0.032407407407407406
3 0.337037037037037 0.6981481481481482 0.044444444444444446 0.04351851851851852
3 0.30833333333333335 0.35833333333333334 0.04351851851851852 0.044444444444444446
3 0.41203703703703703 0.3537037037037037 0.04351851851851852 0.04259259259259259
3 0.5351851851851852 0.5907407407407408 0.04259259259259259 0.04351851851851852
3 0.4148148148148148 0.26296296296296295 0.04259259259259259 0.044444444444444446
2 0.46111111111111114 0.33240740740740743 0.03425925925925926 0.03333333333333333
1 0.737037037037037 0.3314814814814815 0.040740740740740744 0.03888888888888889
2 0.49907407407407406 0.20925925925925926 0.03425925925925926 0.03148148148148148
2 0.462037037037037 0.6583333333333333 0.03425925925925926 0.03518518518518519
3 0.38055555555555554 0.6101851851851852 0.04259259259259259 0.04351851851851852
2 0.7601851851851852 0.39537037037037037 0.037037037037037035 0.03518518518518519
3 0.3212962962962963 0.47962962962962963 0.04259259259259259 0.040740740740740744
3 0.29444444444444445 0.29444444444444445 0.04537037037037037 0.04259259259259259
2 0.575 0.5277777777777778 0.03425925925925926 0.03425925925925926
3 0.4638888888888889 0.5287037037037037 0.04259259259259259 0.04259259259259259
2 0.5370370370370371 0.6666666666666666 0.03333333333333333 0.03518518518518519
2 0.3888888888888889 0.7342592592592593 0.03611111111111111 0.03425925925925926
2 0.5518518518518518 0.16203703703703703 0.03611111111111111 0.03518518518518519