0 0.44537037037037036 0.3685185185185185 0.06851851851851852 0.08981481481481482
1 0.6314814814814815 0.412962962962963 0.08425925925925926 0.11203703703703703
1 0.5212962962962963 0.4722222222222222 0.08055555555555556 0.10555555555555556
3 0.2722222222222222 0.5231481481481481 0.08425925925925926 0.11944444444444445
3 0.4046296296296296 0.587037037037037 0.09814814814814815 0.12314814814814815
1 0.7379629629629629 0.6027777777777777 0.08518518518518518 0.11203703703703703
1 0.5935185185185186 0.6351851851851852 0.0824074074074074 0.10462962962962963
0 0.31666666666666665 0.700925925925926 0.06851851851851852 0.08981481481481482
3 0.4398148148148148 0.7314814814814815 0.08888888888888889 0.125
2 0.43703703703703706 0.07222222222222222 0.07314814814814814 0.0962962962962963
2 0.7083333333333334 0.8203703703703704 0.075 0.10277777777777777
2 0.575925925925926 0.8277777777777777 0.075 0.09444444444444444
2 0.39537037037037037 0.9296296296296296 0.07314814814814814 0.10092592592592593
0 0.45092592592592595 0.1824074074074074 0.06481481481481481 0.09351851851851851
3 0.5444444444444444 0.25092592592592594 0.08703703703703704 0.1259259259259259
1 0.33240740740740743 0.28425925925925927 0.08055555555555556 0.10740740740740741