1 0.3277777777777778 0.5462962962962963 0.03518518518518519 0.03425925925925926
3 0.32222222222222224 0.8833333333333333 0.041666666666666664 0.041666666666666664
3 0.46296296296296297 0.5657407407407408 0.03518518518518519 0.03796296296296296
3 0.5777777777777777 0.3490740740740741 0.03888888888888889 0.041666666666666664
3 0.42777777777777776 0.6037037037037037 0.041666666666666664 0.03796296296296296
3 0.2851851851851852 0.7305555555555555 0.03888888888888889 0.03981481481481482
3 0.4185185185185185 0.562037037037037 0.03796296296296296 0.03796296296296296
3 0.4388888888888889 0.7083333333333334 0.03981481481481482 0.03981481481481482
3 0.31666666666666665 0.5972222222222222 0.03888888888888889 0.03981481481481482
3 0.38055555555555554 0.5777777777777777 0.040740740740740744 0.03981481481481482
3 0.5712962962962963 0.5425925925925926 0.03981481481481482 0.03796296296296296
3 0.6138888888888889 0.7361111111111112 0.03796296296296296 0.03611111111111111
3 0.42407407407407405 0.41388888888888886 0.04259259259259259 0.037037037037037035
1 0.46111111111111114 0.3416666666666667 0.03518518518518519 0.037037037037037035
3 0.6768518518518518 0.4981481481481482 0.040740740740740744 0.03981481481481482
1 0.5638888888888889 0.6527777777777778 0.03611111111111111 0.03518518518518519
3 0.39166666666666666 0.6805555555555556 0.03796296296296296 0.03888888888888889
3 0.21574074074074073 0.5398148148148149 0.040740740740740744 0.03796296296296296
2 0.6648148148148149 0.34074074074074073 0.03425925925925926 0.032407407407407406
3 0.5268518518518519 0.4351851851851852 0.03981481481481482 0.03981481481481482
1 0.23796296296296296 0.3962962962962963 0.03425925925925926 0.037037037037037035
1 0.6111111111111112 0.8083333333333333 0.03425925925925926 0.03425925925925926
0 0.7611111111111111 0.4203703703703704 0.028703703703703703 0.028703703703703703
1 0.33611111111111114 0.7074074074074074 0.03796296296296296 0.03611111111111111
2 0.6805555555555556 0.7777777777777778 0.030555555555555555 0.02962962962962963
2 0.5601851851851852 0.25 0.032407407407407406 0.03148148148148148
2 0.48333333333333334 0.4324074074074074 0.03425925925925926 0.030555555555555555
3 0.5916666666666667 0.49537037037037035 0.03796296296296296 0.03981481481481482
1 0.26944444444444443 0.5509259259259259 0.03888888888888889 0.03611111111111111
2 0.6981481481481482 0.6574074074074074 0.03333333333333333 0.03425925925925926
1 0.5064814814814815 0.48703703703703705 0.03518518518518519 0.03425925925925926
2 0.5222222222222223 0.5546296296296296 0.03333333333333333 0.032407407407407406
3 0.5231481481481481 0.8666666666666667 0.041666666666666664 0.03981481481481482
2 0.6722222222222223 0.8046296296296296 0.03148148148148148 0.02962962962962963
0 0.5462962962962963 0.7425925925925926 0.03148148148148148 0.02962962962962963
0 0.27037037037037037 0.6101851851851852 0.032407407407407406 0.02962962962962963
2 0.3592592592592593 0.6361111111111111 0.03333333333333333 0.030555555555555555
2 0.762962962962963 0.5324074074074074 0.03148148148148148 0.030555555555555555
2 0.6805555555555556 0.3925925925925926 0.03148148148148148 0.030555555555555555
1 0.4351851851851852 0.7666666666666667 0.03518518518518519 0.03518518518518519
2 0.49722222222222223 0.5824074074074074 0.030555555555555555 0.02962962962962963
1 0.6305555555555555 0.6240740740740741 0.03611111111111111 0.03425925925925926
2 0.28703703703703703 0.8166666666666667 0.03518518518518519 0.03333333333333333
3 0.7212962962962963 0.4981481481481482 0.03796296296296296 0.03981481481481482
2 0.6416666666666667 0.45925925925925926 0.03148148148148148 0.02962962962962963
1 0.35 0.7712962962962963 0.03611111111111111 0.03425925925925926
2 0.24537037037037038 0.7907407407407407 0.03333333333333333 0.03425925925925926
3 0.5231481481481481 0.8148148148148148 0.044444444444444446 0.03888888888888889
2 0.39814814814814814 0.8685185185185185 0.03425925925925926 0.032407407407407406
2 0.5564814814814815 0.3768518518518518 0.030555555555555555 0.028703703703703703
2 0.5592592592592592 0.8481481481481481 0.03425925925925926 0.03148148148148148
2 0.45 0.9064814814814814 0.032407407407407406 0.03148148148148148
2 0.5638888888888889 0.5879629629629629 0.03333333333333333 0.032407407407407406
0 0.6305555555555555 0.6712962962962963 0.028703703703703703 0.030555555555555555
2 0.2814814814814815 0.9259259259259259 0.03611111111111111 0.03611111111111111
2 0.5157407407407407 0.6305555555555555 0.030555555555555555 0.030555555555555555
0 0.7018518518518518 0.3111111111111111 0.028703703703703703 0.028703703703703703
2 0.3925925925925926 0.4398148148148148 0.028703703703703703 0.028703703703703703
2 0.38055555555555554 0.9120370370370371 0.03148148148148148 0.03425925925925926
0 0.7101851851851851 0.3861111111111111 0.026851851851851852 0.028703703703703703
2 0.7203703703703703 0.5333333333333333 0.032407407407407406 0.03148148148148148
2 0.45092592592592595 0.6342592592592593 0.030555555555555555 0.028703703703703703
2 0.6138888888888889 0.5277777777777778 0.02962962962962963 0.02962962962962963
2 0.22962962962962963 0.7148148148148148 0.032407407407407406 0.03148148148148148
1 0.4787037037037037 0.6092592592592593 0.032407407407407406 0.032407407407407406
2 0.6240740740740741 0.4148148148148148 0.02962962962962963 0.030555555555555555
0 0.33240740740740743 0.46574074074074073 0.02962962962962963 0.02962962962962963
2 0.45185185185185184 0.8194444444444444 0.032407407407407406 0.032407407407407406
2 0.2490740740740741 0.6861111111111111 0.03148148148148148 0.030555555555555555
0 0.5157407407407407 0.674074074074074 0.026851851851851852 0.02962962962962963
2 0.5990740740740741 0.6898148148148148 0.03425925925925926 0.03333333333333333
2 0.7111111111111111 0.5601851851851852 0.02962962962962963 0.028703703703703703
0 0.43425925925925923 0.24166666666666667 0.026851851851851852 0.02962962962962963
2 0.5175925925925926 0.7574074074074074 0.032407407407407406 0.027777777777777776
0 0.38333333333333336 0.7185185185185186 0.03148148148148148 0.02962962962962963
0 0.3314814814814815 0.3972222222222222 0.026851851851851852 0.026851851851851852
0 0.21388888888888888 0.5833333333333334 0.025925925925925925 0.028703703703703703
0 0.49722222222222223 0.9101851851851852 0.03148148148148148 0.02962962962962963
2 0.43148148148148147 0.5296296296296297 0.03333333333333333 0.02962962962962963
0 0.2712962962962963 0.49537037037037035 0.02962962962962963 0.028703703703703703
2 0.7018518518518518 0.6907407407407408 0.03148148148148148 0.032407407407407406
0 0.3648148148148148 0.5185185185185185 0.030555555555555555 0.03425925925925926
2 0.23148148148148148 0.4305555555555556 0.032407407407407406 0.03425925925925926
2 0.3861111111111111 0.2935185185185185 0.030555555555555555 0.03333333333333333
2 0.23333333333333334 0.46944444444444444 0.03148148148148148 0.03518518518518519
2 0.24259259259259258 0.5907407407407408 0.03333333333333333 0.032407407407407406
2 0.4888888888888889 0.6787037037037037 0.032407407407407406 0.030555555555555555
2 0.5166666666666667 0.36203703703703705 0.030555555555555555 0.02962962962962963
2 0.712037037037037 0.45 0.032407407407407406 0.03148148148148148
2 0.44074074074074077 0.8601851851851852 0.03333333333333333 0.03148148148148148
0 0.475 0.7379629629629629 0.030555555555555555 0.028703703703703703
2 0.48333333333333334 0.8870370370370371 0.037037037037037035 0.03333333333333333
2 0.41388888888888886 0.30277777777777776 0.030555555555555555 0.03148148148148148
2 0.6129629629629629 0.4537037037037037 0.030555555555555555 0.02962962962962963
0 0.2759259259259259 0.7638888888888888 0.02962962962962963 0.027777777777777776
0 0.23055555555555557 0.6453703703703704 0.02962962962962963 0.028703703703703703
2 0.5814814814814815 0.462037037037037 0.02962962962962963 0.028703703703703703
2 0.7435185185185185 0.5861111111111111 0.03148148148148148 0.03148148148148148
2 0.6481481481481481 0.6981481481481482 0.03148148148148148 0.03148148148148148
0 0.35555555555555557 0.8416666666666667 0.028703703703703703 0.028703703703703703
0 0.37592592592592594 0.812962962962963 0.028703703703703703 0.02962962962962963
0 0.29074074074074074 0.4537037037037037 0.030555555555555555 0.030555555555555555
1 0.5935185185185186 0.850925925925926 0.03518518518518519 0.03796296296296296
0 0.27870370370370373 0.41944444444444445 0.02962962962962963 0.02962962962962963
2 0.44166666666666665 0.4787037037037037 0.03148148148148148 0.030555555555555555
0 0.5287037037037037 0.4046296296296296 0.028703703703703703 0.026851851851851852
2 0.25833333333333336 0.8787037037037037 0.03611111111111111 0.03425925925925926
2 0.7101851851851851 0.5925925925925926 0.03425925925925926 0.030555555555555555
0 0.28055555555555556 0.6648148148148149 0.030555555555555555 0.026851851851851852
0 0.6777777777777778 0.549074074074074 0.026851851851851852 0.027777777777777776
2 0.6129629629629629 0.775 0.030555555555555555 0.030555555555555555