0 0.4 0.7379629629629629 0.028703703703703703 0.02962962962962963
1 0.4842592592592593 0.7620370370370371 0.03425925925925926 0.03425925925925926
1 0.33611111111111114 0.4425925925925926 0.03888888888888889 0.040740740740740744
0 0.5564814814814815 0.3712962962962963 0.03148148148148148 0.032407407407407406
0 0.42962962962962964 0.5777777777777777 0.03148148148148148 0.03148148148148148
2 0.39814814814814814 0.4564814814814815 0.03425925925925926 0.03333333333333333
1 0.3314814814814815 0.5351851851851852 0.03796296296296296 0.03796296296296296
1 0.7064814814814815 0.5212962962962963 0.03796296296296296 0.03888888888888889
0 0.44166666666666665 0.7407407407407407 0.02962962962962963 0.02962962962962963
0 0.6 0.6231481481481481 0.028703703703703703 0.02962962962962963
3 0.3574074074074074 0.35833333333333334 0.04722222222222222 0.044444444444444446
0 0.6462962962962963 0.675 0.028703703703703703 0.028703703703703703
3 0.6907407407407408 0.6824074074074075 0.03888888888888889 0.03796296296296296
2 0.28703703703703703 0.6194444444444445 0.03333333333333333 0.030555555555555555
1 0.3768518518518518 0.837037037037037 0.03425925925925926 0.03425925925925926
2 0.5027777777777778 0.7212962962962963 0.030555555555555555 0.02962962962962963
0 0.4740740740740741 0.5564814814814815 0.02962962962962963 0.030555555555555555
0 0.6351851851851852 0.5907407407407408 0.02962962962962963 0.03148148148148148
2 0.325 0.6481481481481481 0.03333333333333333 0.03333333333333333
2 0.5120370370370371 0.47129629629629627 0.032407407407407406 0.03333333333333333
1 0.49722222222222223 0.6611111111111111 0.03796296296296296 0.03611111111111111
3 0.43703703703703706 0.6555555555555556 0.03981481481481482 0.041666666666666664
0 0.3537037037037037 0.5083333333333333 0.032407407407407406 0.030555555555555555
2 0.5231481481481481 0.6851851851851852 0.03148148148148148 0.030555555555555555
0 0.5953703703703703 0.39444444444444443 0.03148148148148148 0.032407407407407406
1 0.5037037037037037 0.27314814814814814 0.03981481481481482 0.041666666666666664
2 0.3990740740740741 0.6990740740740741 0.03148148148148148 0.02962962962962963
3 0.33425925925925926 0.5944444444444444 0.04351851851851852 0.03981481481481482
2 0.5509259259259259 0.7101851851851851 0.030555555555555555 0.030555555555555555
2 0.31574074074074077 0.48703703703703705 0.03518518518518519 0.03333333333333333
2 0.45 0.4444444444444444 0.03333333333333333 0.03425925925925926
3 0.5944444444444444 0.7712962962962963 0.03888888888888889 0.03888888888888889
2 0.6546296296296297 0.4962962962962963 0.03425925925925926 0.03333333333333333
0 0.5537037037037037 0.5953703703703703 0.027777777777777776 0.02962962962962963
1 0.45555555555555555 0.8305555555555556 0.03518518518518519 0.03333333333333333
2 0.5194444444444445 0.6296296296296297 0.03148148148148148 0.03148148148148148
2 0.47314814814814815 0.8592592592592593 0.030555555555555555 0.02962962962962963
1 0.524074074074074 0.7537037037037037 0.03425925925925926 0.03333333333333333
3 0.6759259259259259 0.43703703703703706 0.040740740740740744 0.04259259259259259
2 0.4675925925925926 0.4046296296296296 0.032407407407407406 0.032407407407407406
3 0.6638888888888889 0.36574074074074076 0.04259259259259259 0.044444444444444446
0 0.4222222222222222 0.6138888888888889 0.030555555555555555 0.030555555555555555
2 0.4305555555555556 0.5055555555555555 0.03425925925925926 0.03425925925925926
0 0.6425925925925926 0.7240740740740741 0.02962962962962963 0.028703703703703703
3 0.4287037037037037 0.3731481481481482 0.044444444444444446 0.044444444444444446
2 0.5203703703703704 0.8175925925925925 0.02962962962962963 0.027777777777777776
1 0.5657407407407408 0.65 0.037037037037037035 0.03518518518518519
3 0.4583333333333333 0.7055555555555556 0.041666666666666664 0.03981481481481482
3 0.5444444444444444 0.5342592592592592 0.03981481481481482 0.041666666666666664
2 0.49907407407407406 0.5175925925925926 0.032407407407407406 0.03148148148148148
2 0.48703703703703705 0.7962962962962963 0.028703703703703703 0.027777777777777776
3 0.6944444444444444 0.6268518518518519 0.041666666666666664 0.03888888888888889
0 0.549074074074074 0.4527777777777778 0.030555555555555555 0.030555555555555555
1 0.65 0.6388888888888888 0.03796296296296296 0.03425925925925926
1 0.4740740740740741 0.6138888888888889 0.037037037037037035 0.03796296296296296
2 0.6388888888888888 0.5546296296296296 0.032407407407407406 0.03148148148148148
2 0.39537037037037037 0.7898148148148149 0.030555555555555555 0.030555555555555555
2 0.3453703703703704 0.7583333333333333 0.03148148148148148 0.030555555555555555
2 0.5407407407407407 0.4111111111111111 0.03425925925925926 0.03148148148148148
0 0.387037037037037 0.5879629629629629 0.030555555555555555 0.030555555555555555
3 0.4722222222222222 0.32407407407407407 0.04537037037037037 0.044444444444444446
2 0.5481481481481482 0.3175925925925926 0.03611111111111111 0.03518518518518519
2 0.5527777777777778 0.7916666666666666 0.02962962962962963 0.02962962962962963
2 0.6129629629629629 0.3314814814814815 0.03611111111111111 0.03611111111111111
3 0.4722222222222222 0.4787037037037037 0.04537037037037037 0.04351851851851852
3 0.35462962962962963 0.7111111111111111 0.04259259259259259 0.03981481481481482
2 0.5907407407407408 0.5731481481481482 0.032407407407407406 0.03148148148148148
2 0.5981481481481481 0.5064814814814815 0.03333333333333333 0.03333333333333333
3 0.6212962962962963 0.4527777777777778 0.04351851851851852 0.040740740740740744
2 0.26481481481481484 0.6722222222222223 0.03333333333333333 0.032407407407407406
2 0.425 0.7666666666666667 0.03148148148148148 0.030555555555555555
2 0.4351851851851852 0.5388888888888889 0.03333333333333333 0.03333333333333333
1 0.387037037037037 0.5398148148148149 0.03888888888888889 0.037037037037037035
3 0.5953703703703703 0.6907407407407408 0.03888888888888889 0.03981481481481482
2 0.5601851851851852 0.48703703703703705 0.032407407407407406 0.03148148148148148
3 0.39537037037037037 0.41203703703703703 0.04537037037037037 0.04351851851851852
3 0.3861111111111111 0.6416666666666667 0.041666666666666664 0.040740740740740744
3 0.41388888888888886 0.31574074074074077 0.046296296296296294 0.04537037037037037
3 0.6796296296296296 0.5740740740740741 0.04351851851851852 0.041666666666666664
3 0.7055555555555556 0.7361111111111112 0.03888888888888889 0.03888888888888889
3 0.5 0.37592592592592594 0.041666666666666664 0.041666666666666664
2 0.5111111111111111 0.575 0.032407407407407406 0.032407407407407406
0 0.3907407407407407 0.487962962962963 0.03148148148148148 0.03148148148148148
1 0.29074074074074074 0.725 0.037037037037037035 0.03796296296296296
2 0.6574074074074074 0.7759259259259259 0.030555555555555555 0.02962962962962963