3 0.5694444444444444 0.7425925925925926 0.05 0.05185185185185185
1 0.45092592592592595 0.5907407407407408 0.04259259259259259 0.044444444444444446
3 0.43333333333333335 0.4546296296296296 0.05 0.049074074074074076
0 0.7361111111111112 0.5555555555555556 0.03796296296296296 0.03888888888888889
0 0.5388888888888889 0.5185185185185185 0.03796296296296296 0.03796296296296296
1 0.45740740740740743 0.36574074074074076 0.04259259259259259 0.044444444444444446
1 0.6583333333333333 0.5388888888888889 0.04537037037037037 0.04351851851851852
0 0.7564814814814815 0.674074074074074 0.037037037037037035 0.03796296296296296
1 0.5157407407407407 0.42962962962962964 0.04351851851851852 0.04259259259259259
1 0.4861111111111111 0.4777777777777778 0.04537037037037037 0.044444444444444446
1 0.6907407407407408 0.8166666666666667 0.046296296296296294 0.044444444444444446
0 0.3962962962962963 0.35462962962962963 0.037037037037037035 0.03611111111111111
2 0.40185185185185185 0.687962962962963 0.03888888888888889 0.041666666666666664
3 0.2759259259259259 0.4564814814814815 0.05 0.049074074074074076
1 0.6185185185185185 0.4842592592592593 0.04722222222222222 0.04537037037037037
3 0.4666666666666667 0.6537037037037037 0.049074074074074076 0.05
1 0.5555555555555556 0.4722222222222222 0.044444444444444446 0.041666666666666664
1 0.5972222222222222 0.37407407407407406 0.046296296296296294 0.04814814814814815
0 0.5666666666666667 0.5768518518518518 0.037037037037037035 0.03518518518518519
3 0.5435185185185185 0.65 0.05092592592592592 0.049074074074074076
3 0.6953703703703704 0.6472222222222223 0.05185185185185185 0.05092592592592592
2 0.7824074074074074 0.5925925925925926 0.03981481481481482 0.03796296296296296
2 0.6722222222222223 0.39351851851851855 0.03981481481481482 0.040740740740740744
0 0.38333333333333336 0.27870370370370373 0.03611111111111111 0.03796296296296296
0 0.5805555555555556 0.29907407407407405 0.03796296296296296 0.03796296296296296
2 0.6055555555555555 0.55 0.03981481481481482 0.040740740740740744
2 0.2759259259259259 0.6046296296296296 0.03796296296296296 0.040740740740740744
1 0.25833333333333336 0.36018518518518516 0.04259259259259259 0.04351851851851852
3 0.33425925925925926 0.5564814814814815 0.04722222222222222 0.049074074074074076
2 0.6777777777777778 0.45555555555555555 0.03888888888888889 0.040740740740740744
2 0.5888888888888889 0.4287037037037037 0.03888888888888889 0.040740740740740744
3 0.3509259259259259 0.4861111111111111 0.05 0.049074074074074076
2 0.6370370370370371 0.5907407407407408 0.03796296296296296 0.040740740740740744
2 0.39537037037037037 0.6148148148148148 0.03796296296296296 0.03981481481481482
2 0.5 0.5462962962962963 0.03888888888888889 0.041666666666666664
2 0.26296296296296295 0.5185185185185185 0.03796296296296296 0.040740740740740744
2 0.6083333333333333 0.6398148148148148 0.040740740740740744 0.04351851851851852
1 0.725925925925926 0.5009259259259259 0.049074074074074076 0.046296296296296294
2 0.34074074074074073 0.35555555555555557 0.03888888888888889 0.04259259259259259
0 0.425 0.5259259259259259 0.037037037037037035 0.03611111111111111
3 0.6324074074074074 0.32592592592592595 0.05277777777777778 0.05
2 0.5212962962962963 0.36574074074074076 0.04351851851851852 0.041666666666666664
2 0.7787037037037037 0.5175925925925926 0.03981481481481482 0.040740740740740744
2 0.38796296296296295 0.5416666666666666 0.037037037037037035 0.03981481481481482
2 0.6620370370370371 0.7611111111111111 0.04351851851851852 0.04351851851851852
2 0.49166666666666664 0.2740740740740741 0.041666666666666664 0.03981481481481482
2 0.30185185185185187 0.3101851851851852 0.03981481481481482 0.03981481481481482
2 0.35 0.6351851851851852 0.03888888888888889 0.03796296296296296
2 0.36203703703703705 0.4101851851851852 0.03981481481481482 0.03981481481481482