0 0.7527777777777778 0.42962962962962964 0.05277777777777778 0.05092592592592592
0 0.5638888888888889 0.26296296296296295 0.05277777777777778 0.05092592592592592
0 0.4537037037037037 0.35833333333333334 0.05277777777777778 0.05092592592592592
0 0.5370370370370371 0.487962962962963 0.05277777777777778 0.05092592592592592
0 0.6425925925925926 0.4324074074074074 0.05277777777777778 0.05092592592592592
1 0.5796296296296296 0.4388888888888889 0.05740740740740741 0.05740740740740741
1 0.6648148148148149 0.2824074074074074 0.05740740740740741 0.05740740740740741
1 0.5435185185185185 0.3398148148148148 0.05740740740740741 0.05740740740740741
1 0.725 0.49166666666666664 0.05740740740740741 0.05740740740740741
1 0.6212962962962963 0.5138888888888888 0.05740740740740741 0.05740740740740741
2 0.6981481481481482 0.38796296296296295 0.05277777777777778 0.05
2 0.5083333333333333 0.41574074074074074 0.05092592592592592 0.05092592592592592
3 0.43425925925925923 0.45092592592592595 0.06944444444444445 0.06666666666666667
3 0.6185185185185185 0.36018518518518516 0.06944444444444445 0.06666666666666667