0 0.24722222222222223 0.5703703703703704 0.05277777777777778 0.05092592592592592
0 0.4361111111111111 0.737037037037037 0.05277777777777778 0.05092592592592592
0 0.5462962962962963 0.6416666666666667 0.05277777777777778 0.05092592592592592
0 0.46296296296296297 0.5120370370370371 0.05277777777777778 0.05092592592592592
0 0.3574074074074074 0.5675925925925925 0.05277777777777778 0.05092592592592592
1 0.4203703703703704 0.5611111111111111 0.05740740740740741 0.05740740740740741
1 0.3351851851851852 0.7175925925925926 0.05740740740740741 0.05740740740740741
1 0.4564814814814815 0.6601851851851852 0.05740740740740741 0.05740740740740741
1 0.275 0.5083333333333333 0.05740740740740741 0.05740740740740741
1 0.3787037037037037 0.4861111111111111 0.05740740740740741 0.05740740740740741
2 0.30185185185185187 0.612037037037037 0.05277777777777778 0.05
2 0.49166666666666664 0.5842592592592593 0.05092592592592592 0.05092592592592592
3 0.5657407407407408 0.549074074074074 0.06944444444444445 0.06666666666666667
3 0.3814814814814815 0.6398148148148148 0.06944444444444445 0.06666666666666667