0 0.6018518518518519 0.7018518518518518 0.08055555555555556 0.062037037037037036
0 0.6787037037037037 0.2953703703703704 0.08055555555555556 0.062037037037037036
0 0.42685185185185187 0.25833333333333336 0.08055555555555556 0.062037037037037036
0 0.44814814814814813 0.33611111111111114 0.08055555555555556 0.062037037037037036
0 0.37777777777777777 0.4666666666666667 0.08055555555555556 0.062037037037037036
0 0.5805555555555556 0.4462962962962963 0.08055555555555556 0.062037037037037036
0 0.774074074074074 0.5212962962962963 0.08055555555555556 0.062037037037037036
1 0.4324074074074074 0.6305555555555555 0.09814814814814815 0.0712962962962963
1 0.7194444444444444 0.412962962962963 0.09814814814814815 0.0712962962962963
1 0.5824074074074074 0.35 0.09814814814814815 0.0712962962962963
1 0.3 0.3787037037037037 0.09814814814814815 0.0712962962962963
1 0.35833333333333334 0.5453703703703704 0.09814814814814815 0.0712962962962963
1 0.5564814814814815 0.6185185185185185 0.09814814814814815 0.0712962962962963
1 0.2861111111111111 0.675 0.09814814814814815 0.0712962962962963
1 0.6333333333333333 0.5194444444444445 0.09814814814814815 0.0712962962962963
2 0.6777777777777778 0.5990740740740741 0.08981481481481482 0.06666666666666667
2 0.37777777777777777 0.7574074074074074 0.08981481481481482 0.06666666666666667
2 0.475 0.7129629629629629 0.08981481481481482 0.06666666666666667
2 0.2935185185185185 0.26944444444444443 0.08981481481481482 0.06666666666666667
2 0.23425925925925925 0.5574074074074075 0.08981481481481482 0.06666666666666667
2 0.46111111111111114 0.42777777777777776 0.08981481481481482 0.06666666666666667
3 0.8111111111111111 0.6638888888888889 0.11018518518518519 0.07777777777777778
3 0.22685185185185186 0.4703703703703704 0.11018518518518519 0.07777777777777778
3 0.5092592592592593 0.5342592592592592 0.11018518518518519 0.07777777777777778