0 0.29814814814814816 0.6018518518518519 0.062037037037037036 0.08055555555555556
0 0.7046296296296296 0.6787037037037037 0.062037037037037036 0.08055555555555556
0 0.7416666666666667 0.42685185185185187 0.062037037037037036 0.08055555555555556
0 0.6638888888888889 0.44814814814814813 0.062037037037037036 0.08055555555555556
0 0.5333333333333333 0.37777777777777777 0.062037037037037036 0.08055555555555556
0 0.5537037037037037 0.5805555555555556 0.062037037037037036 0.08055555555555556
0 0.4787037037037037 0.774074074074074 0.062037037037037036 0.08055555555555556
1 0.36944444444444446 0.4324074074074074 0.0712962962962963 0.09814814814814815
1 0.587037037037037 0.7194444444444444 0.0712962962962963 0.09814814814814815
1 0.65 0.5824074074074074 0.0712962962962963 0.09814814814814815
1 0.6212962962962963 0.3 0.0712962962962963 0.09814814814814815
1 0.4546296296296296 0.35833333333333334 0.0712962962962963 0.09814814814814815
1 0.3814814814814815 0.5564814814814815 0.0712962962962963 0.09814814814814815
1 0.325 0.2861111111111111 0.0712962962962963 0.09814814814814815
1 0.48055555555555557 0.6333333333333333 0.0712962962962963 0.09814814814814815
2 0.4009259259259259 0.6777777777777778 0.06666666666666667 0.08981481481481482
2 0.24259259259259258 0.37777777777777777 0.06666666666666667 0.08981481481481482
2 0.28703703703703703 0.475 0.06666666666666667 0.08981481481481482
2 0.7305555555555555 0.2935185185185185 0.06666666666666667 0.08981481481481482
2 0.4425925925925926 0.23425925925925925 0.06666666666666667 0.08981481481481482
2 0.5722222222222222 0.46111111111111114 0.06666666666666667 0.08981481481481482
3 0.33611111111111114 0.8111111111111111 0.07777777777777778 0.11018518518518519
3 0.5296296296296297 0.22685185185185186 0.07777777777777778 0.11018518518518519
3 0.46574074074074073 0.5092592592592593 0.07777777777777778 0.11018518518518519