0 0.39814814814814814 0.29814814814814816 0.08055555555555556 0.062037037037037036
0 0.3212962962962963 0.7046296296296296 0.08055555555555556 0.062037037037037036
0 0.5731481481481482 0.7416666666666667 0.08055555555555556 0.062037037037037036
0 0.5518518518518518 0.6638888888888889 0.08055555555555556 0.062037037037037036
0 0.6222222222222222 0.5333333333333333 0.08055555555555556 0.062037037037037036
0 0.41944444444444445 0.5537037037037037 0.08055555555555556 0.062037037037037036
0 0.22592592592592592 0.4787037037037037 0.08055555555555556 0.062037037037037036
1 0.5675925925925925 0.36944444444444446 0.09814814814814815 0.0712962962962963
1 0.28055555555555556 0.587037037037037 0.09814814814814815 0.0712962962962963
1 0.41759259259259257 0.65 0.09814814814814815 0.0712962962962963
1 0.7 0.6212962962962963 0.09814814814814815 0.0712962962962963
1 0.6416666666666667 0.4546296296296296 0.09814814814814815 0.0712962962962963
1 0.44351851851851853 0.3814814814814815 0.09814814814814815 0.0712962962962963
1 0.7138888888888889 0.325 0.09814814814814815 0.0712962962962963
1 0.36666666666666664 0.48055555555555557 0.09814814814814815 0.0712962962962963
2 0.32222222222222224 0.4009259259259259 0.08981481481481482 0.06666666666666667
2 0.6222222222222222 0.24259259259259258 0.08981481481481482 0.06666666666666667
2 0.525 0.28703703703703703 0.08981481481481482 0.06666666666666667
2 0.7064814814814815 0.7305555555555555 0.08981481481481482 0.06666666666666667
2 0.7657407407407407 0.4425925925925926 0.08981481481481482 0.06666666666666667
2 0.5388888888888889 0.5722222222222222 0.08981481481481482 0.06666666666666667
3 0.18888888888888888 0.33611111111111114 0.11018518518518519 0.07777777777777778
3 0.7731481481481481 0.5296296296296297 0.11018518518518519 0.07777777777777778
3 0.49074074074074076 0.46574074074074073 0.11018518518518519 0.07777777777777778