2 0.812037037037037 0.8861111111111111 0.0787037037037037 0.11018518518518519
1 0.8074074074074075 0.3416666666666667 0.08333333333333333 0.11018518518518519
2 0.6537037037037037 0.22592592592592592 0.0787037037037037 0.08888888888888889
2 0.6518518518518519 0.38425925925925924 0.0787037037037037 0.09351851851851851
1 0.6240740740740741 0.8722222222222222 0.09351851851851851 0.11944444444444445
2 0.5851851851851851 0.6583333333333333 0.08333333333333333 0.10555555555555556
3 0.4888888888888889 0.4527777777777778 0.10092592592592593 0.11944444444444445
2 0.48055555555555557 0.11666666666666667 0.0787037037037037 0.09814814814814815
3 0.35 0.31574074074074077 0.10092592592592593 0.11944444444444445
0 0.337037037037037 0.8787037037037037 0.0787037037037037 0.09814814814814815
3 0.2212962962962963 0.6805555555555556 0.10092592592592593 0.12685185185185185
3 0.21481481481481482 0.4666666666666667 0.10277777777777777 0.12685185185185185
1 0.825925925925926 0.5435185185185185 0.08981481481481482 0.10925925925925926