2 0.9527777777777777 0.774074074074074 0.09351851851851851 0.10092592592592593
1 0.40370370370370373 0.8722222222222222 0.12685185185185185 0.10555555555555556
2 0.25555555555555554 0.7379629629629629 0.10277777777777777 0.09351851851851851
2 0.4222222222222222 0.7055555555555556 0.10740740740740741 0.09537037037037037
1 0.9203703703703704 0.5777777777777777 0.12962962962962962 0.1037037037037037
2 0.687037037037037 0.5814814814814815 0.12222222222222222 0.10277777777777777
3 0.4564814814814815 0.524074074074074 0.14166666666666666 0.12222222222222222
2 0.11018518518518519 0.5814814814814815 0.1037037037037037 0.08425925925925926
3 0.2898148148148148 0.4064814814814815 0.14166666666666666 0.12222222222222222
0 0.8685185185185185 0.28425925925925927 0.10833333333333334 0.08888888888888889
3 0.637962962962963 0.19537037037037036 0.13518518518518519 0.11574074074074074
3 0.42314814814814816 0.23796296296296296 0.13240740740740742 0.11388888888888889
1 0.6240740740740741 0.8601851851851852 0.11481481481481481 0.09722222222222222