2 0.14814814814814814 0.08055555555555556 0.13148148148148148 0.10277777777777777
1 0.7472222222222222 0.16574074074074074 0.12962962962962962 0.10555555555555556
2 0.850925925925926 0.3472222222222222 0.11018518518518519 0.09814814814814815
2 0.6777777777777778 0.32685185185185184 0.11481481481481481 0.10092592592592593
1 0.13518518518518519 0.2916666666666667 0.12777777777777777 0.10185185185185185
2 0.36944444444444446 0.3638888888888889 0.12685185185185185 0.10555555555555556
3 0.5805555555555556 0.49722222222222223 0.14351851851851852 0.125
2 0.9444444444444444 0.5518518518518518 0.11018518518518519 0.09814814814814815
3 0.7101851851851851 0.6694444444444444 0.14814814814814814 0.125
0 0.09259259259259259 0.600925925925926 0.11481481481481481 0.09814814814814815
3 0.29444444444444445 0.7620370370370371 0.1537037037037037 0.12685185185185185
3 0.5287037037037037 0.7972222222222223 0.1537037037037037 0.12962962962962962
1 0.5277777777777778 0.10462962962962963 0.13055555555555556 0.0962962962962963