2 0.07777777777777778 0.7694444444444445 0.11944444444444445 0.09074074074074075
1 0.6296296296296297 0.8351851851851851 0.11944444444444445 0.09351851851851851
2 0.762962962962963 0.6990740740740741 0.10092592592592593 0.08611111111111111
2 0.6037037037037037 0.6768518518518518 0.10555555555555556 0.09074074074074075
1 0.1175925925925926 0.5777777777777777 0.13148148148148148 0.11018518518518519
2 0.3416666666666667 0.5712962962962963 0.11481481481481481 0.09537037037037037
3 0.5601851851851852 0.5027777777777778 0.13148148148148148 0.11481481481481481
2 0.8962962962962963 0.5416666666666666 0.10555555555555556 0.09074074074074075
3 0.7148148148148148 0.38055555555555554 0.13148148148148148 0.11481481481481481
0 0.1527777777777778 0.2972222222222222 0.10740740740740741 0.08888888888888889
3 0.37037037037037035 0.20092592592592592 0.1388888888888889 0.11481481481481481
3 0.5814814814814815 0.22592592592592592 0.1388888888888889 0.11481481481481481
1 0.4148148148148148 0.8333333333333334 0.11296296296296296 0.0962962962962963