3 0.6462962962962963 0.31203703703703706 0.09166666666666666 0.11666666666666667
0 0.662962962962963 0.862037037037037 0.0712962962962963 0.0962962962962963
1 0.3861111111111111 0.862037037037037 0.07962962962962963 0.10833333333333334
3 0.5111111111111111 0.44814814814814813 0.08796296296296297 0.12129629629629629
3 0.7824074074074074 0.6583333333333333 0.09351851851851851 0.12314814814814815
1 0.17592592592592593 0.5361111111111111 0.07685185185185185 0.11296296296296296
2 0.3509259259259259 0.38425925925925924 0.07314814814814814 0.09444444444444444
1 0.19814814814814816 0.33796296296296297 0.07407407407407407 0.10925925925925926
2 0.5120370370370371 0.11481481481481481 0.07314814814814814 0.09814814814814815
3 0.7814814814814814 0.4546296296296296 0.09259259259259259 0.12129629629629629
2 0.2 0.8759259259259259 0.08611111111111111 0.09259259259259259
2 0.3472222222222222 0.22777777777777777 0.07037037037037037 0.09907407407407408
2 0.4185185185185185 0.6462962962962963 0.07407407407407407 0.09444444444444444