2 0.8601851851851852 0.8601851851851852 0.08888888888888889 0.1175925925925926
1 0.8111111111111111 0.3074074074074074 0.09074074074074075 0.1175925925925926
2 0.65 0.20277777777777778 0.08333333333333333 0.09814814814814815
2 0.6611111111111111 0.3638888888888889 0.08611111111111111 0.10277777777777777
1 0.6666666666666666 0.8638888888888889 0.09444444444444444 0.1175925925925926
2 0.6129629629629629 0.6444444444444445 0.09351851851851851 0.11296296296296296
3 0.5 0.4444444444444444 0.11018518518518519 0.12685185185185185
2 0.4675925925925926 0.10462962962962963 0.08611111111111111 0.10277777777777777
3 0.34814814814814815 0.3175925925925926 0.11018518518518519 0.12685185185185185
0 0.38333333333333336 0.8861111111111111 0.08333333333333333 0.10277777777777777
3 0.24444444444444444 0.6935185185185185 0.11018518518518519 0.13425925925925927
3 0.225 0.4787037037037037 0.11018518518518519 0.13425925925925927
1 0.8555555555555555 0.512962962962963 0.09074074074074075 0.10833333333333334