2 0.18796296296296297 0.11388888888888889 0.0787037037037037 0.11018518518518519
1 0.1925925925925926 0.6583333333333333 0.08333333333333333 0.11018518518518519
2 0.34629629629629627 0.774074074074074 0.0787037037037037 0.08888888888888889
2 0.34814814814814815 0.6157407407407407 0.0787037037037037 0.09351851851851851
1 0.37592592592592594 0.12777777777777777 0.09351851851851851 0.11944444444444445
2 0.4148148148148148 0.3416666666666667 0.08333333333333333 0.10555555555555556
3 0.5111111111111111 0.5472222222222223 0.10092592592592593 0.11944444444444445
2 0.5194444444444445 0.8833333333333333 0.0787037037037037 0.09814814814814815
3 0.65 0.6842592592592592 0.10092592592592593 0.11944444444444445
0 0.662962962962963 0.12129629629629629 0.0787037037037037 0.09814814814814815
3 0.7787037037037037 0.3194444444444444 0.10092592592592593 0.12685185185185185
3 0.7851851851851852 0.5333333333333333 0.10277777777777777 0.12685185185185185
1 0.17407407407407408 0.4564814814814815 0.08981481481481482 0.10925925925925926