3 0.3537037037037037 0.687962962962963 0.09166666666666666 0.11666666666666667
0 0.337037037037037 0.13796296296296295 0.0712962962962963 0.0962962962962963
1 0.6138888888888889 0.13796296296296295 0.07962962962962963 0.10833333333333334
3 0.4888888888888889 0.5518518518518518 0.08796296296296297 0.12129629629629629
3 0.2175925925925926 0.3416666666666667 0.09351851851851851 0.12314814814814815
1 0.8240740740740741 0.4638888888888889 0.07685185185185185 0.11296296296296296
2 0.649074074074074 0.6157407407407407 0.07314814814814814 0.09444444444444444
1 0.8018518518518518 0.6620370370370371 0.07407407407407407 0.10925925925925926
2 0.487962962962963 0.8851851851851852 0.07314814814814814 0.09814814814814815
3 0.21851851851851853 0.5453703703703704 0.09259259259259259 0.12129629629629629
2 0.8 0.12407407407407407 0.08611111111111111 0.09259259259259259
2 0.6527777777777778 0.7722222222222223 0.07037037037037037 0.09907407407407408
2 0.5814814814814815 0.3537037037037037 0.07407407407407407 0.09444444444444444