2 0.08055555555555556 0.8518518518518519 0.10277777777777777 0.13148148148148148
1 0.16574074074074074 0.25277777777777777 0.10555555555555556 0.12962962962962962
2 0.3472222222222222 0.14907407407407408 0.09814814814814815 0.11018518518518519
2 0.32685185185185184 0.32222222222222224 0.10092592592592593 0.11481481481481481
1 0.2916666666666667 0.8648148148148148 0.10185185185185185 0.12777777777777777
2 0.3638888888888889 0.6305555555555555 0.10555555555555556 0.12685185185185185
3 0.49722222222222223 0.41944444444444445 0.125 0.14351851851851852
2 0.5518518518518518 0.05555555555555555 0.09814814814814815 0.11018518518518519
3 0.6694444444444444 0.2898148148148148 0.125 0.14814814814814814
0 0.600925925925926 0.9074074074074074 0.09814814814814815 0.11481481481481481
3 0.7620370370370371 0.7055555555555556 0.12685185185185185 0.1537037037037037
3 0.7972222222222223 0.47129629629629627 0.12962962962962962 0.1537037037037037
1 0.10462962962962963 0.4722222222222222 0.0962962962962963 0.13055555555555556