2 0.03888888888888889 0.2712962962962963 0.07685185185185185 0.10555555555555556
1 0.6101851851851852 0.16574074074074074 0.13425925925925927 0.11018518518518519
2 0.7666666666666667 0.3074074074074074 0.11018518518518519 0.10092592592592593
2 0.5916666666666667 0.3425925925925926 0.1175925925925926 0.10277777777777777
1 0.06388888888888888 0.47685185185185186 0.12777777777777777 0.10462962962962963
2 0.3101851851851852 0.4722222222222222 0.12962962962962962 0.11018518518518519
3 0.5537037037037037 0.5351851851851852 0.14629629629629629 0.13148148148148148
2 0.9203703703703704 0.47314814814814815 0.11944444444444445 0.10277777777777777
3 0.7305555555555555 0.6601851851851852 0.14629629629629629 0.13148148148148148
0 0.11944444444444445 0.7851851851851852 0.1175925925925926 0.10092592592592593
3 0.362962962962963 0.8777777777777778 0.15555555555555556 0.13148148148148148
3 0.5935185185185186 0.8379629629629629 0.15555555555555556 0.13148148148148148
1 0.3814814814814815 0.17777777777777778 0.13055555555555556 0.1037037037037037