2 0.1398148148148148 0.1398148148148148 0.08888888888888889 0.1175925925925926
1 0.18888888888888888 0.6925925925925925 0.09074074074074075 0.1175925925925926
2 0.35 0.7972222222222223 0.08333333333333333 0.09814814814814815
2 0.3388888888888889 0.6361111111111111 0.08611111111111111 0.10277777777777777
1 0.3333333333333333 0.1361111111111111 0.09444444444444444 0.1175925925925926
2 0.387037037037037 0.35555555555555557 0.09351851851851851 0.11296296296296296
3 0.5 0.5555555555555556 0.11018518518518519 0.12685185185185185
2 0.5324074074074074 0.8953703703703704 0.08611111111111111 0.10277777777777777
3 0.6518518518518519 0.6824074074074075 0.11018518518518519 0.12685185185185185
0 0.6166666666666667 0.11388888888888889 0.08333333333333333 0.10277777777777777
3 0.7555555555555555 0.30648148148148147 0.11018518518518519 0.13425925925925927
3 0.775 0.5212962962962963 0.11018518518518519 0.13425925925925927
1 0.14444444444444443 0.48703703703703705 0.09074074074074075 0.10833333333333334