2 0.8564814814814815 0.08055555555555556 0.09537037037037037 0.10092592592592593
1 0.7953703703703704 0.6666666666666666 0.10277777777777777 0.12962962962962962
2 0.6138888888888889 0.7796296296296297 0.09351851851851851 0.10277777777777777
2 0.6287037037037037 0.6046296296296296 0.09537037037037037 0.11296296296296296
1 0.6425925925925926 0.06944444444444445 0.11481481481481481 0.125
2 0.5814814814814815 0.2953703703703704 0.10277777777777777 0.125
3 0.45555555555555555 0.5120370370370371 0.11944444444444445 0.1388888888888889
2 0.41388888888888886 0.8824074074074074 0.09537037037037037 0.11481481481481481
3 0.28703703703703703 0.649074074074074 0.11944444444444445 0.1388888888888889
0 0.3351851851851852 0.041666666666666664 0.09351851851851851 0.08333333333333333
3 0.1814814814814815 0.2351851851851852 0.12222222222222222 0.14814814814814814
3 0.15462962962962962 0.47129629629629627 0.125 0.14814814814814814
1 0.8361111111111111 0.44722222222222224 0.09074074074074075 0.12037037037037036