2 0.2712962962962963 0.9611111111111111 0.10555555555555556 0.07685185185185185
1 0.16574074074074074 0.38981481481481484 0.11018518518518519 0.13425925925925927
2 0.3074074074074074 0.23333333333333334 0.10092592592592593 0.11018518518518519
2 0.3425925925925926 0.4083333333333333 0.10277777777777777 0.1175925925925926
1 0.47685185185185186 0.9361111111111111 0.10462962962962963 0.12777777777777777
2 0.4722222222222222 0.6898148148148148 0.11018518518518519 0.12962962962962962
3 0.5351851851851852 0.4462962962962963 0.13148148148148148 0.14629629629629629
2 0.47314814814814815 0.07962962962962963 0.10277777777777777 0.11944444444444445
3 0.6601851851851852 0.26944444444444443 0.13148148148148148 0.14629629629629629
0 0.7851851851851852 0.8805555555555555 0.10092592592592593 0.1175925925925926
3 0.8777777777777778 0.6370370370370371 0.13148148148148148 0.15555555555555556
3 0.8379629629629629 0.4064814814814815 0.13148148148148148 0.15555555555555556
1 0.17777777777777778 0.6185185185185185 0.1037037037037037 0.13055555555555556