2 0.13333333333333333 0.8898148148148148 0.08888888888888889 0.11481481481481481
1 0.17407407407407408 0.3277777777777778 0.08888888888888889 0.11481481481481481
2 0.3388888888888889 0.2175925925925926 0.08333333333333333 0.09537037037037037
2 0.33055555555555555 0.3824074074074074 0.08888888888888889 0.10092592592592593
1 0.3333333333333333 0.887962962962963 0.10277777777777777 0.12685185185185185
2 0.38425925925925924 0.6666666666666666 0.09351851851851851 0.11018518518518519
3 0.49537037037037035 0.46111111111111114 0.10740740740740741 0.12685185185185185
2 0.5212962962962963 0.11666666666666667 0.08888888888888889 0.10277777777777777
3 0.6453703703703704 0.3277777777777778 0.10740740740740741 0.12685185185185185
0 0.6222222222222222 0.9074074074074074 0.08333333333333333 0.10277777777777777
3 0.7583333333333333 0.7092592592592593 0.11018518518518519 0.1361111111111111
3 0.775 0.49074074074074076 0.11296296296296296 0.1361111111111111
1 0.1361111111111111 0.5277777777777778 0.09166666666666666 0.11388888888888889