2 0.11018518518518519 0.13333333333333333 0.11481481481481481 0.08888888888888889
1 0.6722222222222223 0.17407407407407408 0.11481481481481481 0.08888888888888889
2 0.7824074074074074 0.3388888888888889 0.09537037037037037 0.08333333333333333
2 0.6175925925925926 0.33055555555555555 0.10092592592592593 0.08888888888888889
1 0.11203703703703703 0.3333333333333333 0.12685185185185185 0.10277777777777777
2 0.3333333333333333 0.38425925925925924 0.11018518518518519 0.09351851851851851
3 0.5388888888888889 0.49537037037037035 0.12685185185185185 0.10740740740740741
2 0.8833333333333333 0.5212962962962963 0.10277777777777777 0.08888888888888889
3 0.6722222222222223 0.6453703703703704 0.12685185185185185 0.10740740740740741
0 0.09259259259259259 0.6222222222222222 0.10277777777777777 0.08333333333333333
3 0.29074074074074074 0.7583333333333333 0.1361111111111111 0.11018518518518519
3 0.5092592592592593 0.775 0.1361111111111111 0.11296296296296296
1 0.4722222222222222 0.1361111111111111 0.11388888888888889 0.09166666666666666