2 0.9314814814814815 0.24722222222222223 0.10833333333333334 0.08703703703703704
1 0.37037037037037035 0.15462962962962962 0.12222222222222222 0.10092592592592593
2 0.225 0.29074074074074074 0.10277777777777777 0.09074074074074075
2 0.3925925925925926 0.32314814814814813 0.0962962962962963 0.08888888888888889
1 0.8842592592592593 0.44074074074074077 0.12037037037037036 0.10092592592592593
2 0.6564814814814814 0.44074074074074077 0.11296296296296296 0.09166666666666666
3 0.4305555555555556 0.5018518518518519 0.12962962962962962 0.11018518518518519
2 0.08703703703703704 0.44722222222222224 0.09907407407407408 0.09166666666666666
3 0.26851851851851855 0.6175925925925926 0.12314814814814815 0.10648148148148148
0 0.8398148148148148 0.7268518518518519 0.10092592592592593 0.08611111111111111
3 0.6129629629629629 0.8166666666666667 0.13518518518518519 0.1037037037037037
3 0.39814814814814814 0.7833333333333333 0.13055555555555556 0.10925925925925926
1 0.5842592592592593 0.16574074074074074 0.11388888888888889 0.09259259259259259