2 0.7527777777777778 0.9314814814814815 0.08703703703703704 0.10833333333333334
1 0.8453703703703703 0.37037037037037035 0.10092592592592593 0.12222222222222222
2 0.7092592592592593 0.225 0.09074074074074075 0.10277777777777777
2 0.6768518518518518 0.3925925925925926 0.08888888888888889 0.0962962962962963
1 0.5592592592592592 0.8842592592592593 0.10092592592592593 0.12037037037037036
2 0.5592592592592592 0.6564814814814814 0.09166666666666666 0.11296296296296296
3 0.4981481481481482 0.4305555555555556 0.11018518518518519 0.12962962962962962
2 0.5527777777777778 0.08703703703703704 0.09166666666666666 0.09907407407407408
3 0.3824074074074074 0.26851851851851855 0.10648148148148148 0.12314814814814815
0 0.27314814814814814 0.8398148148148148 0.08611111111111111 0.10092592592592593
3 0.18333333333333332 0.6129629629629629 0.1037037037037037 0.13518518518518519
3 0.21666666666666667 0.39814814814814814 0.10925925925925926 0.13055555555555556
1 0.8342592592592593 0.5842592592592593 0.09259259259259259 0.11388888888888889