2 0.7935185185185185 0.8981481481481481 0.08611111111111111 0.1175925925925926
1 0.7916666666666666 0.29814814814814816 0.08888888888888889 0.1175925925925926
2 0.625 0.16944444444444445 0.08148148148148149 0.09537037037037037
2 0.6212962962962963 0.3435185185185185 0.08611111111111111 0.10092592592592593
1 0.5805555555555556 0.8787037037037037 0.10092592592592593 0.12962962962962962
2 0.5435185185185185 0.6425925925925926 0.09074074074074075 0.11296296296296296
3 0.44074074074074077 0.4166666666666667 0.10555555555555556 0.12962962962962962
2 0.4398148148148148 0.049074074074074076 0.08611111111111111 0.09814814814814815
3 0.29074074074074074 0.26296296296296295 0.10555555555555556 0.12962962962962962
0 0.27314814814814814 0.8796296296296297 0.08148148148148149 0.10555555555555556
3 0.1425925925925926 0.6601851851851852 0.10555555555555556 0.1361111111111111
3 0.14074074074074075 0.42592592592592593 0.11018518518518519 0.1361111111111111
1 0.812962962962963 0.5212962962962963 0.0962962962962963 0.13333333333333333