2 0.22592592592592592 0.9527777777777777 0.10092592592592593 0.09351851851851851
1 0.12777777777777777 0.40370370370370373 0.10555555555555556 0.12685185185185185
2 0.262037037037037 0.25555555555555554 0.09351851851851851 0.10277777777777777
2 0.29444444444444445 0.4222222222222222 0.09537037037037037 0.10740740740740741
1 0.4222222222222222 0.9203703703703704 0.1037037037037037 0.12962962962962962
2 0.4185185185185185 0.687037037037037 0.10277777777777777 0.12222222222222222
3 0.4759259259259259 0.4564814814814815 0.12222222222222222 0.14166666666666666
2 0.4185185185185185 0.11018518518518519 0.08425925925925926 0.1037037037037037
3 0.5935185185185186 0.2898148148148148 0.12222222222222222 0.14166666666666666
0 0.7157407407407408 0.8685185185185185 0.08888888888888889 0.10833333333333334
3 0.8046296296296296 0.637962962962963 0.11574074074074074 0.13518518518518519
3 0.7620370370370371 0.42314814814814816 0.11388888888888889 0.13240740740740742
1 0.1398148148148148 0.6240740740740741 0.09722222222222222 0.11481481481481481