2 0.1398148148148148 0.8601851851851852 0.1175925925925926 0.08888888888888889
1 0.6925925925925925 0.8111111111111111 0.1175925925925926 0.09074074074074075
2 0.7972222222222223 0.65 0.09814814814814815 0.08333333333333333
2 0.6361111111111111 0.6611111111111111 0.10277777777777777 0.08611111111111111
1 0.1361111111111111 0.6666666666666666 0.1175925925925926 0.09444444444444444
2 0.35555555555555557 0.6129629629629629 0.11296296296296296 0.09351851851851851
3 0.5555555555555556 0.5 0.12685185185185185 0.11018518518518519
2 0.8953703703703704 0.4675925925925926 0.10277777777777777 0.08611111111111111
3 0.6824074074074075 0.34814814814814815 0.12685185185185185 0.11018518518518519
0 0.11388888888888889 0.38333333333333336 0.10277777777777777 0.08333333333333333
3 0.30648148148148147 0.24444444444444444 0.13425925925925927 0.11018518518518519
3 0.5212962962962963 0.225 0.13425925925925927 0.11018518518518519
1 0.48703703703703705 0.8555555555555555 0.10833333333333334 0.09074074074074075