2 0.14351851851851852 0.9194444444444444 0.09537037037037037 0.10092592592592593
1 0.20462962962962963 0.3333333333333333 0.10277777777777777 0.12962962962962962
2 0.3861111111111111 0.22037037037037038 0.09351851851851851 0.10277777777777777
2 0.3712962962962963 0.39537037037037037 0.09537037037037037 0.11296296296296296
1 0.3574074074074074 0.9305555555555556 0.11481481481481481 0.125
2 0.4185185185185185 0.7046296296296296 0.10277777777777777 0.125
3 0.5444444444444444 0.487962962962963 0.11944444444444445 0.1388888888888889
2 0.5861111111111111 0.1175925925925926 0.09537037037037037 0.11481481481481481
3 0.7129629629629629 0.3509259259259259 0.11944444444444445 0.1388888888888889
0 0.6648148148148149 0.9583333333333334 0.09351851851851851 0.08333333333333333
3 0.8185185185185185 0.7648148148148148 0.12222222222222222 0.14814814814814814
3 0.8453703703703703 0.5287037037037037 0.125 0.14814814814814814
1 0.1638888888888889 0.5527777777777778 0.09074074074074075 0.12037037037037036