2 0.9194444444444444 0.8564814814814815 0.10092592592592593 0.09537037037037037
1 0.3333333333333333 0.7953703703703704 0.12962962962962962 0.10277777777777777
2 0.22037037037037038 0.6138888888888889 0.10277777777777777 0.09351851851851851
2 0.39537037037037037 0.6287037037037037 0.11296296296296296 0.09537037037037037
1 0.9305555555555556 0.6425925925925926 0.125 0.11481481481481481
2 0.7046296296296296 0.5814814814814815 0.125 0.10277777777777777
3 0.487962962962963 0.45555555555555555 0.1388888888888889 0.11944444444444445
2 0.1175925925925926 0.41388888888888886 0.11481481481481481 0.09537037037037037
3 0.3509259259259259 0.28703703703703703 0.1388888888888889 0.11944444444444445
0 0.9583333333333334 0.3351851851851852 0.08333333333333333 0.09351851851851851
3 0.7648148148148148 0.1814814814814815 0.14814814814814814 0.12222222222222222
3 0.5287037037037037 0.15462962962962962 0.14814814814814814 0.125
1 0.5527777777777778 0.8361111111111111 0.12037037037037036 0.09074074074074075