2 0.7694444444444445 0.9222222222222223 0.09074074074074075 0.11944444444444445
1 0.8351851851851851 0.37037037037037035 0.09351851851851851 0.11944444444444445
2 0.6990740740740741 0.23703703703703705 0.08611111111111111 0.10092592592592593
2 0.6768518518518518 0.3962962962962963 0.09074074074074075 0.10555555555555556
1 0.5777777777777777 0.8824074074074074 0.11018518518518519 0.13148148148148148
2 0.5712962962962963 0.6583333333333333 0.09537037037037037 0.11481481481481481
3 0.5027777777777778 0.4398148148148148 0.11481481481481481 0.13148148148148148
2 0.5416666666666666 0.1037037037037037 0.09074074074074075 0.10555555555555556
3 0.38055555555555554 0.2851851851851852 0.11481481481481481 0.13148148148148148
0 0.2972222222222222 0.8472222222222222 0.08888888888888889 0.10740740740740741
3 0.20092592592592592 0.6296296296296297 0.11481481481481481 0.1388888888888889
3 0.22592592592592592 0.4185185185185185 0.11481481481481481 0.1388888888888889
1 0.8333333333333334 0.5851851851851851 0.0962962962962963 0.11296296296296296