2 0.9194444444444444 0.14814814814814814 0.10277777777777777 0.13148148148148148
1 0.8342592592592593 0.7472222222222222 0.10555555555555556 0.12962962962962962
2 0.6527777777777778 0.850925925925926 0.09814814814814815 0.11018518518518519
2 0.6731481481481482 0.6777777777777778 0.10092592592592593 0.11481481481481481
1 0.7083333333333334 0.13518518518518519 0.10185185185185185 0.12777777777777777
2 0.6361111111111111 0.36944444444444446 0.10555555555555556 0.12685185185185185
3 0.5027777777777778 0.5805555555555556 0.125 0.14351851851851852
2 0.44814814814814813 0.9444444444444444 0.09814814814814815 0.11018518518518519
3 0.33055555555555555 0.7101851851851851 0.125 0.14814814814814814
0 0.3990740740740741 0.09259259259259259 0.09814814814814815 0.11481481481481481
3 0.23796296296296296 0.29444444444444445 0.12685185185185185 0.1537037037037037
3 0.20277777777777778 0.5287037037037037 0.12962962962962962 0.1537037037037037
1 0.8953703703703704 0.5277777777777778 0.0962962962962963 0.13055555555555556