2 0.8981481481481481 0.2064814814814815 0.1175925925925926 0.08611111111111111
1 0.29814814814814816 0.20833333333333334 0.1175925925925926 0.08888888888888889
2 0.16944444444444445 0.375 0.09537037037037037 0.08148148148148149
2 0.3435185185185185 0.3787037037037037 0.10092592592592593 0.08611111111111111
1 0.8787037037037037 0.41944444444444445 0.12962962962962962 0.10092592592592593
2 0.6425925925925926 0.4564814814814815 0.11296296296296296 0.09074074074074075
3 0.4166666666666667 0.5592592592592592 0.12962962962962962 0.10555555555555556
2 0.049074074074074076 0.5601851851851852 0.09814814814814815 0.08611111111111111
3 0.26296296296296295 0.7092592592592593 0.12962962962962962 0.10555555555555556
0 0.8796296296296297 0.7268518518518519 0.10555555555555556 0.08148148148148149
3 0.6601851851851852 0.8574074074074074 0.1361111111111111 0.10555555555555556
3 0.42592592592592593 0.8592592592592593 0.1361111111111111 0.11018518518518519
1 0.5212962962962963 0.18703703703703703 0.13333333333333333 0.0962962962962963