2 0.06851851851851852 0.7527777777777778 0.10833333333333334 0.08703703703703704
1 0.6296296296296297 0.8453703703703703 0.12222222222222222 0.10092592592592593
2 0.775 0.7092592592592593 0.10277777777777777 0.09074074074074075
2 0.6074074074074074 0.6768518518518518 0.0962962962962963 0.08888888888888889
1 0.11574074074074074 0.5592592592592592 0.12037037037037036 0.10092592592592593
2 0.3435185185185185 0.5592592592592592 0.11296296296296296 0.09166666666666666
3 0.5694444444444444 0.4981481481481482 0.12962962962962962 0.11018518518518519
2 0.912962962962963 0.5527777777777778 0.09907407407407408 0.09166666666666666
3 0.7314814814814815 0.3824074074074074 0.12314814814814815 0.10648148148148148
0 0.16018518518518518 0.27314814814814814 0.10092592592592593 0.08611111111111111
3 0.387037037037037 0.18333333333333332 0.13518518518518519 0.1037037037037037
3 0.6018518518518519 0.21666666666666667 0.13055555555555556 0.10925925925925926
1 0.41574074074074074 0.8342592592592593 0.11388888888888889 0.09259259259259259