0 0.42962962962962964 0.637962962962963 0.06296296296296296 0.05555555555555555
0 0.6481481481481481 0.6222222222222222 0.05740740740740741 0.05925925925925926
0 0.6287037037037037 0.4759259259259259 0.06388888888888888 0.06018518518518518
0 0.649074074074074 0.30092592592592593 0.06111111111111111 0.06944444444444445
0 0.5037037037037037 0.35555555555555557 0.06759259259259259 0.06481481481481481
0 0.7916666666666666 0.44907407407407407 0.06759259259259259 0.06111111111111111
1 0.7148148148148148 0.39166666666666666 0.07314814814814814 0.075
1 0.3962962962962963 0.5018518518518519 0.07314814814814814 0.0712962962962963
1 0.4703703703703704 0.5611111111111111 0.06666666666666667 0.06851851851851852
1 0.42685185185185187 0.4046296296296296 0.07314814814814814 0.07037037037037037
1 0.2916666666666667 0.4601851851851852 0.07777777777777778 0.075
1 0.5722222222222222 0.23055555555555557 0.08333333333333333 0.08888888888888889
1 0.7296296296296296 0.5194444444444445 0.07314814814814814 0.075
1 0.5861111111111111 0.5444444444444444 0.06851851851851852 0.06851851851851852
0 0.7037037037037037 0.2388888888888889 0.06388888888888888 0.06851851851851852
2 0.5787037037037037 0.38333333333333336 0.06018518518518518 0.06481481481481481
2 0.5453703703703704 0.6175925925925926 0.05740740740740741 0.06018518518518518
2 0.30092592592592593 0.5611111111111111 0.05925925925925926 0.062037037037037036
3 0.41944444444444445 0.262037037037037 0.08796296296296297 0.09444444444444444
3 0.5120370370370371 0.4824074074074074 0.08425925925925926 0.08148148148148149
0 0.6861111111111111 0.5962962962962963 0.012037037037037037 0.004629629629629629
3 0.562037037037037 0.7083333333333334 0.075 0.075