0 0.5703703703703704 0.36203703703703705 0.06296296296296296 0.05555555555555555
0 0.35185185185185186 0.37777777777777777 0.05740740740740741 0.05925925925925926
0 0.3712962962962963 0.524074074074074 0.06388888888888888 0.06018518518518518
0 0.3509259259259259 0.6990740740740741 0.06111111111111111 0.06944444444444445
0 0.4962962962962963 0.6444444444444445 0.06759259259259259 0.06481481481481481
0 0.20833333333333334 0.5509259259259259 0.06759259259259259 0.06111111111111111
1 0.2851851851851852 0.6083333333333333 0.07314814814814814 0.075
1 0.6037037037037037 0.4981481481481482 0.07314814814814814 0.0712962962962963
1 0.5296296296296297 0.4388888888888889 0.06666666666666667 0.06851851851851852
1 0.5731481481481482 0.5953703703703703 0.07314814814814814 0.07037037037037037
1 0.7083333333333334 0.5398148148148149 0.07777777777777778 0.075
1 0.42777777777777776 0.7694444444444445 0.08333333333333333 0.08888888888888889
1 0.27037037037037037 0.48055555555555557 0.07314814814814814 0.075
1 0.41388888888888886 0.45555555555555555 0.06851851851851852 0.06851851851851852
0 0.2962962962962963 0.7611111111111111 0.06388888888888888 0.06851851851851852
2 0.4212962962962963 0.6166666666666667 0.06018518518518518 0.06481481481481481
2 0.4546296296296296 0.3824074074074074 0.05740740740740741 0.06018518518518518
2 0.6990740740740741 0.4388888888888889 0.05925925925925926 0.062037037037037036
3 0.5805555555555556 0.7379629629629629 0.08796296296296297 0.09444444444444444
3 0.487962962962963 0.5175925925925926 0.08425925925925926 0.08148148148148149
0 0.3138888888888889 0.40370370370370373 0.012037037037037037 0.004629629629629629
3 0.43796296296296294 0.2916666666666667 0.075 0.075