0 0.3472222222222222 0.38425925925925924 0.06481481481481481 0.06018518518518518
0 0.5787037037037037 0.6527777777777778 0.05555555555555555 0.05925925925925926
0 0.4166666666666667 0.6731481481481482 0.06481481481481481 0.06018518518518518
0 0.4546296296296296 0.45925925925925926 0.06296296296296296 0.05648148148148148
0 0.5861111111111111 0.475 0.05925925925925926 0.05555555555555555
1 0.41759259259259257 0.34629629629629627 0.07037037037037037 0.07222222222222222
1 0.525 0.3925925925925926 0.06666666666666667 0.0712962962962963
1 0.5166666666666667 0.4925925925925926 0.06944444444444445 0.06759259259259259
1 0.4861111111111111 0.6138888888888889 0.07037037037037037 0.07222222222222222
1 0.33611111111111114 0.5898148148148148 0.07037037037037037 0.07222222222222222
2 0.3731481481481482 0.46111111111111114 0.06111111111111111 0.06481481481481481
2 0.562962962962963 0.5611111111111111 0.05555555555555555 0.05740740740740741
3 0.6509259259259259 0.5768518518518518 0.07037037037037037 0.07407407407407407
3 0.43148148148148147 0.5444444444444444 0.07777777777777778 0.075