0 0.38425925925925924 0.6527777777777778 0.06018518518518518 0.06481481481481481
0 0.6527777777777778 0.4212962962962963 0.05925925925925926 0.05555555555555555
0 0.6731481481481482 0.5833333333333334 0.06018518518518518 0.06481481481481481
0 0.45925925925925926 0.5453703703703704 0.05648148148148148 0.06296296296296296
0 0.475 0.41388888888888886 0.05555555555555555 0.05925925925925926
1 0.34629629629629627 0.5824074074074074 0.07222222222222222 0.07037037037037037
1 0.3925925925925926 0.475 0.0712962962962963 0.06666666666666667
1 0.4925925925925926 0.48333333333333334 0.06759259259259259 0.06944444444444445
1 0.6138888888888889 0.5138888888888888 0.07222222222222222 0.07037037037037037
1 0.5898148148148148 0.6638888888888889 0.07222222222222222 0.07037037037037037
2 0.46111111111111114 0.6268518518518519 0.06481481481481481 0.06111111111111111
2 0.5611111111111111 0.43703703703703706 0.05740740740740741 0.05555555555555555
3 0.5768518518518518 0.3490740740740741 0.07407407407407407 0.07037037037037037
3 0.5444444444444444 0.5685185185185185 0.075 0.07777777777777778