0 0.41574074074074074 0.6972222222222222 0.06759259259259259 0.07685185185185185
2 0.32685185185185184 0.5981481481481481 0.08055555555555556 0.0824074074074074
3 0.23055555555555557 0.7185185185185186 0.10833333333333334 0.10833333333333334
1 0.5611111111111111 0.6648148148148149 0.08888888888888889 0.08888888888888889
0 0.775 0.4074074074074074 0.06944444444444445 0.07685185185185185
0 0.6805555555555556 0.4185185185185185 0.06944444444444445 0.07685185185185185
0 0.5268518518518519 0.33611111111111114 0.06759259259259259 0.07685185185185185
0 0.2037037037037037 0.512962962962963 0.06944444444444445 0.07685185185185185
0 0.7092592592592593 0.6361111111111111 0.0787037037037037 0.07685185185185185
0 0.5277777777777778 0.525 0.0712962962962963 0.07685185185185185
2 0.17592592592592593 0.32037037037037036 0.08055555555555556 0.0824074074074074
2 0.5638888888888889 0.41759259259259257 0.08055555555555556 0.0824074074074074
3 0.5314814814814814 0.19814814814814816 0.0962962962962963 0.09259259259259259
3 0.425 0.4444444444444444 0.10185185185185185 0.10185185185185185
1 0.6370370370370371 0.275 0.08888888888888889 0.08888888888888889
1 0.27685185185185185 0.22037037037037038 0.08888888888888889 0.08888888888888889
1 0.42592592592592593 0.3101851851851852 0.08888888888888889 0.08888888888888889
1 0.31203703703703706 0.3611111111111111 0.08888888888888889 0.08888888888888889
1 0.31851851851851853 0.4787037037037037 0.08888888888888889 0.08888888888888889
1 0.43333333333333335 0.5648148148148148 0.08888888888888889 0.08888888888888889
1 0.649074074074074 0.5370370370370371 0.08888888888888889 0.08888888888888889