0 0.6972222222222222 0.5842592592592593 0.07685185185185185 0.06759259259259259
2 0.5981481481481481 0.6731481481481482 0.0824074074074074 0.08055555555555556
3 0.7185185185185186 0.7694444444444445 0.10833333333333334 0.10833333333333334
1 0.6648148148148149 0.4388888888888889 0.08888888888888889 0.08888888888888889
0 0.4074074074074074 0.225 0.07685185185185185 0.06944444444444445
0 0.4185185185185185 0.3194444444444444 0.07685185185185185 0.06944444444444445
0 0.33611111111111114 0.47314814814814815 0.07685185185185185 0.06759259259259259
0 0.512962962962963 0.7962962962962963 0.07685185185185185 0.06944444444444445
0 0.6361111111111111 0.29074074074074074 0.07685185185185185 0.0787037037037037
0 0.525 0.4722222222222222 0.07685185185185185 0.0712962962962963
2 0.32037037037037036 0.8240740740740741 0.0824074074074074 0.08055555555555556
2 0.41759259259259257 0.4361111111111111 0.0824074074074074 0.08055555555555556
3 0.19814814814814816 0.4685185185185185 0.09259259259259259 0.0962962962962963
3 0.4444444444444444 0.575 0.10185185185185185 0.10185185185185185
1 0.275 0.362962962962963 0.08888888888888889 0.08888888888888889
1 0.22037037037037038 0.7231481481481481 0.08888888888888889 0.08888888888888889
1 0.3101851851851852 0.5740740740740741 0.08888888888888889 0.08888888888888889
1 0.3611111111111111 0.687962962962963 0.08888888888888889 0.08888888888888889
1 0.4787037037037037 0.6814814814814815 0.08888888888888889 0.08888888888888889
1 0.5648148148148148 0.5666666666666667 0.08888888888888889 0.08888888888888889
1 0.5370370370370371 0.3509259259259259 0.08888888888888889 0.08888888888888889