0 0.7157407407407408 0.7083333333333334 0.06574074074074074 0.06111111111111111
0 0.4027777777777778 0.3814814814814815 0.05925925925925926 0.05648148148148148
0 0.44074074074074077 0.43796296296296294 0.06111111111111111 0.05740740740740741
0 0.5833333333333334 0.47685185185185186 0.06111111111111111 0.05740740740740741
0 0.5907407407407408 0.31851851851851853 0.06296296296296296 0.05740740740740741
0 0.7444444444444445 0.48703703703703705 0.06388888888888888 0.06111111111111111
0 0.4601851851851852 0.5694444444444444 0.06296296296296296 0.05740740740740741
1 0.6398148148148148 0.6444444444444445 0.06851851851851852 0.06296296296296296
1 0.6518518518518519 0.3861111111111111 0.06851851851851852 0.06296296296296296
1 0.375 0.49074074074074076 0.06851851851851852 0.06296296296296296
1 0.5296296296296297 0.38796296296296295 0.06851851851851852 0.06296296296296296
1 0.6416666666666667 0.5268518518518519 0.06851851851851852 0.06296296296296296
1 0.5092592592592593 0.7722222222222223 0.06851851851851852 0.06296296296296296
1 0.4787037037037037 0.6444444444444445 0.06851851851851852 0.06296296296296296
1 0.5666666666666667 0.6935185185185185 0.06851851851851852 0.06296296296296296
2 0.7175925925925926 0.5851851851851851 0.0712962962962963 0.062037037037037036
2 0.49722222222222223 0.5092592592592593 0.062037037037037036 0.06018518518518518
2 0.6018518518518519 0.799074074074074 0.06851851851851852 0.06018518518518518
3 0.8305555555555556 0.5935185185185186 0.08518518518518518 0.0787037037037037
3 0.37962962962962965 0.6129629629629629 0.07037037037037037 0.07314814814814814
3 0.5703703703703704 0.587037037037037 0.07407407407407407 0.0712962962962963
2 0.2824074074074074 0.9481481481481482 0.049074074074074076 0.05277777777777778
2 0.17222222222222222 0.8092592592592592 0.04351851851851852 0.05
2 0.18981481481481483 0.9018518518518519 0.046296296296296294 0.05277777777777778
2 0.15185185185185185 0.9648148148148148 0.04537037037037037 0.05
3 0.21851851851851853 0.8722222222222222 0.05555555555555555 0.06296296296296296
3 0.19074074074074074 0.9694444444444444 0.05740740740740741 0.05277777777777778
3 0.1574074074074074 0.8462962962962963 0.05092592592592592 0.05925925925925926