0 0.2916666666666667 0.7157407407407408 0.06111111111111111 0.06574074074074074
0 0.6185185185185185 0.4027777777777778 0.05648148148148148 0.05925925925925926
0 0.562037037037037 0.44074074074074077 0.05740740740740741 0.06111111111111111
0 0.5231481481481481 0.5833333333333334 0.05740740740740741 0.06111111111111111
0 0.6814814814814815 0.5907407407407408 0.05740740740740741 0.06296296296296296
0 0.512962962962963 0.7444444444444445 0.06111111111111111 0.06388888888888888
0 0.4305555555555556 0.4601851851851852 0.05740740740740741 0.06296296296296296
1 0.35555555555555557 0.6398148148148148 0.06296296296296296 0.06851851851851852
1 0.6138888888888889 0.6518518518518519 0.06296296296296296 0.06851851851851852
1 0.5092592592592593 0.375 0.06296296296296296 0.06851851851851852
1 0.612037037037037 0.5296296296296297 0.06296296296296296 0.06851851851851852
1 0.47314814814814815 0.6416666666666667 0.06296296296296296 0.06851851851851852
1 0.22777777777777777 0.5092592592592593 0.06296296296296296 0.06851851851851852
1 0.35555555555555557 0.4787037037037037 0.06296296296296296 0.06851851851851852
1 0.30648148148148147 0.5666666666666667 0.06296296296296296 0.06851851851851852
2 0.4148148148148148 0.7175925925925926 0.062037037037037036 0.0712962962962963
2 0.49074074074074076 0.49722222222222223 0.06018518518518518 0.062037037037037036
2 0.20092592592592592 0.6018518518518519 0.06018518518518518 0.06851851851851852
3 0.4064814814814815 0.8305555555555556 0.0787037037037037 0.08518518518518518
3 0.387037037037037 0.37962962962962965 0.07314814814814814 0.07037037037037037
3 0.412962962962963 0.5703703703703704 0.0712962962962963 0.07407407407407407
2 0.05185185185185185 0.2824074074074074 0.05277777777777778 0.049074074074074076
2 0.19074074074074074 0.17222222222222222 0.05 0.04351851851851852
2 0.09814814814814815 0.18981481481481483 0.05277777777777778 0.046296296296296294
2 0.03518518518518519 0.15185185185185185 0.05 0.04537037037037037
3 0.12777777777777777 0.21851851851851853 0.06296296296296296 0.05555555555555555
3 0.030555555555555555 0.19074074074074074 0.05277777777777778 0.05740740740740741
3 0.1537037037037037 0.1574074074074074 0.05925925925925926 0.05092592592592592