0 0.7083333333333334 0.28425925925925927 0.06111111111111111 0.06574074074074074
0 0.3814814814814815 0.5972222222222222 0.05648148148148148 0.05925925925925926
0 0.43796296296296294 0.5592592592592592 0.05740740740740741 0.06111111111111111
0 0.47685185185185186 0.4166666666666667 0.05740740740740741 0.06111111111111111
0 0.31851851851851853 0.40925925925925927 0.05740740740740741 0.06296296296296296
0 0.48703703703703705 0.25555555555555554 0.06111111111111111 0.06388888888888888
0 0.5694444444444444 0.5398148148148149 0.05740740740740741 0.06296296296296296
1 0.6444444444444445 0.36018518518518516 0.06296296296296296 0.06851851851851852
1 0.3861111111111111 0.34814814814814815 0.06296296296296296 0.06851851851851852
1 0.49074074074074076 0.625 0.06296296296296296 0.06851851851851852
1 0.38796296296296295 0.4703703703703704 0.06296296296296296 0.06851851851851852
1 0.5268518518518519 0.35833333333333334 0.06296296296296296 0.06851851851851852
1 0.7722222222222223 0.49074074074074076 0.06296296296296296 0.06851851851851852
1 0.6444444444444445 0.5212962962962963 0.06296296296296296 0.06851851851851852
1 0.6935185185185185 0.43333333333333335 0.06296296296296296 0.06851851851851852
2 0.5851851851851851 0.2824074074074074 0.062037037037037036 0.0712962962962963
2 0.5092592592592593 0.5027777777777778 0.06018518518518518 0.062037037037037036
2 0.799074074074074 0.39814814814814814 0.06018518518518518 0.06851851851851852
3 0.5935185185185186 0.16944444444444445 0.0787037037037037 0.08518518518518518
3 0.6129629629629629 0.6203703703703703 0.07314814814814814 0.07037037037037037
3 0.587037037037037 0.42962962962962964 0.0712962962962963 0.07407407407407407
2 0.9481481481481482 0.7175925925925926 0.05277777777777778 0.049074074074074076
2 0.8092592592592592 0.8277777777777777 0.05 0.04351851851851852
2 0.9018518518518519 0.8101851851851852 0.05277777777777778 0.046296296296296294
2 0.9648148148148148 0.8481481481481481 0.05 0.04537037037037037
3 0.8722222222222222 0.7814814814814814 0.06296296296296296 0.05555555555555555
3 0.9694444444444444 0.8092592592592592 0.05277777777777778 0.05740740740740741
3 0.8462962962962963 0.8425925925925926 0.05925925925925926 0.05092592592592592