0 0.6314814814814815 0.7638888888888888 0.08611111111111111 0.09351851851851851
1 0.5805555555555556 0.6277777777777778 0.10555555555555556 0.10833333333333334
2 0.7157407407407408 0.6027777777777777 0.09351851851851851 0.08981481481481482
3 0.5305555555555556 0.5046296296296297 0.11203703703703703 0.10925925925925926
1 0.262037037037037 0.7101851851851851 0.11203703703703703 0.10925925925925926
3 0.2111111111111111 0.39351851851851855 0.11944444444444445 0.11388888888888889
3 0.8342592592592593 0.7037037037037037 0.08148148148148149 0.10925925925925926
1 0.3055555555555556 0.2601851851851852 0.10185185185185185 0.09537037037037037
1 0.4388888888888889 0.6453703703703704 0.11203703703703703 0.10925925925925926
1 0.3675925925925926 0.5148148148148148 0.11203703703703703 0.10925925925925926
1 0.7583333333333333 0.3388888888888889 0.1 0.1
1 0.6685185185185185 0.4842592592592593 0.1037037037037037 0.10555555555555556
1 0.6148148148148148 0.24444444444444444 0.10555555555555556 0.09722222222222222
2 0.20925925925925926 0.5166666666666667 0.09907407407407408 0.09351851851851851
0 0.7111111111111111 0.18055555555555555 0.08611111111111111 0.09351851851851851
0 0.45092592592592595 0.11018518518518519 0.08611111111111111 0.09351851851851851
0 0.475 0.21574074074074073 0.08611111111111111 0.09351851851851851
0 0.6092592592592593 0.3824074074074074 0.08611111111111111 0.09351851851851851
0 0.8148148148148148 0.4981481481481482 0.08611111111111111 0.09351851851851851
0 0.38981481481481484 0.39444444444444443 0.08611111111111111 0.09351851851851851
2 0.3111111111111111 0.10833333333333334 0.09907407407407408 0.09351851851851851
2 0.4898148148148148 0.34629629629629627 0.09907407407407408 0.09351851851851851
2 0.36944444444444446 0.85 0.1037037037037037 0.09722222222222222
2 0.487962962962963 0.7759259259259259 0.09907407407407408 0.09537037037037037