0 0.2361111111111111 0.6314814814814815 0.09351851851851851 0.08611111111111111
1 0.37222222222222223 0.5805555555555556 0.10833333333333334 0.10555555555555556
2 0.3972222222222222 0.7157407407407408 0.08981481481481482 0.09351851851851851
3 0.49537037037037035 0.5305555555555556 0.10925925925925926 0.11203703703703703
1 0.2898148148148148 0.262037037037037 0.10925925925925926 0.11203703703703703
3 0.6064814814814815 0.2111111111111111 0.11388888888888889 0.11944444444444445
3 0.2962962962962963 0.8342592592592593 0.10925925925925926 0.08148148148148149
1 0.7398148148148148 0.3055555555555556 0.09537037037037037 0.10185185185185185
1 0.35462962962962963 0.4388888888888889 0.10925925925925926 0.11203703703703703
1 0.48518518518518516 0.3675925925925926 0.10925925925925926 0.11203703703703703
1 0.6611111111111111 0.7583333333333333 0.1 0.1
1 0.5157407407407407 0.6685185185185185 0.10555555555555556 0.1037037037037037
1 0.7555555555555555 0.6148148148148148 0.09722222222222222 0.10555555555555556
2 0.48333333333333334 0.20925925925925926 0.09351851851851851 0.09907407407407408
0 0.8194444444444444 0.7111111111111111 0.09351851851851851 0.08611111111111111
0 0.8898148148148148 0.45092592592592595 0.09351851851851851 0.08611111111111111
0 0.7842592592592592 0.475 0.09351851851851851 0.08611111111111111
0 0.6175925925925926 0.6092592592592593 0.09351851851851851 0.08611111111111111
0 0.5018518518518519 0.8148148148148148 0.09351851851851851 0.08611111111111111
0 0.6055555555555555 0.38981481481481484 0.09351851851851851 0.08611111111111111
2 0.8916666666666667 0.3111111111111111 0.09351851851851851 0.09907407407407408
2 0.6537037037037037 0.4898148148148148 0.09351851851851851 0.09907407407407408
2 0.15 0.36944444444444446 0.09722222222222222 0.1037037037037037
2 0.22407407407407406 0.487962962962963 0.09537037037037037 0.09907407407407408