0 0.2675925925925926 0.5166666666666667 0.08425925925925926 0.08055555555555556
1 0.4027777777777778 0.30833333333333335 0.09444444444444444 0.08981481481481482
2 0.30277777777777776 0.3814814814814815 0.08981481481481482 0.08611111111111111
3 0.15833333333333333 0.37407407407407406 0.11481481481481481 0.10925925925925926
0 0.4648148148148148 0.7305555555555555 0.075 0.07314814814814814
0 0.4759259259259259 0.5259259259259259 0.08055555555555556 0.075
0 0.662962962962963 0.5805555555555556 0.07314814814814814 0.075
0 0.7129629629629629 0.6472222222222223 0.0712962962962963 0.06944444444444445
0 0.637962962962963 0.40555555555555556 0.08425925925925926 0.08055555555555556
0 0.3074074074074074 0.2222222222222222 0.08425925925925926 0.07685185185185185
2 0.5935185185185186 0.4824074074074074 0.0787037037037037 0.0787037037037037
2 0.45185185185185184 0.10555555555555556 0.08981481481481482 0.08611111111111111
3 0.7453703703703703 0.34814814814814815 0.08611111111111111 0.08611111111111111
3 0.49074074074074076 0.3814814814814815 0.1 0.09814814814814815
1 0.75 0.5074074074074074 0.08055555555555556 0.08518518518518518
1 0.5518518518518518 0.6435185185185185 0.09444444444444444 0.08796296296296297
1 0.38981481481481484 0.6425925925925926 0.09444444444444444 0.08981481481481482
1 0.3972222222222222 0.45925925925925926 0.09444444444444444 0.08981481481481482
1 0.6037037037037037 0.3111111111111111 0.08611111111111111 0.08796296296296297
1 0.575925925925926 0.14166666666666666 0.09259259259259259 0.08611111111111111
1 0.49907407407407406 0.24259259259259258 0.08611111111111111 0.08518518518518518