0 0.5166666666666667 0.7324074074074074 0.08055555555555556 0.08425925925925926
1 0.30833333333333335 0.5972222222222222 0.08981481481481482 0.09444444444444444
2 0.3814814814814815 0.6972222222222222 0.08611111111111111 0.08981481481481482
3 0.37407407407407406 0.8416666666666667 0.10925925925925926 0.11481481481481481
0 0.7305555555555555 0.5351851851851852 0.07314814814814814 0.075
0 0.5259259259259259 0.524074074074074 0.075 0.08055555555555556
0 0.5805555555555556 0.337037037037037 0.075 0.07314814814814814
0 0.6472222222222223 0.28703703703703703 0.06944444444444445 0.0712962962962963
0 0.40555555555555556 0.36203703703703705 0.08055555555555556 0.08425925925925926
0 0.2222222222222222 0.6925925925925925 0.07685185185185185 0.08425925925925926
2 0.4824074074074074 0.4064814814814815 0.0787037037037037 0.0787037037037037
2 0.10555555555555556 0.5481481481481482 0.08611111111111111 0.08981481481481482
3 0.34814814814814815 0.25462962962962965 0.08611111111111111 0.08611111111111111
3 0.3814814814814815 0.5092592592592593 0.09814814814814815 0.1
1 0.5074074074074074 0.25 0.08518518518518518 0.08055555555555556
1 0.6435185185185185 0.44814814814814813 0.08796296296296297 0.09444444444444444
1 0.6425925925925926 0.6101851851851852 0.08981481481481482 0.09444444444444444
1 0.45925925925925926 0.6027777777777777 0.08981481481481482 0.09444444444444444
1 0.3111111111111111 0.3962962962962963 0.08796296296296297 0.08611111111111111
1 0.14166666666666666 0.42407407407407405 0.08611111111111111 0.09259259259259259
1 0.24259259259259258 0.5009259259259259 0.08518518518518518 0.08611111111111111