0 0.5518518518518518 0.5407407407407407 0.09074074074074075 0.09074074074074075
0 0.7592592592592593 0.17314814814814813 0.09351851851851851 0.09074074074074075
0 0.7361111111111112 0.6555555555555556 0.09074074074074075 0.09074074074074075
0 0.3175925925925926 0.44537037037037036 0.09074074074074075 0.09074074074074075
1 0.5851851851851851 0.7194444444444444 0.12129629629629629 0.11481481481481481
1 0.5666666666666667 0.25462962962962965 0.12129629629629629 0.11481481481481481
1 0.7916666666666666 0.31851851851851853 0.12129629629629629 0.11481481481481481
1 0.49166666666666664 0.4305555555555556 0.12129629629629629 0.11481481481481481
1 0.39351851851851855 0.6425925925925926 0.11666666666666667 0.11203703703703703
2 0.6898148148148148 0.5166666666666667 0.10925925925925926 0.10277777777777777
2 0.4111111111111111 0.30462962962962964 0.10462962962962963 0.1
3 0.25925925925925924 0.24074074074074073 0.13333333333333333 0.13333333333333333
3 0.6333333333333333 0.3814814814814815 0.13333333333333333 0.13333333333333333