2 0.3824074074074074 0.17222222222222222 0.09907407407407408 0.09537037037037037
2 0.2 0.1814814814814815 0.09907407407407408 0.09537037037037037
2 0.5648148148148148 0.9416666666666667 0.09907407407407408 0.09814814814814815
2 0.6240740740740741 0.06944444444444445 0.09907407407407408 0.09537037037037037
1 0.3592592592592593 0.3712962962962963 0.10648148148148148 0.10925925925925926
1 0.16111111111111112 0.40185185185185185 0.10833333333333334 0.10925925925925926
1 0.30648148148148147 0.5962962962962963 0.10648148148148148 0.10925925925925926
1 0.7101851851851851 0.725 0.10648148148148148 0.10925925925925926
1 0.4527777777777778 0.5351851851851852 0.10648148148148148 0.10925925925925926
3 0.5648148148148148 0.275 0.12222222222222222 0.12314814814814815
3 0.7925925925925926 0.48333333333333334 0.12222222222222222 0.12314814814814815
3 0.425 0.7601851851851852 0.12222222222222222 0.12314814814814815
3 0.6148148148148148 0.4203703703703704 0.12222222222222222 0.12314814814814815
0 0.7314814814814815 0.30185185185185187 0.08703703703703704 0.09351851851851851
0 0.5574074074074075 0.6416666666666667 0.08703703703703704 0.09351851851851851
0 0.5509259259259259 0.8268518518518518 0.08703703703703704 0.09351851851851851