2 0.8277777777777777 0.362962962962963 0.0962962962962963 0.11666666666666667
2 0.8185185185185185 0.15 0.0962962962962963 0.11666666666666667
2 0.058333333333333334 0.5768518518518518 0.09814814814814815 0.11666666666666667
2 0.9314814814814815 0.6453703703703704 0.0962962962962963 0.11666666666666667
1 0.6287037037037037 0.33611111111111114 0.11018518518518519 0.125
1 0.5981481481481481 0.1037037037037037 0.11018518518518519 0.12777777777777777
1 0.40370370370370373 0.2740740740740741 0.11018518518518519 0.125
1 0.275 0.7453703703703703 0.11018518518518519 0.125
1 0.4648148148148148 0.44537037037037036 0.11018518518518519 0.125
3 0.725 0.5768518518518518 0.125 0.14351851851851852
3 0.5166666666666667 0.8425925925925926 0.125 0.14351851851851852
3 0.23981481481481481 0.412962962962963 0.125 0.14351851851851852
3 0.5796296296296296 0.6342592592592593 0.125 0.14351851851851852
0 0.6972222222222222 0.7712962962962963 0.09351851851851851 0.10277777777777777
0 0.35833333333333334 0.5675925925925925 0.09351851851851851 0.10277777777777777
0 0.17314814814814813 0.5592592592592592 0.09351851851851851 0.10092592592592593