2 0.6175925925925926 0.8277777777777777 0.09907407407407408 0.09537037037037037
2 0.8 0.8185185185185185 0.09907407407407408 0.09537037037037037
2 0.4351851851851852 0.058333333333333334 0.09907407407407408 0.09814814814814815
2 0.37592592592592594 0.9305555555555556 0.09907407407407408 0.09537037037037037
1 0.6407407407407407 0.6287037037037037 0.10648148148148148 0.10925925925925926
1 0.8388888888888889 0.5981481481481481 0.10833333333333334 0.10925925925925926
1 0.6935185185185185 0.40370370370370373 0.10648148148148148 0.10925925925925926
1 0.2898148148148148 0.275 0.10648148148148148 0.10925925925925926
1 0.5472222222222223 0.4648148148148148 0.10648148148148148 0.10925925925925926
3 0.4351851851851852 0.725 0.12222222222222222 0.12314814814814815
3 0.2074074074074074 0.5166666666666667 0.12222222222222222 0.12314814814814815
3 0.575 0.23981481481481481 0.12222222222222222 0.12314814814814815
3 0.3851851851851852 0.5796296296296296 0.12222222222222222 0.12314814814814815
0 0.26851851851851855 0.6981481481481482 0.08703703703703704 0.09351851851851851
0 0.4425925925925926 0.35833333333333334 0.08703703703703704 0.09351851851851851
0 0.44907407407407407 0.17314814814814813 0.08703703703703704 0.09351851851851851