2 0.8277777777777777 0.3824074074074074 0.09537037037037037 0.09907407407407408
2 0.8185185185185185 0.2 0.09537037037037037 0.09907407407407408
2 0.058333333333333334 0.5648148148148148 0.09814814814814815 0.09907407407407408
2 0.9305555555555556 0.6240740740740741 0.09537037037037037 0.09907407407407408
1 0.6287037037037037 0.3592592592592593 0.10925925925925926 0.10648148148148148
1 0.5981481481481481 0.16111111111111112 0.10925925925925926 0.10833333333333334
1 0.40370370370370373 0.30648148148148147 0.10925925925925926 0.10648148148148148
1 0.275 0.7101851851851851 0.10925925925925926 0.10648148148148148
1 0.4648148148148148 0.4527777777777778 0.10925925925925926 0.10648148148148148
3 0.725 0.5648148148148148 0.12314814814814815 0.12222222222222222
3 0.5166666666666667 0.7925925925925926 0.12314814814814815 0.12222222222222222
3 0.23981481481481481 0.425 0.12314814814814815 0.12222222222222222
3 0.5796296296296296 0.6148148148148148 0.12314814814814815 0.12222222222222222
0 0.6981481481481482 0.7314814814814815 0.09351851851851851 0.08703703703703704
0 0.35833333333333334 0.5574074074074075 0.09351851851851851 0.08703703703703704
0 0.17314814814814813 0.5509259259259259 0.09351851851851851 0.08703703703703704