2 0.362962962962963 0.17222222222222222 0.11666666666666667 0.0962962962962963
2 0.15 0.1814814814814815 0.11666666666666667 0.0962962962962963
2 0.5768518518518518 0.9416666666666667 0.11666666666666667 0.09814814814814815
2 0.6453703703703704 0.06851851851851852 0.11666666666666667 0.0962962962962963
1 0.33611111111111114 0.3712962962962963 0.125 0.11018518518518519
1 0.1037037037037037 0.40185185185185185 0.12777777777777777 0.11018518518518519
1 0.2740740740740741 0.5962962962962963 0.125 0.11018518518518519
1 0.7453703703703703 0.725 0.125 0.11018518518518519
1 0.44537037037037036 0.5351851851851852 0.125 0.11018518518518519
3 0.5768518518518518 0.275 0.14351851851851852 0.125
3 0.8425925925925926 0.48333333333333334 0.14351851851851852 0.125
3 0.412962962962963 0.7601851851851852 0.14351851851851852 0.125
3 0.6342592592592593 0.4203703703703704 0.14351851851851852 0.125
0 0.7712962962962963 0.30277777777777776 0.10277777777777777 0.09351851851851851
0 0.5675925925925925 0.6416666666666667 0.10277777777777777 0.09351851851851851
0 0.5592592592592592 0.8268518518518518 0.10092592592592593 0.09351851851851851