0 0.30277777777777776 0.22592592592592592 0.09351851851851851 0.10277777777777777
0 0.8268518518518518 0.4388888888888889 0.09351851851851851 0.10277777777777777
0 0.6416666666666667 0.4324074074074074 0.09351851851851851 0.10277777777777777
1 0.725 0.25 0.11388888888888889 0.14166666666666666
1 0.5314814814814814 0.5518518518518518 0.11388888888888889 0.1398148148148148
1 0.5925925925925926 0.725925925925926 0.11388888888888889 0.1398148148148148
1 0.3685185185185185 0.6638888888888889 0.11388888888888889 0.14166666666666666
2 0.18333333333333332 0.8518518518518519 0.10092592592592593 0.12962962962962962
2 0.9407407407407408 0.4212962962962963 0.10092592592592593 0.12962962962962962
2 0.075 0.3537037037037037 0.10092592592592593 0.12962962962962962
2 0.17314814814814813 0.6370370370370371 0.10092592592592593 0.12962962962962962
3 0.7620370370370371 0.5879629629629629 0.1259259259259259 0.1527777777777778
3 0.48333333333333334 0.1574074074074074 0.11944444444444445 0.14629629629629629
3 0.4185185185185185 0.36574074074074076 0.125 0.14814814814814814
3 0.2722222222222222 0.42314814814814816 0.1259259259259259 0.1527777777777778
1 0.40185185185185185 0.8962962962962963 0.11388888888888889 0.14166666666666666