0 0.22592592592592592 0.6972222222222222 0.10277777777777777 0.09351851851851851
0 0.4388888888888889 0.17314814814814813 0.10277777777777777 0.09351851851851851
0 0.4324074074074074 0.35833333333333334 0.10277777777777777 0.09351851851851851
1 0.25 0.275 0.14166666666666666 0.11388888888888889
1 0.5518518518518518 0.4685185185185185 0.1398148148148148 0.11388888888888889
1 0.725925925925926 0.4074074074074074 0.1398148148148148 0.11388888888888889
1 0.6638888888888889 0.6314814814814815 0.14166666666666666 0.11388888888888889
2 0.8518518518518519 0.8166666666666667 0.12962962962962962 0.10092592592592593
2 0.4212962962962963 0.05925925925925926 0.12962962962962962 0.10092592592592593
2 0.3537037037037037 0.925 0.12962962962962962 0.10092592592592593
2 0.6370370370370371 0.8268518518518518 0.12962962962962962 0.10092592592592593
3 0.5879629629629629 0.23796296296296296 0.1527777777777778 0.1259259259259259
3 0.1574074074074074 0.5166666666666667 0.14629629629629629 0.11944444444444445
3 0.36574074074074076 0.5814814814814815 0.14814814814814814 0.125
3 0.42314814814814816 0.7277777777777777 0.1527777777777778 0.1259259259259259
1 0.8962962962962963 0.5981481481481481 0.14166666666666666 0.11388888888888889