0 0.6972222222222222 0.774074074074074 0.09351851851851851 0.10277777777777777
0 0.17314814814814813 0.5611111111111111 0.09351851851851851 0.10277777777777777
0 0.35833333333333334 0.5675925925925925 0.09351851851851851 0.10277777777777777
1 0.275 0.75 0.11388888888888889 0.14166666666666666
1 0.4685185185185185 0.44814814814814813 0.11388888888888889 0.1398148148148148
1 0.4074074074074074 0.2740740740740741 0.11388888888888889 0.1398148148148148
1 0.6314814814814815 0.33611111111111114 0.11388888888888889 0.14166666666666666
2 0.8166666666666667 0.14814814814814814 0.10092592592592593 0.12962962962962962
2 0.05925925925925926 0.5787037037037037 0.10092592592592593 0.12962962962962962
2 0.925 0.6462962962962963 0.10092592592592593 0.12962962962962962
2 0.8268518518518518 0.362962962962963 0.10092592592592593 0.12962962962962962
3 0.23796296296296296 0.41203703703703703 0.1259259259259259 0.1527777777777778
3 0.5166666666666667 0.8425925925925926 0.11944444444444445 0.14629629629629629
3 0.5814814814814815 0.6342592592592593 0.125 0.14814814814814814
3 0.7277777777777777 0.5768518518518518 0.1259259259259259 0.1527777777777778
1 0.5981481481481481 0.1037037037037037 0.11388888888888889 0.14166666666666666