0 0.774074074074074 0.30277777777777776 0.10277777777777777 0.09351851851851851
0 0.5611111111111111 0.8268518518518518 0.10277777777777777 0.09351851851851851
0 0.5675925925925925 0.6416666666666667 0.10277777777777777 0.09351851851851851
1 0.75 0.725 0.14166666666666666 0.11388888888888889
1 0.44814814814814813 0.5314814814814814 0.1398148148148148 0.11388888888888889
1 0.2740740740740741 0.5925925925925926 0.1398148148148148 0.11388888888888889
1 0.33611111111111114 0.3685185185185185 0.14166666666666666 0.11388888888888889
2 0.14814814814814814 0.18333333333333332 0.12962962962962962 0.10092592592592593
2 0.5787037037037037 0.9407407407407408 0.12962962962962962 0.10092592592592593
2 0.6462962962962963 0.075 0.12962962962962962 0.10092592592592593
2 0.362962962962963 0.17314814814814813 0.12962962962962962 0.10092592592592593
3 0.41203703703703703 0.7620370370370371 0.1527777777777778 0.1259259259259259
3 0.8425925925925926 0.48333333333333334 0.14629629629629629 0.11944444444444445
3 0.6342592592592593 0.4185185185185185 0.14814814814814814 0.125
3 0.5768518518518518 0.2722222222222222 0.1527777777777778 0.1259259259259259
1 0.1037037037037037 0.40185185185185185 0.14166666666666666 0.11388888888888889