0 0.2712962962962963 0.6777777777777778 0.09259259259259259 0.0962962962962963
1 0.3287037037037037 0.5768518518518518 0.09814814814814815 0.0962962962962963
2 0.5092592592592593 0.44814814814814813 0.08518518518518518 0.09444444444444444
3 0.08888888888888889 0.6361111111111111 0.11388888888888889 0.11944444444444445
0 0.2722222222222222 0.2916666666666667 0.08703703703703704 0.09074074074074075
0 0.43703703703703706 0.5509259259259259 0.09259259259259259 0.0962962962962963
0 0.1037037037037037 0.46944444444444444 0.09074074074074075 0.09074074074074075
0 0.6342592592592593 0.525 0.09074074074074075 0.09074074074074075
1 0.4212962962962963 0.7055555555555556 0.09814814814814815 0.0962962962962963
1 0.5953703703703703 0.6361111111111111 0.09814814814814815 0.09814814814814815
1 0.39537037037037037 0.29814814814814816 0.09814814814814815 0.0962962962962963
1 0.25092592592592594 0.41574074074074074 0.09814814814814815 0.0962962962962963
3 0.3731481481481482 0.4287037037037037 0.11388888888888889 0.11944444444444445
2 0.20833333333333334 0.5537037037037037 0.08518518518518518 0.09444444444444444