0 0.6777777777777778 0.7287037037037037 0.0962962962962963 0.09259259259259259
1 0.5768518518518518 0.6712962962962963 0.0962962962962963 0.09814814814814815
2 0.44814814814814813 0.49074074074074076 0.09444444444444444 0.08518518518518518
3 0.6361111111111111 0.9111111111111111 0.11944444444444445 0.11388888888888889
0 0.2916666666666667 0.7277777777777777 0.09074074074074075 0.08703703703703704
0 0.5509259259259259 0.562962962962963 0.0962962962962963 0.09259259259259259
0 0.46944444444444444 0.8962962962962963 0.09074074074074075 0.09074074074074075
0 0.525 0.36574074074074076 0.09074074074074075 0.09074074074074075
1 0.7055555555555556 0.5787037037037037 0.0962962962962963 0.09814814814814815
1 0.6361111111111111 0.4046296296296296 0.09814814814814815 0.09814814814814815
1 0.29814814814814816 0.6046296296296296 0.0962962962962963 0.09814814814814815
1 0.41574074074074074 0.7490740740740741 0.0962962962962963 0.09814814814814815
3 0.4287037037037037 0.6268518518518519 0.11944444444444445 0.11388888888888889
2 0.5537037037037037 0.7916666666666666 0.09444444444444444 0.08518518518518518