0 0.7287037037037037 0.32222222222222224 0.09259259259259259 0.0962962962962963
1 0.6712962962962963 0.42314814814814816 0.09814814814814815 0.0962962962962963
2 0.49074074074074076 0.5518518518518518 0.08518518518518518 0.09444444444444444
3 0.9111111111111111 0.3638888888888889 0.11388888888888889 0.11944444444444445
0 0.7277777777777777 0.7083333333333334 0.08703703703703704 0.09074074074074075
0 0.562962962962963 0.44907407407407407 0.09259259259259259 0.0962962962962963
0 0.8962962962962963 0.5305555555555556 0.09074074074074075 0.09074074074074075
0 0.36574074074074076 0.475 0.09074074074074075 0.09074074074074075
1 0.5787037037037037 0.29444444444444445 0.09814814814814815 0.0962962962962963
1 0.4046296296296296 0.3638888888888889 0.09814814814814815 0.09814814814814815
1 0.6046296296296296 0.7018518518518518 0.09814814814814815 0.0962962962962963
1 0.7490740740740741 0.5842592592592593 0.09814814814814815 0.0962962962962963
3 0.6268518518518519 0.5712962962962963 0.11388888888888889 0.11944444444444445
2 0.7916666666666666 0.4462962962962963 0.08518518518518518 0.09444444444444444