0 0.24444444444444444 0.65 0.032407407407407406 0.032407407407407406
0 0.4888888888888889 0.4824074074074074 0.032407407407407406 0.032407407407407406
0 0.3055555555555556 0.3388888888888889 0.032407407407407406 0.032407407407407406
0 0.30092592592592593 0.6583333333333333 0.032407407407407406 0.032407407407407406
0 0.26481481481481484 0.47685185185185186 0.032407407407407406 0.032407407407407406
0 0.1712962962962963 0.38796296296296295 0.032407407407407406 0.032407407407407406
0 0.25925925925925924 0.525 0.032407407407407406 0.032407407407407406
0 0.35648148148148145 0.5768518518518518 0.032407407407407406 0.032407407407407406
0 0.700925925925926 0.5537037037037037 0.032407407407407406 0.032407407407407406
0 0.5703703703703704 0.5962962962962963 0.032407407407407406 0.032407407407407406
0 0.39444444444444443 0.737037037037037 0.032407407407407406 0.032407407407407406
0 0.4185185185185185 0.6425925925925926 0.032407407407407406 0.032407407407407406
0 0.45092592592592595 0.6277777777777778 0.032407407407407406 0.032407407407407406
0 0.4324074074074074 0.5935185185185186 0.032407407407407406 0.032407407407407406
0 0.4842592592592593 0.43148148148148147 0.032407407407407406 0.032407407407407406
0 0.43333333333333335 0.42777777777777776 0.032407407407407406 0.032407407407407406
0 0.45555555555555555 0.30648148148148147 0.032407407407407406 0.032407407407407406
0 0.375 0.26851851851851855 0.032407407407407406 0.032407407407407406
0 0.7287037037037037 0.5731481481481482 0.032407407407407406 0.032407407407407406
0 0.7129629629629629 0.41574074074074074 0.032407407407407406 0.032407407407407406
0 0.4898148148148148 0.3537037037037037 0.032407407407407406 0.032407407407407406
0 0.4861111111111111 0.3907407407407407 0.032407407407407406 0.032407407407407406
0 0.3675925925925926 0.32592592592592595 0.032407407407407406 0.032407407407407406
0 0.4351851851851852 0.19166666666666668 0.032407407407407406 0.032407407407407406
1 0.3638888888888889 0.49722222222222223 0.03333333333333333 0.03611111111111111
1 0.7416666666666667 0.6148148148148148 0.03611111111111111 0.03888888888888889
1 0.6527777777777778 0.5055555555555555 0.03333333333333333 0.03611111111111111
1 0.737037037037037 0.34444444444444444 0.03333333333333333 0.03611111111111111
1 0.4166666666666667 0.5046296296296297 0.03333333333333333 0.03611111111111111
1 0.6277777777777778 0.2833333333333333 0.03333333333333333 0.03611111111111111
1 0.47962962962962963 0.18333333333333332 0.03333333333333333 0.03611111111111111
1 0.20277777777777778 0.4185185185185185 0.03333333333333333 0.03611111111111111
1 0.37777777777777777 0.7064814814814815 0.03611111111111111 0.03888888888888889
1 0.4064814814814815 0.31666666666666665 0.03333333333333333 0.03611111111111111
2 0.337037037037037 0.38796296296296295 0.03333333333333333 0.03425925925925926
2 0.5185185185185185 0.600925925925926 0.03333333333333333 0.03425925925925926
2 0.2898148148148148 0.6083333333333333 0.03333333333333333 0.03425925925925926
2 0.3277777777777778 0.600925925925926 0.03333333333333333 0.03425925925925926
2 0.6712962962962963 0.5407407407407407 0.03333333333333333 0.03425925925925926
2 0.8037037037037037 0.5407407407407407 0.03333333333333333 0.03425925925925926
2 0.7444444444444445 0.5074074074074074 0.03333333333333333 0.03425925925925926
2 0.7472222222222222 0.44166666666666665 0.03333333333333333 0.03425925925925926
2 0.7092592592592593 0.44351851851851853 0.03333333333333333 0.03425925925925926
2 0.6703703703703704 0.387037037037037 0.03333333333333333 0.03425925925925926
2 0.8240740740740741 0.4027777777777778 0.03333333333333333 0.03425925925925926
2 0.7953703703703704 0.24444444444444444 0.03333333333333333 0.03425925925925926
2 0.7787037037037037 0.3388888888888889 0.03333333333333333 0.03425925925925926
2 0.6638888888888889 0.2962962962962963 0.03333333333333333 0.03425925925925926
2 0.6435185185185185 0.3490740740740741 0.03333333333333333 0.03425925925925926
2 0.6064814814814815 0.3537037037037037 0.03333333333333333 0.03425925925925926
2 0.5342592592592592 0.23148148148148148 0.03333333333333333 0.03425925925925926
2 0.5388888888888889 0.20185185185185187 0.03333333333333333 0.03425925925925926
2 0.48518518518518516 0.23703703703703705 0.03333333333333333 0.03425925925925926
2 0.562037037037037 0.42314814814814816 0.03333333333333333 0.03425925925925926
2 0.48703703703703705 0.32037037037037036 0.03333333333333333 0.03425925925925926
2 0.39537037037037037 0.47685185185185186 0.03333333333333333 0.03425925925925926
2 0.29259259259259257 0.49722222222222223 0.03333333333333333 0.03425925925925926
2 0.28425925925925927 0.44074074074074077 0.03333333333333333 0.03425925925925926
2 0.2361111111111111 0.46111111111111114 0.03333333333333333 0.03425925925925926
2 0.21574074074074073 0.3648148148148148 0.03333333333333333 0.03425925925925926
2 0.24537037037037038 0.29814814814814816 0.03333333333333333 0.03425925925925926
2 0.6333333333333333 0.7546296296296297 0.03333333333333333 0.03425925925925926
2 0.6333333333333333 0.7231481481481481 0.03333333333333333 0.03425925925925926
2 0.5712962962962963 0.6703703703703704 0.03333333333333333 0.03425925925925926
2 0.4824074074074074 0.6546296296296297 0.03333333333333333 0.03425925925925926
1 0.4444444444444444 0.7953703703703704 0.03611111111111111 0.03888888888888889
3 0.4703703703703704 0.7268518518518519 0.044444444444444446 0.046296296296296294
3 0.5583333333333333 0.387037037037037 0.044444444444444446 0.04351851851851852
3 0.65 0.43333333333333335 0.044444444444444446 0.046296296296296294
3 0.5787037037037037 0.4722222222222222 0.044444444444444446 0.046296296296296294
3 0.45185185185185184 0.46111111111111114 0.044444444444444446 0.046296296296296294
3 0.5314814814814814 0.5074074074074074 0.044444444444444446 0.046296296296296294
3 0.29259259259259257 0.5398148148148149 0.044444444444444446 0.046296296296296294
3 0.4824074074074074 0.5787037037037037 0.044444444444444446 0.046296296296296294
3 0.6305555555555555 0.5481481481481482 0.044444444444444446 0.046296296296296294
3 0.6129629629629629 0.6268518518518519 0.044444444444444446 0.046296296296296294
3 0.6398148148148148 0.6777777777777778 0.044444444444444446 0.046296296296296294
3 0.5175925925925926 0.6888888888888889 0.044444444444444446 0.046296296296296294
3 0.4935185185185185 0.7777777777777778 0.044444444444444446 0.046296296296296294
3 0.36574074074074076 0.6138888888888889 0.044444444444444446 0.046296296296296294
3 0.175 0.4537037037037037 0.044444444444444446 0.046296296296296294
3 0.7472222222222222 0.28888888888888886 0.044444444444444446 0.046296296296296294
3 0.5842592592592593 0.22685185185185186 0.044444444444444446 0.046296296296296294
3 0.5388888888888889 0.3055555555555556 0.044444444444444446 0.046296296296296294
3 0.42962962962962964 0.2574074074074074 0.044444444444444446 0.046296296296296294
3 0.5398148148148149 0.15462962962962962 0.044444444444444446 0.037037037037037035