0 0.35 0.24444444444444444 0.032407407407407406 0.032407407407407406
0 0.5175925925925926 0.4888888888888889 0.032407407407407406 0.032407407407407406
0 0.6611111111111111 0.3055555555555556 0.032407407407407406 0.032407407407407406
0 0.3416666666666667 0.30092592592592593 0.032407407407407406 0.032407407407407406
0 0.5231481481481481 0.26481481481481484 0.032407407407407406 0.032407407407407406
0 0.612037037037037 0.1712962962962963 0.032407407407407406 0.032407407407407406
0 0.475 0.25925925925925924 0.032407407407407406 0.032407407407407406
0 0.42314814814814816 0.35648148148148145 0.032407407407407406 0.032407407407407406
0 0.4462962962962963 0.700925925925926 0.032407407407407406 0.032407407407407406
0 0.40370370370370373 0.5703703703703704 0.032407407407407406 0.032407407407407406
0 0.26296296296296295 0.39444444444444443 0.032407407407407406 0.032407407407407406
0 0.3574074074074074 0.4185185185185185 0.032407407407407406 0.032407407407407406
0 0.37222222222222223 0.45092592592592595 0.032407407407407406 0.032407407407407406
0 0.4064814814814815 0.4324074074074074 0.032407407407407406 0.032407407407407406
0 0.5685185185185185 0.4842592592592593 0.032407407407407406 0.032407407407407406
0 0.5722222222222222 0.43333333333333335 0.032407407407407406 0.032407407407407406
0 0.6935185185185185 0.45555555555555555 0.032407407407407406 0.032407407407407406
0 0.7314814814814815 0.375 0.032407407407407406 0.032407407407407406
0 0.42685185185185187 0.7287037037037037 0.032407407407407406 0.032407407407407406
0 0.5842592592592593 0.7129629629629629 0.032407407407407406 0.032407407407407406
0 0.6462962962962963 0.4898148148148148 0.032407407407407406 0.032407407407407406
0 0.6092592592592593 0.4861111111111111 0.032407407407407406 0.032407407407407406
0 0.674074074074074 0.3675925925925926 0.032407407407407406 0.032407407407407406
0 0.8083333333333333 0.4351851851851852 0.032407407407407406 0.032407407407407406
1 0.5027777777777778 0.3638888888888889 0.03611111111111111 0.03333333333333333
1 0.3851851851851852 0.7416666666666667 0.03888888888888889 0.03611111111111111
1 0.49444444444444446 0.6527777777777778 0.03611111111111111 0.03333333333333333
1 0.6555555555555556 0.737037037037037 0.03611111111111111 0.03333333333333333
1 0.49537037037037035 0.4166666666666667 0.03611111111111111 0.03333333333333333
1 0.7166666666666667 0.6277777777777778 0.03611111111111111 0.03333333333333333
1 0.8166666666666667 0.47962962962962963 0.03611111111111111 0.03333333333333333
1 0.5814814814814815 0.20277777777777778 0.03611111111111111 0.03333333333333333
1 0.2935185185185185 0.37777777777777777 0.03888888888888889 0.03611111111111111
1 0.6833333333333333 0.4064814814814815 0.03611111111111111 0.03333333333333333
2 0.612037037037037 0.337037037037037 0.03425925925925926 0.03333333333333333
2 0.3990740740740741 0.5185185185185185 0.03425925925925926 0.03333333333333333
2 0.39166666666666666 0.2898148148148148 0.03425925925925926 0.03333333333333333
2 0.3990740740740741 0.3277777777777778 0.03425925925925926 0.03333333333333333
2 0.45925925925925926 0.6712962962962963 0.03425925925925926 0.03333333333333333
2 0.45925925925925926 0.8037037037037037 0.03425925925925926 0.03333333333333333
2 0.4925925925925926 0.7444444444444445 0.03425925925925926 0.03333333333333333
2 0.5583333333333333 0.7472222222222222 0.03425925925925926 0.03333333333333333
2 0.5564814814814815 0.7092592592592593 0.03425925925925926 0.03333333333333333
2 0.6129629629629629 0.6703703703703704 0.03425925925925926 0.03333333333333333
2 0.5972222222222222 0.8240740740740741 0.03425925925925926 0.03333333333333333
2 0.7555555555555555 0.7953703703703704 0.03425925925925926 0.03333333333333333
2 0.6611111111111111 0.7787037037037037 0.03425925925925926 0.03333333333333333
2 0.7037037037037037 0.6638888888888889 0.03425925925925926 0.03333333333333333
2 0.6509259259259259 0.6435185185185185 0.03425925925925926 0.03333333333333333
2 0.6462962962962963 0.6064814814814815 0.03425925925925926 0.03333333333333333
2 0.7685185185185185 0.5342592592592592 0.03425925925925926 0.03333333333333333
2 0.7981481481481482 0.5388888888888889 0.03425925925925926 0.03333333333333333
2 0.762962962962963 0.48518518518518516 0.03425925925925926 0.03333333333333333
2 0.5768518518518518 0.562037037037037 0.03425925925925926 0.03333333333333333
2 0.6796296296296296 0.48703703703703705 0.03425925925925926 0.03333333333333333
2 0.5231481481481481 0.39537037037037037 0.03425925925925926 0.03333333333333333
2 0.5027777777777778 0.29259259259259257 0.03425925925925926 0.03333333333333333
2 0.5592592592592592 0.28425925925925927 0.03425925925925926 0.03333333333333333
2 0.5388888888888889 0.2361111111111111 0.03425925925925926 0.03333333333333333
2 0.6351851851851852 0.21574074074074073 0.03425925925925926 0.03333333333333333
2 0.7018518518518518 0.24537037037037038 0.03425925925925926 0.03333333333333333
2 0.24537037037037038 0.6333333333333333 0.03425925925925926 0.03333333333333333
2 0.27685185185185185 0.6333333333333333 0.03425925925925926 0.03333333333333333
2 0.3296296296296296 0.5712962962962963 0.03425925925925926 0.03333333333333333
2 0.3453703703703704 0.4824074074074074 0.03425925925925926 0.03333333333333333
1 0.20462962962962963 0.4444444444444444 0.03888888888888889 0.03611111111111111
3 0.27314814814814814 0.4703703703703704 0.046296296296296294 0.044444444444444446
3 0.6129629629629629 0.5583333333333333 0.04351851851851852 0.044444444444444446
3 0.5666666666666667 0.65 0.046296296296296294 0.044444444444444446
3 0.5277777777777778 0.5787037037037037 0.046296296296296294 0.044444444444444446
3 0.5388888888888889 0.45185185185185184 0.046296296296296294 0.044444444444444446
3 0.4925925925925926 0.5314814814814814 0.046296296296296294 0.044444444444444446
3 0.4601851851851852 0.29259259259259257 0.046296296296296294 0.044444444444444446
3 0.4212962962962963 0.4824074074074074 0.046296296296296294 0.044444444444444446
3 0.45185185185185184 0.6305555555555555 0.046296296296296294 0.044444444444444446
3 0.3731481481481482 0.6129629629629629 0.046296296296296294 0.044444444444444446
3 0.32222222222222224 0.6398148148148148 0.046296296296296294 0.044444444444444446
3 0.3111111111111111 0.5175925925925926 0.046296296296296294 0.044444444444444446
3 0.2222222222222222 0.4935185185185185 0.046296296296296294 0.044444444444444446
3 0.3861111111111111 0.36574074074074076 0.046296296296296294 0.044444444444444446
3 0.5462962962962963 0.175 0.046296296296296294 0.044444444444444446
3 0.7111111111111111 0.7472222222222222 0.046296296296296294 0.044444444444444446
3 0.7731481481481481 0.5842592592592593 0.046296296296296294 0.044444444444444446
3 0.6944444444444444 0.5388888888888889 0.046296296296296294 0.044444444444444446
3 0.7425925925925926 0.42962962962962964 0.046296296296296294 0.044444444444444446
3 0.8453703703703703 0.5398148148148149 0.037037037037037035 0.044444444444444446