0 0.65 0.7555555555555555 0.032407407407407406 0.032407407407407406
0 0.4824074074074074 0.5111111111111111 0.032407407407407406 0.032407407407407406
0 0.3388888888888889 0.6944444444444444 0.032407407407407406 0.032407407407407406
0 0.6583333333333333 0.6990740740740741 0.032407407407407406 0.032407407407407406
0 0.47685185185185186 0.7351851851851852 0.032407407407407406 0.032407407407407406
0 0.38796296296296295 0.8287037037037037 0.032407407407407406 0.032407407407407406
0 0.525 0.7407407407407407 0.032407407407407406 0.032407407407407406
0 0.5768518518518518 0.6435185185185185 0.032407407407407406 0.032407407407407406
0 0.5537037037037037 0.29907407407407405 0.032407407407407406 0.032407407407407406
0 0.5962962962962963 0.42962962962962964 0.032407407407407406 0.032407407407407406
0 0.737037037037037 0.6055555555555555 0.032407407407407406 0.032407407407407406
0 0.6425925925925926 0.5814814814814815 0.032407407407407406 0.032407407407407406
0 0.6277777777777778 0.549074074074074 0.032407407407407406 0.032407407407407406
0 0.5935185185185186 0.5675925925925925 0.032407407407407406 0.032407407407407406
0 0.43148148148148147 0.5157407407407407 0.032407407407407406 0.032407407407407406
0 0.42777777777777776 0.5666666666666667 0.032407407407407406 0.032407407407407406
0 0.30648148148148147 0.5444444444444444 0.032407407407407406 0.032407407407407406
0 0.26851851851851855 0.625 0.032407407407407406 0.032407407407407406
0 0.5731481481481482 0.2712962962962963 0.032407407407407406 0.032407407407407406
0 0.41574074074074074 0.28703703703703703 0.032407407407407406 0.032407407407407406
0 0.3537037037037037 0.5101851851851852 0.032407407407407406 0.032407407407407406
0 0.3907407407407407 0.5138888888888888 0.032407407407407406 0.032407407407407406
0 0.32592592592592595 0.6324074074074074 0.032407407407407406 0.032407407407407406
0 0.19166666666666668 0.5648148148148148 0.032407407407407406 0.032407407407407406
1 0.49722222222222223 0.6361111111111111 0.03611111111111111 0.03333333333333333
1 0.6148148148148148 0.25833333333333336 0.03888888888888889 0.03611111111111111
1 0.5055555555555555 0.3472222222222222 0.03611111111111111 0.03333333333333333
1 0.34444444444444444 0.26296296296296295 0.03611111111111111 0.03333333333333333
1 0.5046296296296297 0.5833333333333334 0.03611111111111111 0.03333333333333333
1 0.2833333333333333 0.37222222222222223 0.03611111111111111 0.03333333333333333
1 0.18333333333333332 0.5203703703703704 0.03611111111111111 0.03333333333333333
1 0.4185185185185185 0.7972222222222223 0.03611111111111111 0.03333333333333333
1 0.7064814814814815 0.6222222222222222 0.03888888888888889 0.03611111111111111
1 0.31666666666666665 0.5935185185185186 0.03611111111111111 0.03333333333333333
2 0.38796296296296295 0.662962962962963 0.03425925925925926 0.03333333333333333
2 0.600925925925926 0.48148148148148145 0.03425925925925926 0.03333333333333333
2 0.6083333333333333 0.7101851851851851 0.03425925925925926 0.03333333333333333
2 0.600925925925926 0.6722222222222223 0.03425925925925926 0.03333333333333333
2 0.5407407407407407 0.3287037037037037 0.03425925925925926 0.03333333333333333
2 0.5407407407407407 0.1962962962962963 0.03425925925925926 0.03333333333333333
2 0.5074074074074074 0.25555555555555554 0.03425925925925926 0.03333333333333333
2 0.44166666666666665 0.25277777777777777 0.03425925925925926 0.03333333333333333
2 0.44351851851851853 0.29074074074074074 0.03425925925925926 0.03333333333333333
2 0.387037037037037 0.3296296296296296 0.03425925925925926 0.03333333333333333
2 0.4027777777777778 0.17592592592592593 0.03425925925925926 0.03333333333333333
2 0.24444444444444444 0.20462962962962963 0.03425925925925926 0.03333333333333333
2 0.3388888888888889 0.2212962962962963 0.03425925925925926 0.03333333333333333
2 0.2962962962962963 0.33611111111111114 0.03425925925925926 0.03333333333333333
2 0.3490740740740741 0.35648148148148145 0.03425925925925926 0.03333333333333333
2 0.3537037037037037 0.39351851851851855 0.03425925925925926 0.03333333333333333
2 0.23148148148148148 0.46574074074074073 0.03425925925925926 0.03333333333333333
2 0.20185185185185187 0.46111111111111114 0.03425925925925926 0.03333333333333333
2 0.23703703703703705 0.5148148148148148 0.03425925925925926 0.03333333333333333
2 0.42314814814814816 0.43796296296296294 0.03425925925925926 0.03333333333333333
2 0.32037037037037036 0.512962962962963 0.03425925925925926 0.03333333333333333
2 0.47685185185185186 0.6046296296296296 0.03425925925925926 0.03333333333333333
2 0.49722222222222223 0.7074074074074074 0.03425925925925926 0.03333333333333333
2 0.44074074074074077 0.7157407407407408 0.03425925925925926 0.03333333333333333
2 0.46111111111111114 0.7638888888888888 0.03425925925925926 0.03333333333333333
2 0.3648148148148148 0.7842592592592592 0.03425925925925926 0.03333333333333333
2 0.29814814814814816 0.7546296296296297 0.03425925925925926 0.03333333333333333
2 0.7546296296296297 0.36666666666666664 0.03425925925925926 0.03333333333333333
2 0.7231481481481481 0.36666666666666664 0.03425925925925926 0.03333333333333333
2 0.6703703703703704 0.4287037037037037 0.03425925925925926 0.03333333333333333
2 0.6546296296296297 0.5175925925925926 0.03425925925925926 0.03333333333333333
1 0.7953703703703704 0.5555555555555556 0.03888888888888889 0.03611111111111111
3 0.7268518518518519 0.5296296296296297 0.046296296296296294 0.044444444444444446
3 0.387037037037037 0.44166666666666665 0.04351851851851852 0.044444444444444446
3 0.43333333333333335 0.35 0.046296296296296294 0.044444444444444446
3 0.4722222222222222 0.4212962962962963 0.046296296296296294 0.044444444444444446
3 0.46111111111111114 0.5481481481481482 0.046296296296296294 0.044444444444444446
3 0.5074074074074074 0.4685185185185185 0.046296296296296294 0.044444444444444446
3 0.5398148148148149 0.7074074074074074 0.046296296296296294 0.044444444444444446
3 0.5787037037037037 0.5175925925925926 0.046296296296296294 0.044444444444444446
3 0.5481481481481482 0.36944444444444446 0.046296296296296294 0.044444444444444446
3 0.6268518518518519 0.387037037037037 0.046296296296296294 0.044444444444444446
3 0.6777777777777778 0.36018518518518516 0.046296296296296294 0.044444444444444446
3 0.6888888888888889 0.4824074074074074 0.046296296296296294 0.044444444444444446
3 0.7777777777777778 0.5064814814814815 0.046296296296296294 0.044444444444444446
3 0.6138888888888889 0.6342592592592593 0.046296296296296294 0.044444444444444446
3 0.4537037037037037 0.825 0.046296296296296294 0.044444444444444446
3 0.28888888888888886 0.25277777777777777 0.046296296296296294 0.044444444444444446
3 0.22685185185185186 0.41574074074074074 0.046296296296296294 0.044444444444444446
3 0.3055555555555556 0.46111111111111114 0.046296296296296294 0.044444444444444446
3 0.2574074074074074 0.5703703703703704 0.046296296296296294 0.044444444444444446
3 0.15462962962962962 0.4601851851851852 0.037037037037037035 0.044444444444444446