0 0.7157407407407408 0.5574074074074075 0.0787037037037037 0.07685185185185185
0 0.475 0.2518518518518518 0.0787037037037037 0.07685185185185185
0 0.2759259259259259 0.3611111111111111 0.0787037037037037 0.07685185185185185
0 0.3675925925925926 0.5888888888888889 0.0787037037037037 0.07685185185185185
0 0.5472222222222223 0.5277777777777778 0.0787037037037037 0.07685185185185185
1 0.6564814814814814 0.6462962962962963 0.09259259259259259 0.08611111111111111
1 0.6203703703703703 0.30925925925925923 0.09259259259259259 0.08611111111111111
1 0.4222222222222222 0.36018518518518516 0.09259259259259259 0.08611111111111111
1 0.44722222222222224 0.5231481481481481 0.09259259259259259 0.08611111111111111
1 0.49537037037037035 0.6546296296296297 0.09259259259259259 0.08611111111111111
3 0.5287037037037037 0.4111111111111111 0.10185185185185185 0.10462962962962963
3 0.21203703703703702 0.5009259259259259 0.10185185185185185 0.10462962962962963
2 0.6435185185185185 0.4777777777777778 0.0824074074074074 0.07777777777777778
2 0.34444444444444444 0.4648148148148148 0.0824074074074074 0.07777777777777778