0 0.575925925925926 0.2833333333333333 0.10277777777777777 0.07962962962962963
0 0.16944444444444445 0.525 0.10277777777777777 0.07962962962962963
0 0.3148148148148148 0.7240740740740741 0.10277777777777777 0.07962962962962963
0 0.6185185185185185 0.6324074074074074 0.10277777777777777 0.07962962962962963
0 0.5370370370370371 0.4527777777777778 0.10277777777777777 0.07962962962962963
1 0.6944444444444444 0.3435185185185185 0.11481481481481481 0.09351851851851851
1 0.24537037037037038 0.37962962962962965 0.11481481481481481 0.09351851851851851
1 0.31296296296296294 0.5777777777777777 0.11388888888888889 0.09351851851851851
1 0.5305555555555556 0.5527777777777778 0.11481481481481481 0.09351851851851851
1 0.7064814814814815 0.5046296296296297 0.11481481481481481 0.09351851851851851
3 0.3824074074074074 0.47129629629629627 0.1398148148148148 0.10277777777777777
3 0.5009259259259259 0.7870370370370371 0.1398148148148148 0.10277777777777777
2 0.4703703703703704 0.35648148148148145 0.10462962962962963 0.0824074074074074
2 0.4527777777777778 0.6555555555555556 0.10462962962962963 0.0824074074074074