0 0.2833333333333333 0.42407407407407405 0.07962962962962963 0.10277777777777777
0 0.525 0.8305555555555556 0.07962962962962963 0.10277777777777777
0 0.7240740740740741 0.6851851851851852 0.07962962962962963 0.10277777777777777
0 0.6324074074074074 0.3814814814814815 0.07962962962962963 0.10277777777777777
0 0.4527777777777778 0.46296296296296297 0.07962962962962963 0.10277777777777777
1 0.3435185185185185 0.3055555555555556 0.09351851851851851 0.11481481481481481
1 0.37962962962962965 0.7546296296296297 0.09351851851851851 0.11481481481481481
1 0.5777777777777777 0.687037037037037 0.09351851851851851 0.11388888888888889
1 0.5527777777777778 0.46944444444444444 0.09351851851851851 0.11481481481481481
1 0.5046296296296297 0.2935185185185185 0.09351851851851851 0.11481481481481481
3 0.47129629629629627 0.6175925925925926 0.10277777777777777 0.1398148148148148
3 0.7870370370370371 0.49907407407407406 0.10277777777777777 0.1398148148148148
2 0.35648148148148145 0.5296296296296297 0.0824074074074074 0.10462962962962963
2 0.6555555555555556 0.5472222222222223 0.0824074074074074 0.10462962962962963