0 0.42407407407407405 0.7166666666666667 0.10277777777777777 0.07962962962962963
0 0.8305555555555556 0.475 0.10277777777777777 0.07962962962962963
0 0.6851851851851852 0.2759259259259259 0.10277777777777777 0.07962962962962963
0 0.3814814814814815 0.3675925925925926 0.10277777777777777 0.07962962962962963
0 0.46296296296296297 0.5472222222222223 0.10277777777777777 0.07962962962962963
1 0.3055555555555556 0.6564814814814814 0.11481481481481481 0.09351851851851851
1 0.7546296296296297 0.6203703703703703 0.11481481481481481 0.09351851851851851
1 0.687037037037037 0.4222222222222222 0.11388888888888889 0.09351851851851851
1 0.46944444444444444 0.44722222222222224 0.11481481481481481 0.09351851851851851
1 0.2935185185185185 0.49537037037037035 0.11481481481481481 0.09351851851851851
3 0.6175925925925926 0.5287037037037037 0.1398148148148148 0.10277777777777777
3 0.49907407407407406 0.21296296296296297 0.1398148148148148 0.10277777777777777
2 0.5296296296296297 0.6435185185185185 0.10462962962962963 0.0824074074074074
2 0.5472222222222223 0.34444444444444444 0.10462962962962963 0.0824074074074074