0 0.7166666666666667 0.575925925925926 0.07962962962962963 0.10277777777777777
0 0.475 0.16944444444444445 0.07962962962962963 0.10277777777777777
0 0.2759259259259259 0.3148148148148148 0.07962962962962963 0.10277777777777777
0 0.3675925925925926 0.6185185185185185 0.07962962962962963 0.10277777777777777
0 0.5472222222222223 0.5370370370370371 0.07962962962962963 0.10277777777777777
1 0.6564814814814814 0.6944444444444444 0.09351851851851851 0.11481481481481481
1 0.6203703703703703 0.24537037037037038 0.09351851851851851 0.11481481481481481
1 0.4222222222222222 0.31296296296296294 0.09351851851851851 0.11388888888888889
1 0.44722222222222224 0.5305555555555556 0.09351851851851851 0.11481481481481481
1 0.49537037037037035 0.7064814814814815 0.09351851851851851 0.11481481481481481
3 0.5287037037037037 0.3824074074074074 0.10277777777777777 0.1398148148148148
3 0.21296296296296297 0.5009259259259259 0.10277777777777777 0.1398148148148148
2 0.6435185185185185 0.4703703703703704 0.0824074074074074 0.10462962962962963
2 0.34444444444444444 0.4527777777777778 0.0824074074074074 0.10462962962962963