0 0.4425925925925926 0.7157407407407408 0.07685185185185185 0.0787037037037037
0 0.7481481481481481 0.475 0.07685185185185185 0.0787037037037037
0 0.6388888888888888 0.2759259259259259 0.07685185185185185 0.0787037037037037
0 0.4111111111111111 0.3675925925925926 0.07685185185185185 0.0787037037037037
0 0.4722222222222222 0.5472222222222223 0.07685185185185185 0.0787037037037037
1 0.3537037037037037 0.6564814814814814 0.08611111111111111 0.09259259259259259
1 0.6907407407407408 0.6203703703703703 0.08611111111111111 0.09259259259259259
1 0.6398148148148148 0.4222222222222222 0.08611111111111111 0.09259259259259259
1 0.47685185185185186 0.44722222222222224 0.08611111111111111 0.09259259259259259
1 0.3453703703703704 0.49537037037037035 0.08611111111111111 0.09259259259259259
3 0.5888888888888889 0.5287037037037037 0.10462962962962963 0.10185185185185185
3 0.49907407407407406 0.21203703703703702 0.10462962962962963 0.10185185185185185
2 0.5222222222222223 0.6435185185185185 0.07777777777777778 0.0824074074074074
2 0.5351851851851852 0.34444444444444444 0.07777777777777778 0.0824074074074074