3 0.6814814814814815 0.41388888888888886 0.019444444444444445 0.018518518518518517
2 0.3648148148148148 0.5972222222222222 0.013888888888888888 0.013888888888888888
2 0.3509259259259259 0.5601851851851852 0.013888888888888888 0.012962962962962963
2 0.3925925925925926 0.6314814814814815 0.013888888888888888 0.013888888888888888
2 0.4 0.5944444444444444 0.013888888888888888 0.013888888888888888
2 0.5157407407407407 0.6972222222222222 0.013888888888888888 0.014814814814814815
2 0.49074074074074076 0.7 0.014814814814814815 0.014814814814814815
2 0.40925925925925927 0.6731481481481482 0.013888888888888888 0.013888888888888888
2 0.4546296296296296 0.6537037037037037 0.013888888888888888 0.013888888888888888
2 0.4842592592592593 0.649074074074074 0.014814814814814815 0.013888888888888888
2 0.5472222222222223 0.6342592592592593 0.014814814814814815 0.014814814814814815
2 0.6194444444444445 0.6472222222222223 0.013888888888888888 0.014814814814814815
2 0.65 0.6388888888888888 0.01574074074074074 0.013888888888888888
2 0.5398148148148149 0.6101851851851852 0.013888888888888888 0.014814814814814815
2 0.6611111111111111 0.6111111111111112 0.013888888888888888 0.01574074074074074
2 0.5268518518518519 0.5722222222222222 0.014814814814814815 0.013888888888888888
2 0.3972222222222222 0.5694444444444444 0.013888888888888888 0.013888888888888888
2 0.6824074074074075 0.5648148148148148 0.013888888888888888 0.013888888888888888
2 0.6453703703703704 0.5675925925925925 0.013888888888888888 0.013888888888888888
2 0.6314814814814815 0.5425925925925926 0.013888888888888888 0.013888888888888888
2 0.5796296296296296 0.5462962962962963 0.014814814814814815 0.013888888888888888
2 0.5361111111111111 0.5527777777777778 0.013888888888888888 0.013888888888888888
2 0.5175925925925926 0.5444444444444444 0.013888888888888888 0.014814814814814815
2 0.38425925925925924 0.5453703703703704 0.014814814814814815 0.013888888888888888
2 0.4166666666666667 0.5342592592592592 0.013888888888888888 0.014814814814814815
2 0.35185185185185186 0.48333333333333334 0.013888888888888888 0.013888888888888888
2 0.3814814814814815 0.4935185185185185 0.013888888888888888 0.014814814814814815
2 0.4361111111111111 0.5018518518518519 0.013888888888888888 0.013888888888888888
2 0.4583333333333333 0.4925925925925926 0.012962962962962963 0.013888888888888888
2 0.4824074074074074 0.49722222222222223 0.013888888888888888 0.013888888888888888
2 0.49537037037037035 0.5175925925925926 0.013888888888888888 0.013888888888888888
2 0.5666666666666667 0.5268518518518519 0.013888888888888888 0.014814814814814815
2 0.6277777777777778 0.5148148148148148 0.014814814814814815 0.013888888888888888
2 0.6601851851851852 0.4898148148148148 0.013888888888888888 0.013888888888888888
2 0.6101851851851852 0.4842592592592593 0.013888888888888888 0.014814814814814815
2 0.5462962962962963 0.4703703703703704 0.014814814814814815 0.014814814814814815
2 0.6407407407407407 0.45740740740740743 0.013888888888888888 0.014814814814814815
2 0.7018518518518518 0.45185185185185184 0.013888888888888888 0.014814814814814815
2 0.7185185185185186 0.4675925925925926 0.013888888888888888 0.014814814814814815
2 0.6407407407407407 0.41574074074074074 0.014814814814814815 0.013888888888888888
2 0.6453703703703704 0.39814814814814814 0.014814814814814815 0.013888888888888888
2 0.6972222222222222 0.39166666666666666 0.013888888888888888 0.013888888888888888
2 0.5481481481481482 0.4 0.012962962962962963 0.014814814814814815
2 0.587037037037037 0.39537037037037037 0.013888888888888888 0.014814814814814815
2 0.6 0.3638888888888889 0.013888888888888888 0.014814814814814815
2 0.7018518518518518 0.35648148148148145 0.013888888888888888 0.013888888888888888
2 0.7203703703703703 0.3537037037037037 0.014814814814814815 0.013888888888888888
2 0.3175925925925926 0.4425925925925926 0.013888888888888888 0.014814814814814815
2 0.5425925925925926 0.44814814814814813 0.013888888888888888 0.014814814814814815
2 0.43703703703703706 0.4305555555555556 0.013888888888888888 0.01574074074074074
2 0.37592592592592594 0.40925925925925927 0.013888888888888888 0.014814814814814815
2 0.3537037037037037 0.4083333333333333 0.013888888888888888 0.014814814814814815
2 0.3175925925925926 0.39351851851851855 0.013888888888888888 0.014814814814814815
2 0.3287037037037037 0.3768518518518518 0.013888888888888888 0.014814814814814815
2 0.3175925925925926 0.36203703703703705 0.014814814814814815 0.014814814814814815
2 0.38981481481481484 0.36203703703703705 0.013888888888888888 0.013888888888888888
2 0.4148148148148148 0.3712962962962963 0.012962962962962963 0.013888888888888888
2 0.43148148148148147 0.38425925925925924 0.014814814814814815 0.013888888888888888
2 0.4583333333333333 0.38055555555555554 0.013888888888888888 0.014814814814814815
2 0.5009259259259259 0.3861111111111111 0.013888888888888888 0.013888888888888888
2 0.3453703703703704 0.33240740740740743 0.014814814814814815 0.014814814814814815
2 0.3416666666666667 0.3111111111111111 0.014814814814814815 0.013888888888888888
2 0.3537037037037037 0.2935185185185185 0.014814814814814815 0.014814814814814815
2 0.39166666666666666 0.2814814814814815 0.013888888888888888 0.013888888888888888
2 0.41388888888888886 0.2824074074074074 0.014814814814814815 0.014814814814814815
2 0.4305555555555556 0.29444444444444445 0.014814814814814815 0.013888888888888888
2 0.43796296296296294 0.32037037037037036 0.012962962962962963 0.013888888888888888
2 0.4777777777777778 0.3435185185185185 0.012962962962962963 0.013888888888888888
2 0.4842592592592593 0.3194444444444444 0.014814814814814815 0.014814814814814815
2 0.5203703703703704 0.3416666666666667 0.012962962962962963 0.014814814814814815
2 0.36018518518518516 0.2490740740740741 0.013888888888888888 0.013888888888888888
2 0.4981481481481482 0.27685185185185185 0.013888888888888888 0.013888888888888888
2 0.49537037037037035 0.24814814814814815 0.014814814814814815 0.013888888888888888
2 0.49444444444444446 0.2222222222222222 0.014814814814814815 0.014814814814814815
2 0.5555555555555556 0.3194444444444444 0.013888888888888888 0.01574074074074074
2 0.5675925925925925 0.27314814814814814 0.014814814814814815 0.014814814814814815
2 0.5944444444444444 0.32407407407407407 0.014814814814814815 0.013888888888888888
2 0.6027777777777777 0.2537037037037037 0.013888888888888888 0.014814814814814815
2 0.6138888888888889 0.3333333333333333 0.013888888888888888 0.013888888888888888
2 0.6768518518518518 0.32407407407407407 0.014814814814814815 0.013888888888888888
2 0.7166666666666667 0.28888888888888886 0.014814814814814815 0.013888888888888888
2 0.6842592592592592 0.26944444444444443 0.014814814814814815 0.014814814814814815
2 0.700925925925926 0.2518518518518518 0.013888888888888888 0.013888888888888888
2 0.6601851851851852 0.2351851851851852 0.014814814814814815 0.014814814814814815
2 0.625 0.2037037037037037 0.01574074074074074 0.016666666666666666
2 0.6027777777777777 0.1574074074074074 0.013888888888888888 0.014814814814814815
2 0.5768518518518518 0.15462962962962962 0.013888888888888888 0.01574074074074074
2 0.5407407407407407 0.18981481481481483 0.014814814814814815 0.014814814814814815
2 0.5083333333333333 0.20925925925925926 0.014814814814814815 0.014814814814814815
2 0.5388888888888889 0.14629629629629629 0.013888888888888888 0.01574074074074074
2 0.4981481481481482 0.14444444444444443 0.013888888888888888 0.014814814814814815
2 0.4842592592592593 0.1675925925925926 0.013888888888888888 0.013888888888888888
2 0.43796296296296294 0.16666666666666666 0.014814814814814815 0.013888888888888888
2 0.3888888888888889 0.2 0.01574074074074074 0.014814814814814815
2 0.362962962962963 0.20185185185185187 0.014814814814814815 0.016666666666666666
1 0.4648148148148148 0.675 0.016666666666666666 0.017592592592592594
1 0.48518518518518516 0.674074074074074 0.01574074074074074 0.016666666666666666
1 0.5333333333333333 0.6648148148148149 0.016666666666666666 0.017592592592592594
1 0.5851851851851851 0.674074074074074 0.016666666666666666 0.016666666666666666
1 0.6092592592592593 0.675 0.016666666666666666 0.016666666666666666
1 0.6083333333333333 0.6222222222222222 0.016666666666666666 0.016666666666666666
1 0.6166666666666667 0.587037037037037 0.016666666666666666 0.017592592592592594
1 0.5203703703703704 0.6268518518518519 0.01574074074074074 0.017592592592592594
1 0.5027777777777778 0.5898148148148148 0.01574074074074074 0.016666666666666666
1 0.4981481481481482 0.6305555555555555 0.01574074074074074 0.017592592592592594
1 0.48055555555555557 0.5851851851851851 0.01574074074074074 0.016666666666666666
1 0.4444444444444444 0.6166666666666667 0.017592592592592594 0.017592592592592594
1 0.5574074074074075 0.5481481481481482 0.01574074074074074 0.017592592592592594
1 0.6 0.5574074074074075 0.016666666666666666 0.016666666666666666
1 0.4666666666666667 0.5407407407407407 0.01574074074074074 0.01574074074074074
1 0.4074074074074074 0.5101851851851852 0.01574074074074074 0.01574074074074074
1 0.44814814814814813 0.5166666666666667 0.01574074074074074 0.017592592592592594
1 0.4361111111111111 0.4777777777777778 0.01574074074074074 0.01574074074074074
1 0.3731481481481482 0.47129629629629627 0.016666666666666666 0.01574074074074074
1 0.39166666666666666 0.42777777777777776 0.01574074074074074 0.01574074074074074
1 0.3509259259259259 0.45740740740740743 0.01574074074074074 0.01574074074074074
3 0.4898148148148148 0.42592592592592593 0.018518518518518517 0.018518518518518517
1 0.4888888888888889 0.4527777777777778 0.01574074074074074 0.01574074074074074
1 0.4740740740740741 0.4722222222222222 0.01574074074074074 0.016666666666666666
1 0.4981481481481482 0.4722222222222222 0.01574074074074074 0.01574074074074074
1 0.5805555555555556 0.5064814814814815 0.016666666666666666 0.017592592592592594
1 0.5888888888888889 0.4842592592592593 0.01574074074074074 0.01574074074074074
1 0.6240740740740741 0.4462962962962963 0.01574074074074074 0.016666666666666666
1 0.7018518518518518 0.4305555555555556 0.01574074074074074 0.01574074074074074
1 0.6935185185185185 0.5064814814814815 0.016666666666666666 0.017592592592592594
1 0.6731481481481482 0.5333333333333333 0.016666666666666666 0.01574074074074074
1 0.7111111111111111 0.5231481481481481 0.016666666666666666 0.01574074074074074
1 0.687962962962963 0.47314814814814815 0.01574074074074074 0.017592592592592594
1 0.6777777777777778 0.4444444444444444 0.017592592592592594 0.01574074074074074
1 0.562037037037037 0.4546296296296296 0.01574074074074074 0.01574074074074074
1 0.5722222222222222 0.47314814814814815 0.01574074074074074 0.016666666666666666
1 0.5527777777777778 0.5138888888888888 0.01574074074074074 0.01574074074074074
1 0.7166666666666667 0.4074074074074074 0.017592592592592594 0.01574074074074074
1 0.7101851851851851 0.37407407407407406 0.017592592592592594 0.01574074074074074
1 0.637962962962963 0.32685185185185184 0.01574074074074074 0.01574074074074074
1 0.6527777777777778 0.34074074074074073 0.01574074074074074 0.01574074074074074
1 0.5796296296296296 0.35833333333333334 0.01574074074074074 0.01574074074074074
1 0.5666666666666667 0.30648148148148147 0.017592592592592594 0.01574074074074074
1 0.4981481481481482 0.3453703703703704 0.01574074074074074 0.017592592592592594
1 0.5157407407407407 0.36944444444444446 0.01574074074074074 0.016666666666666666
1 0.35 0.35833333333333334 0.01574074074074074 0.01574074074074074
1 0.3490740740740741 0.38425925925925924 0.01574074074074074 0.01574074074074074
3 0.33611111111111114 0.2518518518518518 0.019444444444444445 0.019444444444444445
3 0.3194444444444444 0.31574074074074077 0.018518518518518517 0.018518518518518517
1 0.38055555555555554 0.3425925925925926 0.016666666666666666 0.016666666666666666
1 0.3990740740740741 0.2611111111111111 0.01574074074074074 0.01574074074074074
1 0.4203703703703704 0.2537037037037037 0.016666666666666666 0.01574074074074074
1 0.4583333333333333 0.25555555555555554 0.01574074074074074 0.014814814814814815
1 0.475 0.2814814814814815 0.014814814814814815 0.01574074074074074
1 0.524074074074074 0.27870370370370373 0.01574074074074074 0.01574074074074074
1 0.5444444444444444 0.2638888888888889 0.01574074074074074 0.01574074074074074
1 0.5287037037037037 0.21388888888888888 0.01574074074074074 0.01574074074074074
1 0.5564814814814815 0.22870370370370371 0.01574074074074074 0.017592592592592594
1 0.6 0.23055555555555557 0.01574074074074074 0.016666666666666666
1 0.6833333333333333 0.23333333333333334 0.016666666666666666 0.01574074074074074
1 0.6694444444444444 0.21666666666666667 0.016666666666666666 0.017592592592592594
1 0.6509259259259259 0.2074074074074074 0.01574074074074074 0.01574074074074074
1 0.6657407407407407 0.27685185185185185 0.01574074074074074 0.014814814814814815
1 0.7092592592592593 0.2712962962962963 0.016666666666666666 0.01574074074074074
1 0.7018518518518518 0.3175925925925926 0.016666666666666666 0.01574074074074074
1 0.5777777777777777 0.18518518518518517 0.016666666666666666 0.01574074074074074
1 0.6324074074074074 0.14722222222222223 0.016666666666666666 0.01574074074074074
1 0.5425925925925926 0.12314814814814815 0.016666666666666666 0.01574074074074074
1 0.4648148148148148 0.19074074074074074 0.01574074074074074 0.01574074074074074
1 0.4527777777777778 0.14629629629629629 0.016666666666666666 0.01574074074074074
1 0.40185185185185185 0.1574074074074074 0.01574074074074074 0.01574074074074074
0 0.562037037037037 0.11574074074074074 0.012962962962962963 0.012962962962962963
0 0.5518518518518518 0.16574074074074074 0.013888888888888888 0.013888888888888888
0 0.5703703703703704 0.16944444444444445 0.012962962962962963 0.012962962962962963
0 0.5574074074074075 0.18611111111111112 0.012962962962962963 0.012962962962962963
0 0.5685185185185185 0.19907407407407407 0.012037037037037037 0.012962962962962963
0 0.5916666666666667 0.2074074074074074 0.012962962962962963 0.012962962962962963
0 0.6111111111111112 0.21666666666666667 0.012962962962962963 0.012037037037037037
0 0.5953703703703703 0.17314814814814813 0.012962962962962963 0.012962962962962963
0 0.5074074074074074 0.16018518518518518 0.013888888888888888 0.012962962962962963
0 0.5203703703703704 0.18425925925925926 0.012962962962962963 0.012962962962962963
0 0.5092592592592593 0.2324074074074074 0.012962962962962963 0.012037037037037037
0 0.48148148148148145 0.18611111111111112 0.012962962962962963 0.013888888888888888
0 0.4888888888888889 0.2037037037037037 0.012962962962962963 0.012962962962962963
0 0.4787037037037037 0.23425925925925925 0.013888888888888888 0.013888888888888888
0 0.43425925925925923 0.18518518518518517 0.012962962962962963 0.012962962962962963
0 0.4222222222222222 0.2111111111111111 0.013888888888888888 0.012037037037037037
0 0.4101851851851852 0.1935185185185185 0.012962962962962963 0.012962962962962963
0 0.4111111111111111 0.2361111111111111 0.012962962962962963 0.013888888888888888
0 0.4046296296296296 0.29814814814814816 0.013888888888888888 0.013888888888888888
0 0.3861111111111111 0.31851851851851853 0.012962962962962963 0.013888888888888888
0 0.3611111111111111 0.33796296296296297 0.012962962962962963 0.012962962962962963
0 0.3314814814814815 0.34814814814814815 0.012962962962962963 0.012962962962962963
0 0.3675925925925926 0.36666666666666664 0.012962962962962963 0.012962962962962963
0 0.36944444444444446 0.38981481481481484 0.012037037037037037 0.012962962962962963
0 0.4101851851851852 0.3537037037037037 0.012962962962962963 0.012962962962962963
0 0.42962962962962964 0.3398148148148148 0.013888888888888888 0.013888888888888888
0 0.4537037037037037 0.36018518518518516 0.012962962962962963 0.012962962962962963
0 0.44907407407407407 0.3990740740740741 0.012962962962962963 0.012962962962962963
0 0.5370370370370371 0.3712962962962963 0.013888888888888888 0.013888888888888888
0 0.5555555555555556 0.3611111111111111 0.012962962962962963 0.012962962962962963
0 0.5064814814814815 0.325 0.012962962962962963 0.013888888888888888
0 0.4638888888888889 0.32314814814814813 0.012962962962962963 0.012962962962962963
0 0.43425925925925923 0.2722222222222222 0.013888888888888888 0.013888888888888888
0 0.5212962962962963 0.30092592592592593 0.013888888888888888 0.013888888888888888
0 0.5481481481481482 0.2833333333333333 0.012962962962962963 0.012962962962962963
0 0.5814814814814815 0.24351851851851852 0.012962962962962963 0.012037037037037037
0 0.5833333333333334 0.2675925925925926 0.013888888888888888 0.012962962962962963
0 0.6231481481481481 0.2657407407407407 0.012962962962962963 0.013888888888888888
0 0.6416666666666667 0.23796296296296296 0.013888888888888888 0.012962962962962963
0 0.675 0.25277777777777777 0.013888888888888888 0.012962962962962963
0 0.6935185185185185 0.2833333333333333 0.013888888888888888 0.013888888888888888
0 0.7 0.29907407407407405 0.012962962962962963 0.012962962962962963
0 0.637962962962963 0.30462962962962964 0.013888888888888888 0.012962962962962963
0 0.7092592592592593 0.33611111111111114 0.012962962962962963 0.012962962962962963
0 0.6888888888888889 0.3398148148148148 0.013888888888888888 0.013888888888888888
0 0.687037037037037 0.37777777777777777 0.012962962962962963 0.013888888888888888
0 0.6351851851851852 0.38333333333333336 0.012962962962962963 0.012962962962962963
0 0.6324074074074074 0.34629629629629627 0.012962962962962963 0.013888888888888888
0 0.5787037037037037 0.29074074074074074 0.012962962962962963 0.013888888888888888
0 0.725925925925926 0.3907407407407407 0.012962962962962963 0.012962962962962963
0 0.6675925925925926 0.3972222222222222 0.012962962962962963 0.012962962962962963
0 0.6592592592592592 0.4185185185185185 0.012962962962962963 0.012962962962962963
0 0.6694444444444444 0.4648148148148148 0.013888888888888888 0.012962962962962963
0 0.6768518518518518 0.4898148148148148 0.012962962962962963 0.012962962962962963
0 0.7148148148148148 0.4888888888888889 0.013888888888888888 0.012962962962962963
0 0.6481481481481481 0.5175925925925926 0.013888888888888888 0.013888888888888888
0 0.6351851851851852 0.49722222222222223 0.012962962962962963 0.013888888888888888
0 0.6129629629629629 0.46296296296296297 0.012962962962962963 0.012962962962962963
0 0.6129629629629629 0.5351851851851852 0.012962962962962963 0.012962962962962963
0 0.587037037037037 0.3768518518518518 0.013888888888888888 0.013888888888888888
0 0.5027777777777778 0.41203703703703703 0.012962962962962963 0.013888888888888888
0 0.5481481481481482 0.4222222222222222 0.013888888888888888 0.013888888888888888
0 0.5212962962962963 0.4648148148148148 0.012962962962962963 0.013888888888888888
0 0.5361111111111111 0.5314814814814814 0.013888888888888888 0.013888888888888888
0 0.5120370370370371 0.525 0.012962962962962963 0.013888888888888888
0 0.4564814814814815 0.42685185185185187 0.012962962962962963 0.014814814814814815
0 0.4722222222222222 0.44166666666666665 0.012962962962962963 0.013888888888888888
0 0.43148148148148147 0.5222222222222223 0.013888888888888888 0.013888888888888888
0 0.4101851851851852 0.4222222222222222 0.012962962962962963 0.012962962962962963
0 0.39814814814814814 0.5305555555555556 0.012962962962962963 0.013888888888888888
0 0.36944444444444446 0.5342592592592592 0.012962962962962963 0.012962962962962963
0 0.3472222222222222 0.5342592592592592 0.012962962962962963 0.013888888888888888
0 0.3314814814814815 0.5074074074074074 0.012962962962962963 0.012962962962962963
1 0.33055555555555555 0.4824074074074074 0.01574074074074074 0.016666666666666666
0 0.3333333333333333 0.4583333333333333 0.012962962962962963 0.013888888888888888
0 0.33796296296296297 0.4351851851851852 0.012962962962962963 0.013888888888888888
0 0.37407407407407406 0.562037037037037 0.013888888888888888 0.013888888888888888
0 0.3925925925925926 0.6092592592592593 0.013888888888888888 0.013888888888888888
0 0.41203703703703703 0.6314814814814815 0.013888888888888888 0.013888888888888888
0 0.4305555555555556 0.6657407407407407 0.013888888888888888 0.014814814814814815
0 0.4666666666666667 0.6268518518518519 0.012962962962962963 0.012962962962962963
0 0.4527777777777778 0.5611111111111111 0.012962962962962963 0.013888888888888888
0 0.4398148148148148 0.5833333333333334 0.013888888888888888 0.012962962962962963
0 0.5037037037037037 0.5638888888888889 0.012962962962962963 0.013888888888888888
0 0.525 0.5898148148148148 0.012962962962962963 0.013888888888888888
0 0.5074074074074074 0.6083333333333333 0.013888888888888888 0.013888888888888888
0 0.5675925925925925 0.6555555555555556 0.013888888888888888 0.012962962962962963
0 0.5953703703703703 0.5787037037037037 0.012962962962962963 0.013888888888888888
0 0.5768518518518518 0.6324074074074074 0.012962962962962963 0.013888888888888888
0 0.6601851851851852 0.5564814814814815 0.013888888888888888 0.012962962962962963
0 0.6324074074074074 0.6694444444444444 0.013888888888888888 0.013888888888888888
0 0.5768518518518518 0.6944444444444444 0.012962962962962963 0.014814814814814815
0 0.4203703703703704 0.6898148148148148 0.012962962962962963 0.013888888888888888
3 0.44074074074074077 0.6916666666666667 0.018518518518518517 0.019444444444444445
3 0.4648148148148148 0.7 0.018518518518518517 0.019444444444444445
3 0.5092592592592593 0.6583333333333333 0.018518518518518517 0.018518518518518517
0 0.5388888888888889 0.6935185185185185 0.012962962962962963 0.013888888888888888
3 0.5583333333333333 0.675 0.018518518518518517 0.019444444444444445
3 0.5916666666666667 0.6509259259259259 0.019444444444444445 0.018518518518518517
1 0.637962962962963 0.6222222222222222 0.01574074074074074 0.01574074074074074
3 0.5972222222222222 0.6027777777777777 0.018518518518518517 0.019444444444444445
3 0.5638888888888889 0.6138888888888889 0.018518518518518517 0.018518518518518517
3 0.4351851851851852 0.6416666666666667 0.019444444444444445 0.019444444444444445
3 0.41944444444444445 0.6083333333333333 0.017592592592592594 0.019444444444444445
3 0.4842592592592593 0.6101851851851852 0.018518518518518517 0.018518518518518517
3 0.45740740740740743 0.5972222222222222 0.019444444444444445 0.018518518518518517
3 0.6675925925925926 0.5833333333333334 0.018518518518518517 0.018518518518518517
3 0.6425925925925926 0.5935185185185186 0.018518518518518517 0.019444444444444445
3 0.6240740740740741 0.562037037037037 0.018518518518518517 0.018518518518518517
3 0.5712962962962963 0.5694444444444444 0.018518518518518517 0.017592592592592594
3 0.549074074074074 0.5861111111111111 0.018518518518518517 0.018518518518518517
3 0.5722222222222222 0.5916666666666667 0.019444444444444445 0.019444444444444445
3 0.487962962962963 0.5453703703703704 0.018518518518518517 0.018518518518518517
3 0.4759259259259259 0.5648148148148148 0.017592592592592594 0.018518518518518517
3 0.46944444444444444 0.5194444444444445 0.019444444444444445 0.018518518518518517
1 0.40185185185185185 0.5509259259259259 0.01574074074074074 0.016666666666666666
3 0.42962962962962964 0.5574074074074075 0.019444444444444445 0.018518518518518517
3 0.4203703703703704 0.5833333333333334 0.018518518518518517 0.019444444444444445
3 0.3814814814814815 0.5833333333333334 0.017592592592592594 0.019444444444444445
3 0.6981481481481482 0.5444444444444444 0.019444444444444445 0.018518518518518517
3 0.3314814814814815 0.40925925925925927 0.017592592592592594 0.019444444444444445
3 0.36018518518518516 0.4305555555555556 0.018518518518518517 0.018518518518518517
3 0.3962962962962963 0.45185185185185184 0.017592592592592594 0.018518518518518517
3 0.41574074074074074 0.487962962962963 0.017592592592592594 0.018518518518518517
3 0.3592592592592593 0.5111111111111111 0.017592592592592594 0.018518518518518517
3 0.4601851851851852 0.4583333333333333 0.018518518518518517 0.018518518518518517
3 0.4351851851851852 0.45 0.019444444444444445 0.019444444444444445
3 0.39166666666666666 0.3824074074074074 0.017592592592592594 0.018518518518518517
3 0.40555555555555556 0.40185185185185185 0.018518518518518517 0.019444444444444445
3 0.4287037037037037 0.40925925925925927 0.018518518518518517 0.018518518518518517
3 0.4648148148148148 0.4101851851851852 0.018518518518518517 0.018518518518518517
3 0.47962962962962963 0.3962962962962963 0.018518518518518517 0.018518518518518517
3 0.475 0.37037037037037035 0.018518518518518517 0.018518518518518517
3 0.43425925925925923 0.3611111111111111 0.018518518518518517 0.018518518518518517
3 0.525 0.38796296296296295 0.018518518518518517 0.018518518518518517
3 0.524074074074074 0.41388888888888886 0.018518518518518517 0.018518518518518517
3 0.5175925925925926 0.4388888888888889 0.018518518518518517 0.019444444444444445
3 0.5277777777777778 0.4842592592592593 0.017592592592592594 0.017592592592592594
3 0.5064814814814815 0.4981481481481482 0.017592592592592594 0.017592592592592594
3 0.5305555555555556 0.5101851851851852 0.017592592592592594 0.018518518518518517
3 0.5555555555555556 0.49074074074074076 0.018518518518518517 0.018518518518518517
3 0.5666666666666667 0.43425925925925923 0.017592592592592594 0.017592592592592594
3 0.5675925925925925 0.4111111111111111 0.016666666666666666 0.017592592592592594
3 0.5675925925925925 0.3851851851851852 0.019444444444444445 0.017592592592592594
3 0.6212962962962963 0.3648148148148148 0.017592592592592594 0.017592592592592594
3 0.6175925925925926 0.4009259259259259 0.019444444444444445 0.018518518518518517
3 0.5944444444444444 0.412962962962963 0.017592592592592594 0.017592592592592594
3 0.5879629629629629 0.45555555555555555 0.018518518518518517 0.019444444444444445
3 0.6074074074074074 0.5037037037037037 0.019444444444444445 0.018518518518518517
3 0.6305555555555555 0.475 0.018518518518518517 0.018518518518518517
3 0.6212962962962963 0.42407407407407405 0.017592592592592594 0.017592592592592594
3 0.6453703703703704 0.43703703703703706 0.018518518518518517 0.018518518518518517
3 0.6453703703703704 0.362962962962963 0.018518518518518517 0.017592592592592594
3 0.6574074074074074 0.37777777777777777 0.019444444444444445 0.018518518518518517
3 0.7231481481481481 0.43796296296296294 0.019444444444444445 0.018518518518518517
3 0.675 0.35833333333333334 0.018518518518518517 0.017592592592592594
3 0.5935185185185186 0.3435185185185185 0.017592592592592594 0.018518518518518517
3 0.5703703703703704 0.3398148148148148 0.019444444444444445 0.016666666666666666
1 0.537962962962963 0.34629629629629627 0.01574074074074074 0.01574074074074074
3 0.5268518518518519 0.32222222222222224 0.018518518518518517 0.018518518518518517
3 0.4009259259259259 0.33425925925925926 0.017592592592592594 0.018518518518518517
3 0.7222222222222222 0.3111111111111111 0.019444444444444445 0.019444444444444445
3 0.6398148148148148 0.2814814814814815 0.017592592592592594 0.018518518518518517
3 0.6472222222222223 0.2564814814814815 0.019444444444444445 0.018518518518518517
3 0.6768518518518518 0.29907407407407405 0.018518518518518517 0.017592592592592594
1 0.5925925925925926 0.30277777777777776 0.01574074074074074 0.017592592592592594
3 0.600925925925926 0.2796296296296296 0.017592592592592594 0.018518518518518517
3 0.6148148148148148 0.30277777777777776 0.017592592592592594 0.017592592592592594
3 0.6203703703703703 0.24259259259259258 0.018518518518518517 0.019444444444444445
3 0.6324074074074074 0.22037037037037038 0.017592592592592594 0.017592592592592594
1 0.6574074074074074 0.18703703703703703 0.01574074074074074 0.01574074074074074
3 0.6351851851851852 0.18518518518518517 0.017592592592592594 0.017592592592592594
3 0.65 0.16574074074074074 0.017592592592592594 0.018518518518518517
3 0.6194444444444445 0.16666666666666666 0.018518518518518517 0.017592592592592594
3 0.6055555555555555 0.19166666666666668 0.019444444444444445 0.017592592592592594
3 0.5768518518518518 0.2212962962962963 0.017592592592592594 0.018518518518518517
3 0.562037037037037 0.2537037037037037 0.019444444444444445 0.018518518518518517
3 0.5305555555555556 0.2388888888888889 0.017592592592592594 0.019444444444444445
3 0.5416666666666666 0.30277777777777776 0.017592592592592594 0.017592592592592594
3 0.4981481481481482 0.29814814814814816 0.017592592592592594 0.017592592592592594
3 0.475 0.3055555555555556 0.018518518518518517 0.018518518518518517
1 0.47962962962962963 0.2601851851851852 0.01574074074074074 0.01574074074074074
3 0.55 0.20833333333333334 0.017592592592592594 0.018518518518518517
3 0.4638888888888889 0.21851851851851853 0.017592592592592594 0.017592592592592594
3 0.5027777777777778 0.18333333333333332 0.017592592592592594 0.017592592592592594
3 0.47685185185185186 0.14907407407407408 0.017592592592592594 0.018518518518518517
3 0.42592592592592593 0.14907407407407408 0.017592592592592594 0.018518518518518517
3 0.3925925925925926 0.18055555555555555 0.017592592592592594 0.018518518518518517
3 0.3851851851851852 0.2361111111111111 0.019444444444444445 0.018518518518518517
3 0.44166666666666665 0.2361111111111111 0.017592592592592594 0.017592592592592594
3 0.375 0.29444444444444445 0.019444444444444445 0.018518518518518517
3 0.36018518518518516 0.2712962962962963 0.017592592592592594 0.017592592592592594
3 0.3435185185185185 0.22685185185185186 0.017592592592592594 0.018518518518518517
3 0.5277777777777778 0.16574074074074074 0.017592592592592594 0.018518518518518517
3 0.5185185185185185 0.13425925925925927 0.017592592592592594 0.017592592592592594
3 0.5592592592592592 0.14074074074074075 0.018518518518518517 0.017592592592592594
3 0.5842592592592593 0.13425925925925927 0.018518518518518517 0.017592592592592594
3 0.6055555555555555 0.13796296296296295 0.017592592592592594 0.018518518518518517
3 0.462037037037037 0.17037037037037037 0.016666666666666666 0.017592592592592594
0 0.32037037037037036 0.27870370370370373 0.012962962962962963 0.013888888888888888
0 0.33611111111111114 0.27685185185185185 0.013888888888888888 0.013888888888888888
1 0.3212962962962963 0.2324074074074074 0.01574074074074074 0.01574074074074074
0 0.4148148148148148 0.17222222222222222 0.012962962962962963 0.012962962962962963
3 0.44351851851851853 0.2064814814814815 0.018518518518518517 0.018518518518518517
0 0.5138888888888888 0.2564814814814815 0.012962962962962963 0.012962962962962963
0 0.3824074074074074 0.26296296296296295 0.013888888888888888 0.013888888888888888
1 0.36944444444444446 0.18055555555555555 0.01574074074074074 0.016666666666666666
1 0.4027777777777778 0.21851851851851853 0.01574074074074074 0.01574074074074074
0 0.36574074074074076 0.2222222222222222 0.012962962962962963 0.013888888888888888
0 0.3277777777777778 0.2962962962962963 0.012962962962962963 0.013888888888888888
1 0.36574074074074076 0.3148148148148148 0.01574074074074074 0.01574074074074074
3 0.41759259259259257 0.31574074074074077 0.017592592592592594 0.016666666666666666
1 0.4537037037037037 0.28888888888888886 0.01574074074074074 0.01574074074074074
1 0.4527777777777778 0.34074074074074073 0.01574074074074074 0.01574074074074074
1 0.49537037037037035 0.3675925925925926 0.01574074074074074 0.01574074074074074
0 0.31203703703703706 0.4222222222222222 0.012962962962962963 0.012962962962962963
1 0.4166666666666667 0.46296296296296297 0.01574074074074074 0.016666666666666666
1 0.3925925925925926 0.475 0.014814814814814815 0.01574074074074074
1 0.38055555555555554 0.5120370370370371 0.01574074074074074 0.016666666666666666
0 0.4148148148148148 0.43796296296296294 0.012037037037037037 0.012962962962962963
0 0.37222222222222223 0.44907407407407407 0.012962962962962963 0.013888888888888888
1 0.4425925925925926 0.5388888888888889 0.017592592592592594 0.01574074074074074
1 0.6685185185185185 0.5111111111111111 0.016666666666666666 0.01574074074074074
1 0.6509259259259259 0.5388888888888889 0.016666666666666666 0.01574074074074074
1 0.5944444444444444 0.5268518518518519 0.01574074074074074 0.01574074074074074
0 0.5944444444444444 0.6907407407407408 0.013888888888888888 0.013888888888888888
0 0.4148148148148148 0.65 0.012962962962962963 0.013888888888888888
1 0.5925925925925926 0.43425925925925923 0.016666666666666666 0.01574074074074074
1 0.6574074074074074 0.3138888888888889 0.019444444444444445 0.017592592592592594
1 0.6055555555555555 0.3824074074074074 0.017592592592592594 0.017592592592592594