2 0.4759259259259259 0.7759259259259259 0.020370370370370372 0.019444444444444445
2 0.5574074074074075 0.7712962962962963 0.019444444444444445 0.019444444444444445
2 0.7268518518518519 0.7388888888888889 0.020370370370370372 0.019444444444444445
2 0.75 0.7240740740740741 0.020370370370370372 0.020370370370370372
2 0.7314814814814815 0.7092592592592593 0.020370370370370372 0.020370370370370372
2 0.6731481481481482 0.7296296296296296 0.020370370370370372 0.020370370370370372
2 0.6342592592592593 0.7194444444444444 0.020370370370370372 0.020370370370370372
2 0.5712962962962963 0.7148148148148148 0.020370370370370372 0.020370370370370372
2 0.5370370370370371 0.7240740740740741 0.020370370370370372 0.020370370370370372
2 0.5138888888888888 0.7157407407407408 0.020370370370370372 0.020370370370370372
2 0.48518518518518516 0.7092592592592593 0.020370370370370372 0.020370370370370372
2 0.44166666666666665 0.7055555555555556 0.020370370370370372 0.019444444444444445
2 0.4212962962962963 0.6759259259259259 0.020370370370370372 0.021296296296296296
2 0.36203703703703705 0.6194444444444445 0.020370370370370372 0.019444444444444445
2 0.38425925925925924 0.612037037037037 0.020370370370370372 0.019444444444444445
2 0.4064814814814815 0.6287037037037037 0.020370370370370372 0.020370370370370372
2 0.43333333333333335 0.612037037037037 0.020370370370370372 0.019444444444444445
2 0.45 0.6342592592592593 0.020370370370370372 0.020370370370370372
2 0.4666666666666667 0.6037037037037037 0.020370370370370372 0.019444444444444445
2 0.47685185185185186 0.6296296296296297 0.020370370370370372 0.020370370370370372
2 0.49907407407407406 0.6175925925925926 0.023148148148148147 0.019444444444444445
2 0.5055555555555555 0.6546296296296297 0.020370370370370372 0.020370370370370372
2 0.5046296296296297 0.6898148148148148 0.021296296296296296 0.019444444444444445
2 0.5314814814814814 0.6555555555555556 0.020370370370370372 0.020370370370370372
2 0.5648148148148148 0.6685185185185185 0.020370370370370372 0.018518518518518517
2 0.5935185185185186 0.6805555555555556 0.019444444444444445 0.019444444444444445
2 0.5972222222222222 0.6601851851851852 0.020370370370370372 0.020370370370370372
2 0.537962962962963 0.6037037037037037 0.021296296296296296 0.021296296296296296
2 0.600925925925926 0.6046296296296296 0.020370370370370372 0.020370370370370372
2 0.5888888888888889 0.5833333333333334 0.020370370370370372 0.020370370370370372
2 0.6231481481481481 0.6444444444444445 0.021296296296296296 0.020370370370370372
2 0.6481481481481481 0.6398148148148148 0.021296296296296296 0.020370370370370372
2 0.6842592592592592 0.674074074074074 0.020370370370370372 0.020370370370370372
2 0.7407407407407407 0.6851851851851852 0.021296296296296296 0.019444444444444445
2 0.7768518518518519 0.6842592592592592 0.020370370370370372 0.019444444444444445
2 0.6935185185185185 0.6101851851851852 0.020370370370370372 0.019444444444444445
2 0.6638888888888889 0.5814814814814815 0.020370370370370372 0.020370370370370372
2 0.6370370370370371 0.5712962962962963 0.020370370370370372 0.019444444444444445
2 0.4925925925925926 0.5666666666666667 0.021296296296296296 0.020370370370370372
2 0.4777777777777778 0.5842592592592593 0.022222222222222223 0.019444444444444445
2 0.42777777777777776 0.5796296296296296 0.020370370370370372 0.022222222222222223
2 0.4583333333333333 0.5574074074074075 0.022222222222222223 0.020370370370370372
2 0.3907407407407407 0.5601851851851852 0.021296296296296296 0.020370370370370372
2 0.3472222222222222 0.5657407407407408 0.023148148148148147 0.021296296296296296
2 0.8138888888888889 0.5898148148148148 0.021296296296296296 0.021296296296296296
2 0.7712962962962963 0.5805555555555556 0.021296296296296296 0.018518518518518517
2 0.75 0.5666666666666667 0.020370370370370372 0.020370370370370372
2 0.6583333333333333 0.524074074074074 0.020370370370370372 0.020370370370370372
2 0.5435185185185185 0.5324074074074074 0.019444444444444445 0.018518518518518517
2 0.5814814814814815 0.5083333333333333 0.020370370370370372 0.020370370370370372
2 0.4675925925925926 0.5092592592592593 0.020370370370370372 0.020370370370370372
2 0.45 0.5296296296296297 0.020370370370370372 0.020370370370370372
2 0.3453703703703704 0.5314814814814814 0.019444444444444445 0.020370370370370372
2 0.2814814814814815 0.5398148148148149 0.020370370370370372 0.022222222222222223
2 0.25 0.5351851851851852 0.022222222222222223 0.020370370370370372
2 0.7157407407407408 0.5185185185185185 0.020370370370370372 0.020370370370370372
2 0.6768518518518518 0.48703703703703705 0.020370370370370372 0.020370370370370372
2 0.7388888888888889 0.5203703703703704 0.020370370370370372 0.020370370370370372
2 0.7509259259259259 0.49537037037037035 0.021296296296296296 0.018518518518518517
2 0.787962962962963 0.5305555555555556 0.020370370370370372 0.019444444444444445
2 0.7685185185185185 0.5444444444444444 0.020370370370370372 0.018518518518518517
2 0.7888888888888889 0.5592592592592592 0.020370370370370372 0.020370370370370372
2 0.8444444444444444 0.5518518518518518 0.020370370370370372 0.022222222222222223
2 0.875 0.5425925925925926 0.021296296296296296 0.020370370370370372
2 0.875 0.5675925925925925 0.020370370370370372 0.021296296296296296
2 0.45092592592592595 0.487962962962963 0.020370370370370372 0.020370370370370372
2 0.42685185185185187 0.45925925925925926 0.023148148148148147 0.020370370370370372
2 0.3861111111111111 0.48518518518518516 0.022222222222222223 0.020370370370370372
2 0.3509259259259259 0.44722222222222224 0.022222222222222223 0.020370370370370372
2 0.3351851851851852 0.46296296296296297 0.021296296296296296 0.021296296296296296
2 0.3074074074074074 0.45555555555555555 0.022222222222222223 0.020370370370370372
2 0.3175925925925926 0.5083333333333333 0.021296296296296296 0.021296296296296296
2 0.7074074074074074 0.48333333333333334 0.020370370370370372 0.019444444444444445
2 0.7472222222222222 0.4703703703703704 0.020370370370370372 0.020370370370370372
2 0.7962962962962963 0.49722222222222223 0.020370370370370372 0.019444444444444445
2 0.7787037037037037 0.4527777777777778 0.020370370370370372 0.021296296296296296
2 0.8166666666666667 0.5018518518518519 0.020370370370370372 0.021296296296296296
2 0.8490740740740741 0.5037037037037037 0.020370370370370372 0.019444444444444445
2 0.8777777777777778 0.5018518518518519 0.020370370370370372 0.020370370370370372
2 0.812962962962963 0.47685185185185186 0.022222222222222223 0.020370370370370372
2 0.8212962962962963 0.4546296296296296 0.022222222222222223 0.021296296296296296
2 0.9101851851851852 0.4444444444444444 0.023148148148148147 0.021296296296296296
2 0.8777777777777778 0.44351851851851853 0.023148148148148147 0.022222222222222223
2 0.8148148148148148 0.43148148148148147 0.020370370370370372 0.020370370370370372
2 0.8 0.4009259259259259 0.022222222222222223 0.020370370370370372
2 0.7648148148148148 0.4009259259259259 0.020370370370370372 0.021296296296296296
2 0.6925925925925925 0.42314814814814816 0.022222222222222223 0.020370370370370372
2 0.6685185185185185 0.40370370370370373 0.021296296296296296 0.020370370370370372
2 0.6212962962962963 0.4388888888888889 0.021296296296296296 0.020370370370370372
2 0.6055555555555555 0.4546296296296296 0.020370370370370372 0.021296296296296296
2 0.5805555555555556 0.43425925925925923 0.020370370370370372 0.020370370370370372
2 0.537962962962963 0.47962962962962963 0.021296296296296296 0.020370370370370372
2 0.49722222222222223 0.4 0.020370370370370372 0.021296296296296296
2 0.5509259259259259 0.3990740740740741 0.020370370370370372 0.020370370370370372
2 0.33425925925925926 0.4083333333333333 0.022222222222222223 0.020370370370370372
2 0.2824074074074074 0.42685185185185187 0.022222222222222223 0.021296296296296296
2 0.22407407407407406 0.5148148148148148 0.022222222222222223 0.023148148148148147
2 0.2537037037037037 0.4148148148148148 0.020370370370370372 0.022222222222222223
2 0.1962962962962963 0.5 0.020370370370370372 0.021296296296296296
2 0.20462962962962963 0.4305555555555556 0.023148148148148147 0.020370370370370372
2 0.16666666666666666 0.38981481481481484 0.021296296296296296 0.022222222222222223
2 0.10648148148148148 0.33611111111111114 0.022222222222222223 0.020370370370370372
2 0.07777777777777778 0.2361111111111111 0.021296296296296296 0.021296296296296296
2 0.11388888888888889 0.19907407407407407 0.022222222222222223 0.020370370370370372
2 0.1675925925925926 0.33240740740740743 0.022222222222222223 0.020370370370370372
2 0.1638888888888889 0.29814814814814816 0.023148148148148147 0.021296296296296296
2 0.1925925925925926 0.39444444444444443 0.020370370370370372 0.023148148148148147
2 0.18796296296296297 0.3611111111111111 0.021296296296296296 0.021296296296296296
2 0.21944444444444444 0.37592592592592594 0.021296296296296296 0.020370370370370372
2 0.19444444444444445 0.30462962962962964 0.020370370370370372 0.021296296296296296
2 0.18796296296296297 0.2777777777777778 0.020370370370370372 0.022222222222222223
2 0.17222222222222222 0.22870370370370371 0.022222222222222223 0.022222222222222223
2 0.19722222222222222 0.2064814814814815 0.020370370370370372 0.021296296296296296
2 0.17777777777777778 0.15462962962962962 0.021296296296296296 0.022222222222222223
2 0.18796296296296297 0.12685185185185185 0.022222222222222223 0.023148148148148147
2 0.19444444444444445 0.0824074074074074 0.021296296296296296 0.024074074074074074
2 0.21666666666666667 0.14444444444444443 0.021296296296296296 0.022222222222222223
2 0.24166666666666667 0.16944444444444445 0.022222222222222223 0.023148148148148147
2 0.24166666666666667 0.26481481481481484 0.020370370370370372 0.021296296296296296
2 0.2824074074074074 0.387037037037037 0.020370370370370372 0.020370370370370372
2 0.2962962962962963 0.33796296296296297 0.022222222222222223 0.020370370370370372
2 0.31296296296296294 0.3907407407407407 0.020370370370370372 0.020370370370370372
2 0.27685185185185185 0.2722222222222222 0.020370370370370372 0.020370370370370372
2 0.29259259259259257 0.24259259259259258 0.020370370370370372 0.021296296296296296
2 0.3101851851851852 0.262037037037037 0.022222222222222223 0.021296296296296296
2 0.32407407407407407 0.30277777777777776 0.023148148148148147 0.020370370370370372
2 0.3435185185185185 0.32407407407407407 0.021296296296296296 0.021296296296296296
2 0.3453703703703704 0.29074074074074074 0.020370370370370372 0.020370370370370372
2 0.3648148148148148 0.3101851851851852 0.020370370370370372 0.021296296296296296
2 0.30648148148148147 0.19814814814814816 0.020370370370370372 0.021296296296296296
2 0.3333333333333333 0.21666666666666667 0.020370370370370372 0.021296296296296296
2 0.3287037037037037 0.19074074074074074 0.022222222222222223 0.021296296296296296
2 0.22962962962962963 0.03148148148148148 0.022222222222222223 0.023148148148148147
2 0.25462962962962965 0.05740740740740741 0.023148148148148147 0.025
2 0.2611111111111111 0.1111111111111111 0.020370370370370372 0.022222222222222223
2 0.28055555555555556 0.13333333333333333 0.021296296296296296 0.022222222222222223
2 0.27314814814814814 0.1638888888888889 0.021296296296296296 0.023148148148148147
2 0.2796296296296296 0.03333333333333333 0.020370370370370372 0.024074074074074074
2 0.33055555555555555 0.13240740740740742 0.020370370370370372 0.023148148148148147
2 0.3287037037037037 0.1648148148148148 0.020370370370370372 0.021296296296296296
2 0.4064814814814815 0.04722222222222222 0.020370370370370372 0.022222222222222223
2 0.3888888888888889 0.06574074074074074 0.022222222222222223 0.022222222222222223
2 0.4074074074074074 0.08425925925925926 0.020370370370370372 0.022222222222222223
2 0.43425925925925923 0.1 0.022222222222222223 0.020370370370370372
2 0.3888888888888889 0.1425925925925926 0.020370370370370372 0.022222222222222223
2 0.3972222222222222 0.1824074074074074 0.019444444444444445 0.023148148148148147
2 0.42407407407407405 0.1685185185185185 0.022222222222222223 0.021296296296296296
2 0.37407407407407406 0.24351851851851852 0.020370370370370372 0.021296296296296296
2 0.3925925925925926 0.22407407407407406 0.022222222222222223 0.020370370370370372
2 0.41944444444444445 0.27037037037037037 0.021296296296296296 0.020370370370370372
2 0.4425925925925926 0.38055555555555554 0.021296296296296296 0.020370370370370372
2 0.4925925925925926 0.3074074074074074 0.020370370370370372 0.023148148148148147
2 0.4666666666666667 0.26666666666666666 0.020370370370370372 0.021296296296296296
2 0.4888888888888889 0.2759259259259259 0.021296296296296296 0.020370370370370372
2 0.49722222222222223 0.21851851851851853 0.021296296296296296 0.022222222222222223
2 0.4925925925925926 0.11388888888888889 0.020370370370370372 0.022222222222222223
2 0.5222222222222223 0.11018518518518519 0.021296296296296296 0.022222222222222223
2 0.5953703703703703 0.08611111111111111 0.022222222222222223 0.020370370370370372
2 0.6175925925925926 0.15555555555555556 0.020370370370370372 0.022222222222222223
2 0.5157407407407407 0.17314814814814813 0.022222222222222223 0.020370370370370372
2 0.5314814814814814 0.20092592592592592 0.020370370370370372 0.022222222222222223
2 0.5805555555555556 0.19814814814814816 0.020370370370370372 0.020370370370370372
2 0.6037037037037037 0.21944444444444444 0.020370370370370372 0.023148148148148147
2 0.6296296296296297 0.22962962962962963 0.020370370370370372 0.021296296296296296
2 0.5953703703703703 0.2657407407407407 0.020370370370370372 0.022222222222222223
2 0.6342592592592593 0.27037037037037037 0.021296296296296296 0.020370370370370372
2 0.5175925925925926 0.3814814814814815 0.020370370370370372 0.020370370370370372
2 0.5583333333333333 0.3731481481481482 0.020370370370370372 0.020370370370370372
2 0.5648148148148148 0.34444444444444444 0.020370370370370372 0.021296296296296296
2 0.6175925925925926 0.35185185185185186 0.020370370370370372 0.021296296296296296
2 0.637962962962963 0.33796296296296297 0.021296296296296296 0.020370370370370372
2 0.6712962962962963 0.3435185185185185 0.022222222222222223 0.020370370370370372
2 0.7564814814814815 0.30277777777777776 0.022222222222222223 0.019444444444444445
1 0.5657407407407408 0.7972222222222223 0.022222222222222223 0.020370370370370372
1 0.7101851851851851 0.7574074074074074 0.023148148148148147 0.022222222222222223
1 0.6481481481481481 0.7842592592592592 0.021296296296296296 0.022222222222222223
1 0.5296296296296297 0.7611111111111111 0.023148148148148147 0.022222222222222223
3 0.6203703703703703 0.6981481481481482 0.024074074074074074 0.025
0 0.6537037037037037 0.6666666666666666 0.019444444444444445 0.017592592592592594
1 0.6768518518518518 0.6435185185185185 0.023148148148148147 0.021296296296296296
1 0.7101851851851851 0.6648148148148149 0.022222222222222223 0.021296296296296296
1 0.48148148148148145 0.6592592592592592 0.022222222222222223 0.023148148148148147
1 0.4388888888888889 0.7351851851851852 0.023148148148148147 0.023148148148148147
1 0.5037037037037037 0.7814814814814814 0.022222222222222223 0.022222222222222223
1 0.3925925925925926 0.6685185185185185 0.023148148148148147 0.023148148148148147
1 0.31574074074074077 0.5398148148148149 0.023148148148148147 0.022222222222222223
1 0.32407407407407407 0.5851851851851851 0.023148148148148147 0.022222222222222223
1 0.36666666666666664 0.5898148148148148 0.023148148148148147 0.021296296296296296
1 0.3648148148148148 0.5462962962962963 0.023148148148148147 0.022222222222222223
1 0.34814814814814815 0.5092592592592593 0.023148148148148147 0.022222222222222223
1 0.40555555555555556 0.5287037037037037 0.023148148148148147 0.023148148148148147
1 0.4 0.587037037037037 0.023148148148148147 0.021296296296296296
1 0.5416666666666666 0.5055555555555555 0.023148148148148147 0.021296296296296296
1 0.5583333333333333 0.5824074074074074 0.023148148148148147 0.021296296296296296
1 0.5907407407407408 0.5592592592592592 0.022222222222222223 0.021296296296296296
1 0.7074074074074074 0.5518518518518518 0.023148148148148147 0.021296296296296296
1 0.8101851851851852 0.6203703703703703 0.023148148148148147 0.022222222222222223
1 0.7222222222222222 0.6157407407407407 0.023148148148148147 0.021296296296296296
3 0.8722222222222222 0.3990740740740741 0.026851851851851852 0.026851851851851852
1 0.7583333333333333 0.43425925925925923 0.023148148148148147 0.022222222222222223
1 0.7805555555555556 0.47685185185185186 0.023148148148148147 0.023148148148148147
1 0.65 0.4962962962962963 0.023148148148148147 0.023148148148148147
1 0.37037037037037035 0.45925925925925926 0.023148148148148147 0.022222222222222223
1 0.3611111111111111 0.48333333333333334 0.023148148148148147 0.023148148148148147
1 0.3333333333333333 0.48518518518518516 0.024074074074074074 0.022222222222222223
1 0.4 0.43333333333333335 0.023148148148148147 0.022222222222222223
1 0.3287037037037037 0.4388888888888889 0.023148148148148147 0.023148148148148147
1 0.30462962962962964 0.43425925925925923 0.023148148148148147 0.023148148148148147
1 0.17592592592592593 0.4324074074074074 0.024074074074074074 0.023148148148148147
1 0.13796296296296295 0.3277777777777778 0.025 0.023148148148148147
1 0.2777777777777778 0.3509259259259259 0.024074074074074074 0.023148148148148147
1 0.33796296296296297 0.38055555555555554 0.024074074074074074 0.023148148148148147
1 0.37407407407407406 0.38055555555555554 0.023148148148148147 0.023148148148148147
1 0.4166666666666667 0.37037037037037035 0.024074074074074074 0.023148148148148147
1 0.5074074074074074 0.33240740740740743 0.023148148148148147 0.023148148148148147
1 0.6768518518518518 0.3101851851851852 0.023148148148148147 0.023148148148148147
1 0.6453703703703704 0.30925925925925923 0.023148148148148147 0.023148148148148147
1 0.7055555555555556 0.35 0.024074074074074074 0.023148148148148147
1 0.7351851851851852 0.287962962962963 0.025 0.023148148148148147
1 0.7592592592592593 0.3648148148148148 0.023148148148148147 0.022222222222222223
1 0.8453703703703703 0.3527777777777778 0.023148148148148147 0.023148148148148147
1 0.7620370370370371 0.2574074074074074 0.024074074074074074 0.024074074074074074
1 0.6574074074074074 0.24444444444444444 0.023148148148148147 0.024074074074074074
1 0.65 0.14722222222222223 0.023148148148148147 0.025
1 0.6712962962962963 0.2111111111111111 0.023148148148148147 0.024074074074074074
3 0.549074074074074 0.17407407407407408 0.026851851851851852 0.026851851851851852
1 0.5185185185185185 0.14166666666666666 0.024074074074074074 0.024074074074074074
1 0.4888888888888889 0.14907407407407408 0.024074074074074074 0.025
1 0.44166666666666665 0.20925925925925926 0.024074074074074074 0.023148148148148147
1 0.41388888888888886 0.20833333333333334 0.024074074074074074 0.023148148148148147
1 0.37407407407407406 0.2074074074074074 0.024074074074074074 0.024074074074074074
1 0.3527777777777778 0.19537037037037036 0.024074074074074074 0.024074074074074074
1 0.4638888888888889 0.24166666666666667 0.023148148148148147 0.023148148148148147
1 0.35 0.2361111111111111 0.024074074074074074 0.024074074074074074
1 0.31296296296296294 0.22962962962962963 0.024074074074074074 0.024074074074074074
1 0.39537037037037037 0.30833333333333335 0.024074074074074074 0.023148148148148147
1 0.39537037037037037 0.2814814814814815 0.024074074074074074 0.024074074074074074
1 0.2796296296296296 0.2101851851851852 0.024074074074074074 0.024074074074074074
1 0.23703703703703705 0.23703703703703705 0.024074074074074074 0.023148148148148147
1 0.16666666666666666 0.2638888888888889 0.024074074074074074 0.024074074074074074
1 0.22037037037037038 0.0712962962962963 0.024074074074074074 0.025
1 0.1537037037037037 0.11481481481481481 0.025 0.025
3 0.21388888888888888 0.17777777777777778 0.027777777777777776 0.028703703703703703
1 0.3333333333333333 0.06851851851851852 0.024074074074074074 0.025
1 0.3685185185185185 0.10740740740740741 0.024074074074074074 0.025
1 0.39814814814814814 0.10925925925925926 0.024074074074074074 0.025
0 0.34074074074074073 0.019444444444444445 0.021296296296296296 0.021296296296296296
0 0.7611111111111111 0.6685185185185185 0.018518518518518517 0.017592592592592594
0 0.7379629629629629 0.6620370370370371 0.019444444444444445 0.017592592592592594
0 0.7287037037037037 0.6435185185185185 0.019444444444444445 0.017592592592592594
0 0.7601851851851852 0.6981481481481482 0.019444444444444445 0.018518518518518517
0 0.75 0.7527777777777778 0.019444444444444445 0.018518518518518517
0 0.6953703703703704 0.737037037037037 0.017592592592592594 0.017592592592592594
0 0.6953703703703704 0.7814814814814814 0.019444444444444445 0.017592592592592594
0 0.5851851851851851 0.7805555555555556 0.018518518518518517 0.018518518518518517
0 0.5370370370370371 0.7898148148148149 0.019444444444444445 0.018518518518518517
0 0.600925925925926 0.7287037037037037 0.019444444444444445 0.018518518518518517
0 0.5879629629629629 0.7037037037037037 0.018518518518518517 0.018518518518518517
0 0.6259259259259259 0.6712962962962963 0.019444444444444445 0.019444444444444445
0 0.5722222222222222 0.6425925925925926 0.020370370370370372 0.019444444444444445
0 0.5481481481481482 0.6361111111111111 0.019444444444444445 0.018518518518518517
0 0.5333333333333333 0.675 0.018518518518518517 0.019444444444444445
0 0.5027777777777778 0.7444444444444445 0.019444444444444445 0.017592592592592594
0 0.4462962962962963 0.762962962962963 0.019444444444444445 0.018518518518518517
0 0.4083333333333333 0.7388888888888889 0.019444444444444445 0.018518518518518517
0 0.4148148148148148 0.7018518518518518 0.019444444444444445 0.018518518518518517
0 0.4166666666666667 0.649074074074074 0.019444444444444445 0.018518518518518517
0 0.35648148148148145 0.6731481481481482 0.019444444444444445 0.017592592592592594
0 0.2935185185185185 0.6046296296296296 0.019444444444444445 0.017592592592592594
0 0.25925925925925924 0.5675925925925925 0.019444444444444445 0.017592592592592594
0 0.43333333333333335 0.5157407407407407 0.019444444444444445 0.019444444444444445
0 0.40555555555555556 0.5009259259259259 0.019444444444444445 0.018518518518518517
0 0.4527777777777778 0.5814814814814815 0.019444444444444445 0.018518518518518517
0 0.4888888888888889 0.5009259259259259 0.020370370370370372 0.019444444444444445
0 0.48055555555555557 0.537962962962963 0.019444444444444445 0.017592592592592594
0 0.5212962962962963 0.6305555555555555 0.018518518518518517 0.018518518518518517
0 0.5657407407407408 0.6046296296296296 0.017592592592592594 0.018518518518518517
0 0.5953703703703703 0.6305555555555555 0.018518518518518517 0.017592592592592594
0 0.5787037037037037 0.5351851851851852 0.019444444444444445 0.019444444444444445
0 0.637962962962963 0.512962962962963 0.019444444444444445 0.019444444444444445
0 0.6759259259259259 0.5583333333333333 0.020370370370370372 0.018518518518518517
0 0.6324074074074074 0.6018518518518519 0.018518518518518517 0.019444444444444445
0 0.6268518518518519 0.6212962962962963 0.019444444444444445 0.017592592592592594
0 0.6925925925925925 0.5287037037037037 0.019444444444444445 0.018518518518518517
0 0.7379629629629629 0.5472222222222223 0.018518518518518517 0.019444444444444445
0 0.7694444444444445 0.5148148148148148 0.020370370370370372 0.018518518518518517
0 0.6990740740740741 0.6314814814814815 0.019444444444444445 0.018518518518518517
0 0.7768518518518519 0.6305555555555555 0.019444444444444445 0.018518518518518517
0 0.8157407407407408 0.5592592592592592 0.019444444444444445 0.018518518518518517
0 0.8435185185185186 0.5787037037037037 0.019444444444444445 0.019444444444444445
0 0.8314814814814815 0.5305555555555556 0.019444444444444445 0.018518518518518517
0 0.8916666666666667 0.4759259259259259 0.020370370370370372 0.019444444444444445
0 0.8518518518518519 0.48055555555555557 0.019444444444444445 0.019444444444444445
0 0.850925925925926 0.45925925925925926 0.020370370370370372 0.019444444444444445
0 0.8537037037037037 0.43425925925925923 0.020370370370370372 0.019444444444444445
0 0.7888888888888889 0.3685185185185185 0.020370370370370372 0.020370370370370372
0 0.7388888888888889 0.4074074074074074 0.019444444444444445 0.019444444444444445
0 0.7018518518518518 0.40185185185185185 0.019444444444444445 0.019444444444444445
0 0.6648148148148149 0.43425925925925923 0.019444444444444445 0.019444444444444445
0 0.6259259259259259 0.37592592592592594 0.019444444444444445 0.019444444444444445
0 0.637962962962963 0.42314814814814816 0.019444444444444445 0.019444444444444445
0 0.6129629629629629 0.47962962962962963 0.020370370370370372 0.019444444444444445
0 0.6027777777777777 0.3888888888888889 0.019444444444444445 0.018518518518518517
0 0.5768518518518518 0.3851851851851852 0.019444444444444445 0.019444444444444445
0 0.5787037037037037 0.4083333333333333 0.019444444444444445 0.019444444444444445
0 0.5537037037037037 0.425 0.019444444444444445 0.018518518518518517
0 0.5351851851851852 0.44074074074074077 0.019444444444444445 0.018518518518518517
0 0.5166666666666667 0.4888888888888889 0.019444444444444445 0.019444444444444445
0 0.49537037037037035 0.4759259259259259 0.019444444444444445 0.018518518518518517
0 0.48518518518518516 0.45555555555555555 0.019444444444444445 0.019444444444444445
0 0.5120370370370371 0.45 0.019444444444444445 0.018518518518518517
0 0.5018518518518519 0.42777777777777776 0.018518518518518517 0.019444444444444445
0 0.4703703703703704 0.3962962962962963 0.019444444444444445 0.019444444444444445
0 0.4444444444444444 0.4083333333333333 0.019444444444444445 0.019444444444444445
0 0.4148148148148148 0.39814814814814814 0.019444444444444445 0.018518518518518517
0 0.2935185185185185 0.4064814814814815 0.020370370370370372 0.019444444444444445
0 0.2657407407407407 0.43796296296296294 0.020370370370370372 0.019444444444444445
0 0.25833333333333336 0.47129629629629627 0.021296296296296296 0.019444444444444445
0 0.2777777777777778 0.49166666666666664 0.019444444444444445 0.019444444444444445
0 0.13703703703703704 0.38981481481481484 0.020370370370370372 0.020370370370370372
0 0.11851851851851852 0.29814814814814816 0.020370370370370372 0.020370370370370372
0 0.22592592592592592 0.35 0.020370370370370372 0.019444444444444445
0 0.22870370370370371 0.28055555555555556 0.019444444444444445 0.020370370370370372
0 0.2712962962962963 0.3101851851851852 0.020370370370370372 0.020370370370370372
0 0.30185185185185187 0.31574074074074077 0.019444444444444445 0.020370370370370372
0 0.33055555555555555 0.3398148148148148 0.019444444444444445 0.019444444444444445
0 0.32407407407407407 0.3592592592592593 0.020370370370370372 0.018518518518518517
0 0.30648148148148147 0.36944444444444446 0.020370370370370372 0.019444444444444445
0 0.37592592592592594 0.2916666666666667 0.020370370370370372 0.019444444444444445
0 0.4185185185185185 0.29907407407407405 0.019444444444444445 0.019444444444444445
0 0.3472222222222222 0.36018518518518516 0.020370370370370372 0.020370370370370372
0 0.3685185185185185 0.35555555555555557 0.019444444444444445 0.018518518518518517
0 0.4 0.3537037037037037 0.019444444444444445 0.019444444444444445
0 0.4388888888888889 0.31574074074074077 0.020370370370370372 0.019444444444444445
0 0.48148148148148145 0.3416666666666667 0.020370370370370372 0.020370370370370372
0 0.5157407407407407 0.2861111111111111 0.019444444444444445 0.019444444444444445
0 0.5638888888888889 0.26944444444444443 0.019444444444444445 0.019444444444444445
0 0.7657407407407407 0.34074074074074073 0.019444444444444445 0.020370370370370372
0 0.8055555555555556 0.3296296296296296 0.019444444444444445 0.020370370370370372
0 0.7333333333333333 0.24537037037037038 0.019444444444444445 0.020370370370370372
0 0.7055555555555556 0.22777777777777777 0.020370370370370372 0.019444444444444445
0 0.6648148148148149 0.16944444444444445 0.020370370370370372 0.020370370370370372
0 0.6129629629629629 0.2462962962962963 0.019444444444444445 0.020370370370370372
0 0.5527777777777778 0.23333333333333334 0.019444444444444445 0.020370370370370372
0 0.5564814814814815 0.2064814814814815 0.020370370370370372 0.019444444444444445
0 0.5055555555555555 0.1925925925925926 0.019444444444444445 0.020370370370370372
0 0.5018518518518519 0.25555555555555554 0.020370370370370372 0.020370370370370372
0 0.4425925925925926 0.25462962962962965 0.019444444444444445 0.019444444444444445
0 0.42407407407407405 0.23796296296296296 0.019444444444444445 0.020370370370370372
0 0.4666666666666667 0.20925925925925926 0.020370370370370372 0.020370370370370372
0 0.4444444444444444 0.18425925925925926 0.020370370370370372 0.020370370370370372
0 0.41944444444444445 0.14074074074074075 0.020370370370370372 0.021296296296296296
0 0.37407407407407406 0.17962962962962964 0.019444444444444445 0.020370370370370372
0 0.2972222222222222 0.175 0.020370370370370372 0.020370370370370372
0 0.20833333333333334 0.22962962962962963 0.021296296296296296 0.020370370370370372
0 0.1037037037037037 0.23055555555555557 0.021296296296296296 0.020370370370370372
0 0.17222222222222222 0.18611111111111112 0.021296296296296296 0.020370370370370372
0 0.14814814814814814 0.1527777777777778 0.021296296296296296 0.020370370370370372
0 0.24722222222222223 0.08611111111111111 0.020370370370370372 0.020370370370370372
0 0.29259259259259257 0.06018518518518518 0.021296296296296296 0.021296296296296296
0 0.31203703703703706 0.09537037037037037 0.020370370370370372 0.020370370370370372
0 0.30925925925925923 0.11851851851851852 0.020370370370370372 0.020370370370370372
0 0.34074074074074073 0.1037037037037037 0.020370370370370372 0.020370370370370372
0 0.35462962962962963 0.12777777777777777 0.020370370370370372 0.021296296296296296
0 0.3824074074074074 0.03148148148148148 0.020370370370370372 0.020370370370370372
2 0.6166666666666667 0.28703703703703703 0.020370370370370372 0.021296296296296296
0 0.43703703703703706 0.06666666666666667 0.020370370370370372 0.021296296296296296
0 0.43425925925925923 0.12314814814814815 0.020370370370370372 0.021296296296296296
0 0.5157407407407407 0.08703703703703704 0.020370370370370372 0.020370370370370372
0 0.5472222222222223 0.125 0.020370370370370372 0.020370370370370372
0 0.5703703703703704 0.11296296296296296 0.020370370370370372 0.020370370370370372
3 0.8009259259259259 0.6509259259259259 0.026851851851851852 0.025
3 0.7546296296296297 0.6425925925925926 0.025925925925925925 0.024074074074074074
3 0.7092592592592593 0.6981481481481482 0.025 0.024074074074074074
3 0.6796296296296296 0.7 0.025 0.025
3 0.6472222222222223 0.6888888888888889 0.025925925925925925 0.024074074074074074
3 0.6462962962962963 0.7425925925925926 0.025925925925925925 0.025
3 0.6731481481481482 0.7620370370370371 0.025925925925925925 0.025
3 0.6138888888888889 0.7888888888888889 0.025 0.025
3 0.6138888888888889 0.7527777777777778 0.025 0.024074074074074074
3 0.5768518518518518 0.75 0.025925925925925925 0.024074074074074074
3 0.5481481481481482 0.6925925925925925 0.025925925925925925 0.024074074074074074
3 0.4703703703703704 0.7379629629629629 0.025 0.025
3 0.46944444444444444 0.6851851851851852 0.025 0.025
3 0.3277777777777778 0.6537037037037037 0.026851851851851852 0.025
3 0.37037037037037035 0.649074074074074 0.025 0.024074074074074074
3 0.32314814814814813 0.6185185185185185 0.025 0.025
3 0.29259259259259257 0.5740740740740741 0.026851851851851852 0.026851851851851852
3 0.21944444444444444 0.549074074074074 0.026851851851851852 0.025
3 0.2962962962962963 0.5212962962962963 0.026851851851851852 0.025
3 0.2564814814814815 0.5074074074074074 0.026851851851851852 0.025
3 0.3768518518518518 0.5157407407407407 0.026851851851851852 0.025
3 0.4305555555555556 0.5518518518518518 0.026851851851851852 0.026851851851851852
3 0.42592592592592593 0.4888888888888889 0.026851851851851852 0.026851851851851852
3 0.5120370370370371 0.5222222222222223 0.025 0.025
3 0.5277777777777778 0.562962962962963 0.026851851851851852 0.025
3 0.5083333333333333 0.5879629629629629 0.026851851851851852 0.025925925925925925
3 0.5574074074074075 0.5537037037037037 0.025925925925925925 0.025
3 0.6018518518518519 0.524074074074074 0.026851851851851852 0.025
3 0.6342592592592593 0.537962962962963 0.026851851851851852 0.025
3 0.6574074074074074 0.612037037037037 0.025 0.025
3 0.7064814814814815 0.5916666666666667 0.025 0.025
3 0.7268518518518519 0.5722222222222222 0.025 0.025
3 0.7435185185185185 0.6046296296296296 0.025 0.025
3 0.7833333333333333 0.6055555555555555 0.025925925925925925 0.025
3 0.8916666666666667 0.5259259259259259 0.026851851851851852 0.025
3 0.8324074074074074 0.41388888888888886 0.026851851851851852 0.025925925925925925
3 0.7185185185185186 0.4324074074074074 0.026851851851851852 0.026851851851851852
3 0.6898148148148148 0.45185185185185184 0.026851851851851852 0.026851851851851852
3 0.6462962962962963 0.462037037037037 0.026851851851851852 0.025925925925925925
3 0.7314814814814815 0.3768518518518518 0.026851851851851852 0.026851851851851852
3 0.6842592592592592 0.37407407407407406 0.026851851851851852 0.025925925925925925
3 0.6148148148148148 0.412962962962963 0.026851851851851852 0.026851851851851852
3 0.5861111111111111 0.47962962962962963 0.026851851851851852 0.026851851851851852
3 0.5583333333333333 0.4583333333333333 0.025925925925925925 0.025
3 0.5259259259259259 0.412962962962963 0.026851851851851852 0.025925925925925925
3 0.4740740740740741 0.42314814814814816 0.025925925925925925 0.025925925925925925
3 0.4527777777777778 0.45 0.025925925925925925 0.026851851851851852
3 0.42685185185185187 0.425 0.025925925925925925 0.025
3 0.4009259259259259 0.4648148148148148 0.026851851851851852 0.025
3 0.49722222222222223 0.3648148148148148 0.026851851851851852 0.026851851851851852
3 0.4685185185185185 0.3685185185185185 0.026851851851851852 0.025925925925925925
3 0.36944444444444446 0.42685185185185187 0.026851851851851852 0.025
3 0.3574074074074074 0.3990740740740741 0.026851851851851852 0.026851851851851852
1 0.30185185185185187 0.48148148148148145 0.023148148148148147 0.023148148148148147
3 0.2833333333333333 0.45925925925925926 0.026851851851851852 0.026851851851851852
3 0.23055555555555557 0.48055555555555557 0.026851851851851852 0.025925925925925925
3 0.24166666666666667 0.4425925925925926 0.026851851851851852 0.026851851851851852
3 0.2564814814814815 0.38981481481481484 0.027777777777777776 0.025
3 0.25 0.3611111111111111 0.026851851851851852 0.026851851851851852
3 0.22870370370370371 0.40555555555555556 0.026851851851851852 0.025
3 0.19814814814814816 0.4666666666666667 0.026851851851851852 0.026851851851851852
1 0.14444444444444443 0.4212962962962963 0.024074074074074074 0.022222222222222223
0 0.12777777777777777 0.36203703703703705 0.020370370370370372 0.019444444444444445
1 0.1537037037037037 0.35648148148148145 0.024074074074074074 0.023148148148148147
3 0.08055555555555556 0.30833333333333335 0.026851851851851852 0.027777777777777776
3 0.19722222222222222 0.33611111111111114 0.026851851851851852 0.026851851851851852
3 0.22407407407407406 0.30925925925925923 0.027777777777777776 0.026851851851851852
3 0.25555555555555554 0.3277777777777778 0.027777777777777776 0.026851851851851852
3 0.09537037037037037 0.2657407407407407 0.027777777777777776 0.027777777777777776
3 0.13240740740740742 0.26944444444444443 0.027777777777777776 0.026851851851851852
3 0.13518518518518519 0.23148148148148148 0.027777777777777776 0.027777777777777776
3 0.2064814814814815 0.2574074074074074 0.027777777777777776 0.027777777777777776
3 0.25833333333333336 0.28888888888888886 0.027777777777777776 0.026851851851851852
3 0.30092592592592593 0.28703703703703703 0.026851851851851852 0.026851851851851852
3 0.2675925925925926 0.23703703703703705 0.027777777777777776 0.027777777777777776
1 0.225 0.20833333333333334 0.024074074074074074 0.024074074074074074
3 0.33425925925925926 0.2574074074074074 0.026851851851851852 0.026851851851851852
3 0.3638888888888889 0.2675925925925926 0.026851851851851852 0.026851851851851852
3 0.39814814814814814 0.25092592592592594 0.026851851851851852 0.026851851851851852
3 0.37592592592592594 0.3333333333333333 0.026851851851851852 0.026851851851851852
3 0.4166666666666667 0.33240740740740743 0.026851851851851852 0.026851851851851852
3 0.4425925925925926 0.3453703703703704 0.027777777777777776 0.026851851851851852
3 0.4648148148148148 0.31574074074074077 0.025925925925925925 0.026851851851851852
3 0.4425925925925926 0.2851851851851852 0.026851851851851852 0.026851851851851852
3 0.5296296296296297 0.2518518518518518 0.025925925925925925 0.027777777777777776
3 0.5462962962962963 0.30092592592592593 0.026851851851851852 0.026851851851851852
3 0.5342592592592592 0.33611111111111114 0.025925925925925925 0.026851851851851852
3 0.5805555555555556 0.24074074074074073 0.026851851851851852 0.027777777777777776
3 0.575925925925926 0.3055555555555556 0.026851851851851852 0.026851851851851852
3 0.5898148148148148 0.35462962962962963 0.026851851851851852 0.026851851851851852
3 0.6046296296296296 0.3277777777777778 0.026851851851851852 0.027777777777777776
3 0.6638888888888889 0.27870370370370373 0.026851851851851852 0.026851851851851852
3 0.6990740740740741 0.2712962962962963 0.026851851851851852 0.026851851851851852
3 0.7101851851851851 0.3101851851851852 0.026851851851851852 0.026851851851851852
3 0.7407407407407407 0.3388888888888889 0.026851851851851852 0.025925925925925925
3 0.7055555555555556 0.18333333333333332 0.027777777777777776 0.027777777777777776
3 0.6055555555555555 0.12314814814814815 0.027777777777777776 0.027777777777777776
3 0.5777777777777777 0.1527777777777778 0.026851851851851852 0.027777777777777776
3 0.6111111111111112 0.18981481481481483 0.026851851851851852 0.027777777777777776
3 0.5546296296296296 0.08888888888888889 0.027777777777777776 0.028703703703703703
3 0.4638888888888889 0.1175925925925926 0.026851851851851852 0.027777777777777776
3 0.4462962962962963 0.1527777777777778 0.027777777777777776 0.027777777777777776
3 0.47314814814814815 0.18055555555555555 0.027777777777777776 0.027777777777777776
3 0.36018518518518516 0.15833333333333333 0.026851851851851852 0.028703703703703703
3 0.30925925925925923 0.14629629629629629 0.027777777777777776 0.027777777777777776
1 0.2861111111111111 0.09166666666666666 0.024074074074074074 0.024074074074074074
3 0.25462962962962965 0.19444444444444445 0.026851851851851852 0.027777777777777776
3 0.24444444444444444 0.1361111111111111 0.027777777777777776 0.02962962962962963
3 0.21666666666666667 0.10833333333333334 0.027777777777777776 0.027777777777777776
1 0.14537037037037037 0.18703703703703703 0.025 0.025
3 0.4398148148148148 0.03518518518518519 0.027777777777777776 0.028703703703703703
3 0.4722222222222222 0.06944444444444445 0.028703703703703703 0.027777777777777776
3 0.3148148148148148 0.040740740740740744 0.027777777777777776 0.028703703703703703
1 0.3574074074074074 0.04351851851851852 0.024074074074074074 0.025
1 0.44537037037037036 0.6601851851851852 0.023148148148148147 0.021296296296296296
1 0.37962962962962965 0.7027777777777777 0.022222222222222223 0.021296296296296296
1 0.6185185185185185 0.5583333333333333 0.022222222222222223 0.021296296296296296
1 0.6518518518518519 0.3814814814814815 0.023148148148148147 0.022222222222222223
1 0.6416666666666667 0.2 0.023148148148148147 0.024074074074074074
1 0.3925925925925926 0.4046296296296296 0.024074074074074074 0.025925925925925925
2 0.8611111111111112 0.3731481481481482 0.023148148148148147 0.020370370370370372
2 0.8416666666666667 0.38981481481481484 0.024074074074074074 0.022222222222222223
2 0.8231481481481482 0.37037037037037035 0.021296296296296296 0.021296296296296296
1 0.47129629629629627 0.4740740740740741 0.025 0.023148148148148147