2 0.5333333333333333 0.31574074074074077 0.019444444444444445 0.017592592592592594
2 0.5518518518518518 0.33611111111111114 0.018518518518518517 0.018518518518518517
2 0.5342592592592592 0.3768518518518518 0.018518518518518517 0.019444444444444445
2 0.5203703703703704 0.39166666666666666 0.019444444444444445 0.019444444444444445
2 0.5333333333333333 0.42685185185185187 0.019444444444444445 0.017592592592592594
2 0.5583333333333333 0.38425925925925924 0.018518518518518517 0.018518518518518517
2 0.5527777777777778 0.44166666666666665 0.017592592592592594 0.018518518518518517
2 0.524074074074074 0.5009259259259259 0.018518518518518517 0.018518518518518517
2 0.5222222222222223 0.5287037037037037 0.018518518518518517 0.018518518518518517
2 0.5398148148148149 0.5185185185185185 0.018518518518518517 0.016666666666666666
2 0.5509259259259259 0.5546296296296296 0.019444444444444445 0.017592592592592594
2 0.5305555555555556 0.5916666666666667 0.018518518518518517 0.018518518518518517
2 0.5324074074074074 0.6129629629629629 0.017592592592592594 0.018518518518518517
2 0.5324074074074074 0.6351851851851852 0.018518518518518517 0.018518518518518517
2 0.5305555555555556 0.6620370370370371 0.018518518518518517 0.018518518518518517
2 0.5703703703703704 0.7425925925925926 0.019444444444444445 0.018518518518518517
2 0.5916666666666667 0.7240740740740741 0.018518518518518517 0.019444444444444445
2 0.6129629629629629 0.7444444444444445 0.018518518518518517 0.018518518518518517
2 0.5879629629629629 0.6787037037037037 0.018518518518518517 0.018518518518518517
2 0.5722222222222222 0.6611111111111111 0.019444444444444445 0.019444444444444445
2 0.5805555555555556 0.6370370370370371 0.016666666666666666 0.018518518518518517
2 0.5537037037037037 0.6083333333333333 0.019444444444444445 0.016666666666666666
2 0.5648148148148148 0.5694444444444444 0.019444444444444445 0.018518518518518517
2 0.5648148148148148 0.487962962962963 0.017592592592592594 0.017592592592592594
2 0.5796296296296296 0.4462962962962963 0.019444444444444445 0.016666666666666666
2 0.5796296296296296 0.4101851851851852 0.019444444444444445 0.019444444444444445
2 0.5842592592592593 0.3074074074074074 0.018518518518518517 0.018518518518518517
2 0.6129629629629629 0.31203703703703706 0.019444444444444445 0.018518518518518517
2 0.637962962962963 0.3314814814814815 0.018518518518518517 0.020370370370370372
2 0.6601851851851852 0.3490740740740741 0.019444444444444445 0.018518518518518517
2 0.6481481481481481 0.4074074074074074 0.018518518518518517 0.018518518518518517
2 0.6055555555555555 0.4203703703703704 0.019444444444444445 0.018518518518518517
2 0.6564814814814814 0.4388888888888889 0.019444444444444445 0.019444444444444445
2 0.6805555555555556 0.4425925925925926 0.018518518518518517 0.018518518518518517
2 0.6768518518518518 0.4935185185185185 0.018518518518518517 0.019444444444444445
2 0.6601851851851852 0.4685185185185185 0.018518518518518517 0.019444444444444445
2 0.6342592592592593 0.4546296296296296 0.018518518518518517 0.018518518518518517
2 0.6518518518518519 0.5185185185185185 0.018518518518518517 0.018518518518518517
2 0.6787037037037037 0.5231481481481481 0.018518518518518517 0.018518518518518517
2 0.6564814814814814 0.5407407407407407 0.016666666666666666 0.018518518518518517
2 0.6101851851851852 0.5509259259259259 0.019444444444444445 0.019444444444444445
2 0.5805555555555556 0.5453703703703704 0.019444444444444445 0.018518518518518517
2 0.6064814814814815 0.6305555555555555 0.019444444444444445 0.018518518518518517
2 0.6268518518518519 0.6527777777777778 0.018518518518518517 0.018518518518518517
2 0.6435185185185185 0.7037037037037037 0.018518518518518517 0.017592592592592594
2 0.65 0.6666666666666666 0.019444444444444445 0.017592592592592594
2 0.6601851851851852 0.6435185185185185 0.018518518518518517 0.018518518518518517
2 0.6462962962962963 0.600925925925926 0.018518518518518517 0.017592592592592594
2 0.6675925925925926 0.5824074074074074 0.019444444444444445 0.018518518518518517
2 0.7287037037037037 0.49074074074074076 0.019444444444444445 0.019444444444444445
2 0.75 0.575925925925926 0.018518518518518517 0.019444444444444445
2 0.7157407407407408 0.6074074074074074 0.018518518518518517 0.017592592592592594
1 0.25092592592592594 0.44814814814814813 0.021296296296296296 0.020370370370370372
1 0.2212962962962963 0.4546296296296296 0.024074074074074074 0.023148148148148147
1 0.2037037037037037 0.4759259259259259 0.021296296296296296 0.020370370370370372
1 0.22962962962962963 0.5101851851851852 0.020370370370370372 0.021296296296296296
1 0.24814814814814815 0.5685185185185185 0.021296296296296296 0.020370370370370372
1 0.262037037037037 0.6064814814814815 0.021296296296296296 0.020370370370370372
1 0.25833333333333336 0.5120370370370371 0.021296296296296296 0.021296296296296296
1 0.3490740740740741 0.33611111111111114 0.021296296296296296 0.020370370370370372
1 0.38055555555555554 0.4925925925925926 0.021296296296296296 0.020370370370370372
1 0.37037037037037035 0.6537037037037037 0.021296296296296296 0.020370370370370372
1 0.3962962962962963 0.6481481481481481 0.021296296296296296 0.020370370370370372
1 0.41759259259259257 0.5703703703703704 0.020370370370370372 0.020370370370370372
1 0.47129629629629627 0.31851851851851853 0.022222222222222223 0.020370370370370372
1 0.5009259259259259 0.31574074074074077 0.021296296296296296 0.020370370370370372
1 0.46111111111111114 0.4583333333333333 0.021296296296296296 0.020370370370370372
1 0.4981481481481482 0.45 0.020370370370370372 0.020370370370370372
1 0.5018518518518519 0.3787037037037037 0.021296296296296296 0.020370370370370372
1 0.5370370370370371 0.35648148148148145 0.021296296296296296 0.020370370370370372
1 0.5296296296296297 0.45185185185185184 0.021296296296296296 0.020370370370370372
1 0.43703703703703706 0.5981481481481481 0.020370370370370372 0.021296296296296296
1 0.49444444444444446 0.6 0.020370370370370372 0.020370370370370372
1 0.47314814814814815 0.6814814814814815 0.020370370370370372 0.020370370370370372
1 0.4981481481481482 0.6833333333333333 0.020370370370370372 0.020370370370370372
1 0.5268518518518519 0.7138888888888889 0.021296296296296296 0.020370370370370372
1 0.5601851851851852 0.40370370370370373 0.020370370370370372 0.020370370370370372
1 0.5398148148148149 0.3990740740740741 0.020370370370370372 0.019444444444444445
1 0.5537037037037037 0.3074074074074074 0.021296296296296296 0.020370370370370372
1 0.5768518518518518 0.2833333333333333 0.021296296296296296 0.021296296296296296
1 0.5824074074074074 0.47685185185185186 0.021296296296296296 0.021296296296296296
1 0.575925925925926 0.5981481481481481 0.020370370370370372 0.020370370370370372
1 0.6222222222222222 0.7111111111111111 0.020370370370370372 0.021296296296296296
1 0.674074074074074 0.40555555555555556 0.021296296296296296 0.020370370370370372
1 0.7018518518518518 0.4981481481481482 0.021296296296296296 0.020370370370370372
1 0.675 0.5518518518518518 0.020370370370370372 0.019444444444444445
0 0.20555555555555555 0.42962962962962964 0.017592592592592594 0.017592592592592594
0 0.26296296296296295 0.4111111111111111 0.017592592592592594 0.017592592592592594
0 0.28425925925925927 0.3592592592592593 0.018518518518518517 0.017592592592592594
0 0.23796296296296296 0.4009259259259259 0.017592592592592594 0.017592592592592594
0 0.2740740740740741 0.4527777777777778 0.018518518518518517 0.017592592592592594
0 0.31666666666666665 0.42407407407407405 0.018518518518518517 0.017592592592592594
0 0.33796296296296297 0.40925925925925927 0.017592592592592594 0.017592592592592594
0 0.28703703703703703 0.5657407407407408 0.017592592592592594 0.018518518518518517
0 0.325 0.6787037037037037 0.017592592592592594 0.016666666666666666
0 0.3453703703703704 0.6685185185185185 0.017592592592592594 0.016666666666666666
0 0.337037037037037 0.6 0.017592592592592594 0.017592592592592594
0 0.3398148148148148 0.5777777777777777 0.016666666666666666 0.01574074074074074
0 0.33055555555555555 0.5462962962962963 0.016666666666666666 0.017592592592592594
0 0.37222222222222223 0.5324074074074074 0.017592592592592594 0.016666666666666666
0 0.3851851851851852 0.5583333333333333 0.018518518518518517 0.017592592592592594
0 0.3851851851851852 0.4083333333333333 0.017592592592592594 0.017592592592592594
0 0.35555555555555557 0.3962962962962963 0.016666666666666666 0.017592592592592594
0 0.37222222222222223 0.35185185185185186 0.017592592592592594 0.016666666666666666
0 0.39814814814814814 0.34074074074074073 0.018518518518518517 0.017592592592592594
0 0.3768518518518518 0.38796296296296295 0.018518518518518517 0.016666666666666666
0 0.3907407407407407 0.3648148148148148 0.018518518518518517 0.01574074074074074
0 0.4009259259259259 0.38333333333333336 0.017592592592592594 0.01574074074074074
0 0.4351851851851852 0.42592592592592593 0.018518518518518517 0.016666666666666666
0 0.41388888888888886 0.4361111111111111 0.017592592592592594 0.017592592592592594
0 0.4027777777777778 0.48518518518518516 0.018518518518518517 0.017592592592592594
0 0.44351851851851853 0.5083333333333333 0.018518518518518517 0.017592592592592594
0 0.43703703703703706 0.5592592592592592 0.017592592592592594 0.016666666666666666
0 0.41574074074074074 0.5981481481481481 0.018518518518518517 0.016666666666666666
0 0.3814814814814815 0.612037037037037 0.016666666666666666 0.018518518518518517
0 0.3712962962962963 0.7 0.017592592592592594 0.017592592592592594
1 0.41574074074074074 0.3592592592592593 0.021296296296296296 0.019444444444444445
0 0.40555555555555556 0.3074074074074074 0.017592592592592594 0.017592592592592594
0 0.4583333333333333 0.337037037037037 0.018518518518518517 0.017592592592592594
0 0.47129629629629627 0.35 0.017592592592592594 0.016666666666666666
1 0.4824074074074074 0.42962962962962964 0.021296296296296296 0.020370370370370372
0 0.46296296296296297 0.4351851851851852 0.01574074074074074 0.016666666666666666
0 0.475 0.4740740740740741 0.017592592592592594 0.016666666666666666
0 0.5037037037037037 0.4722222222222222 0.017592592592592594 0.017592592592592594
0 0.5212962962962963 0.4685185185185185 0.017592592592592594 0.017592592592592594
0 0.5351851851851852 0.4861111111111111 0.017592592592592594 0.016666666666666666
0 0.5416666666666666 0.4703703703703704 0.017592592592592594 0.016666666666666666
0 0.5574074074074075 0.46111111111111114 0.017592592592592594 0.01574074074074074
0 0.5601851851851852 0.5083333333333333 0.017592592592592594 0.016666666666666666
0 0.5694444444444444 0.42777777777777776 0.017592592592592594 0.016666666666666666
0 0.5861111111111111 0.3509259259259259 0.018518518518518517 0.017592592592592594
0 0.49444444444444446 0.5277777777777778 0.017592592592592594 0.016666666666666666
0 0.45555555555555555 0.5527777777777778 0.016666666666666666 0.016666666666666666
0 0.4527777777777778 0.5740740740740741 0.016666666666666666 0.016666666666666666
0 0.4935185185185185 0.6240740740740741 0.017592592592592594 0.01574074074074074
0 0.45555555555555555 0.6555555555555556 0.017592592592592594 0.017592592592592594
0 0.44166666666666665 0.6703703703703704 0.017592592592592594 0.017592592592592594
0 0.4398148148148148 0.7157407407407408 0.017592592592592594 0.017592592592592594
0 0.5203703703703704 0.7546296296296297 0.017592592592592594 0.016666666666666666
0 0.5212962962962963 0.6861111111111111 0.016666666666666666 0.017592592592592594
0 0.5101851851851852 0.6666666666666666 0.017592592592592594 0.017592592592592594
0 0.5453703703703704 0.6925925925925925 0.017592592592592594 0.017592592592592594
0 0.549074074074074 0.674074074074074 0.017592592592592594 0.016666666666666666
0 0.5611111111111111 0.7203703703703703 0.016666666666666666 0.016666666666666666
0 0.6 0.7 0.016666666666666666 0.01574074074074074
0 0.6851851851851852 0.6453703703703704 0.017592592592592594 0.016666666666666666
0 0.6657407407407407 0.6175925925925926 0.018518518518518517 0.016666666666666666
0 0.637962962962963 0.5805555555555556 0.017592592592592594 0.01574074074074074
0 0.5861111111111111 0.512962962962963 0.017592592592592594 0.016666666666666666
0 0.5601851851851852 0.6268518518518519 0.017592592592592594 0.017592592592592594
0 0.6222222222222222 0.537962962962963 0.017592592592592594 0.01574074074074074
0 0.6268518518518519 0.4787037037037037 0.017592592592592594 0.017592592592592594
0 0.5953703703703703 0.4 0.018518518518518517 0.017592592592592594
0 0.6027777777777777 0.37037037037037035 0.017592592592592594 0.017592592592592594
0 0.7277777777777777 0.44814814814814813 0.017592592592592594 0.018518518518518517
0 0.7166666666666667 0.5231481481481481 0.017592592592592594 0.017592592592592594
0 0.7268518518518519 0.5805555555555556 0.017592592592592594 0.017592592592592594
3 0.75 0.5138888888888888 0.023148148148148147 0.024074074074074074
3 0.7037037037037037 0.5481481481481482 0.024074074074074074 0.022222222222222223
3 0.7351851851851852 0.5509259259259259 0.024074074074074074 0.022222222222222223
3 0.7 0.5787037037037037 0.023148148148148147 0.023148148148148147
1 0.6898148148148148 0.6166666666666667 0.021296296296296296 0.019444444444444445
1 0.7083333333333334 0.42592592592592593 0.021296296296296296 0.019444444444444445
0 0.712037037037037 0.4685185185185185 0.018518518518518517 0.017592592592592594
3 0.6259259259259259 0.6814814814814815 0.023148148148148147 0.023148148148148147
3 0.6305555555555555 0.625 0.024074074074074074 0.023148148148148147
1 0.6222222222222222 0.5990740740740741 0.021296296296296296 0.020370370370370372
1 0.6787037037037037 0.6759259259259259 0.020370370370370372 0.020370370370370372
3 0.6398148148148148 0.5583333333333333 0.023148148148148147 0.023148148148148147
3 0.6268518518518519 0.512962962962963 0.023148148148148147 0.022222222222222223
3 0.6509259259259259 0.49074074074074076 0.024074074074074074 0.024074074074074074
3 0.6268518518518519 0.4287037037037037 0.024074074074074074 0.024074074074074074
3 0.6555555555555556 0.375 0.025 0.023148148148148147
3 0.6166666666666667 0.39537037037037037 0.024074074074074074 0.023148148148148147
3 0.6277777777777778 0.36203703703703705 0.025 0.024074074074074074
3 0.6064814814814815 0.337037037037037 0.024074074074074074 0.024074074074074074
3 0.5694444444444444 0.32407407407407407 0.024074074074074074 0.024074074074074074
1 0.5648148148148148 0.36018518518518516 0.020370370370370372 0.021296296296296296
3 0.5805555555555556 0.3814814814814815 0.024074074074074074 0.023148148148148147
3 0.600925925925926 0.4425925925925926 0.024074074074074074 0.024074074074074074
3 0.6064814814814815 0.4685185185185185 0.024074074074074074 0.023148148148148147
3 0.6 0.49722222222222223 0.023148148148148147 0.022222222222222223
3 0.5962962962962963 0.5305555555555556 0.023148148148148147 0.023148148148148147
3 0.587037037037037 0.575 0.023148148148148147 0.023148148148148147
3 0.5972222222222222 0.6101851851851852 0.024074074074074074 0.024074074074074074
3 0.6037037037037037 0.6583333333333333 0.023148148148148147 0.023148148148148147
1 0.5666666666666667 0.6953703703703704 0.020370370370370372 0.019444444444444445
3 0.5416666666666666 0.737037037037037 0.023148148148148147 0.024074074074074074
1 0.5055555555555555 0.7342592592592593 0.020370370370370372 0.021296296296296296
3 0.55 0.65 0.023148148148148147 0.022222222222222223
3 0.5305555555555556 0.5574074074074075 0.023148148148148147 0.022222222222222223
3 0.5064814814814815 0.6407407407407407 0.023148148148148147 0.022222222222222223
3 0.5055555555555555 0.5481481481481482 0.023148148148148147 0.023148148148148147
3 0.4962962962962963 0.4925925925925926 0.023148148148148147 0.021296296296296296
3 0.5138888888888888 0.43425925925925923 0.023148148148148147 0.024074074074074074
3 0.5037037037037037 0.40925925925925927 0.025 0.024074074074074074
3 0.5601851851851852 0.5324074074074074 0.023148148148148147 0.023148148148148147
1 0.5101851851851852 0.3592592592592593 0.021296296296296296 0.020370370370370372
3 0.4925925925925926 0.33611111111111114 0.023148148148148147 0.023148148148148147
3 0.4787037037037037 0.3712962962962963 0.023148148148148147 0.023148148148148147
3 0.45185185185185184 0.4101851851851852 0.024074074074074074 0.024074074074074074
3 0.4287037037037037 0.387037037037037 0.024074074074074074 0.024074074074074074
3 0.43796296296296294 0.35462962962962963 0.023148148148148147 0.025
3 0.3768518518518518 0.3212962962962963 0.023148148148148147 0.023148148148148147
3 0.4101851851851852 0.41203703703703703 0.023148148148148147 0.024074074074074074
3 0.43703703703703706 0.48055555555555557 0.023148148148148147 0.023148148148148147
3 0.4148148148148148 0.4601851851851852 0.024074074074074074 0.023148148148148147
3 0.3888888888888889 0.4638888888888889 0.024074074074074074 0.023148148148148147
3 0.3638888888888889 0.4212962962962963 0.023148148148148147 0.023148148148148147
3 0.3351851851851852 0.37962962962962965 0.023148148148148147 0.023148148148148147
3 0.35648148148148145 0.4888888888888889 0.024074074074074074 0.023148148148148147
3 0.34629629629629627 0.5185185185185185 0.023148148148148147 0.024074074074074074
3 0.41759259259259257 0.5074074074074074 0.024074074074074074 0.023148148148148147
3 0.4601851851851852 0.4925925925925926 0.025 0.023148148148148147
3 0.45740740740740743 0.524074074074074 0.023148148148148147 0.023148148148148147
3 0.4740740740740741 0.5611111111111111 0.024074074074074074 0.024074074074074074
3 0.40925925925925927 0.6231481481481481 0.023148148148148147 0.023148148148148147
0 0.43425925925925923 0.6194444444444445 0.016666666666666666 0.016666666666666666
3 0.4324074074074074 0.6453703703703704 0.023148148148148147 0.024074074074074074
3 0.4166666666666667 0.675 0.024074074074074074 0.024074074074074074
3 0.4101851851851852 0.7138888888888889 0.023148148148148147 0.023148148148148147
3 0.43703703703703706 0.7416666666666667 0.023148148148148147 0.023148148148148147
3 0.3388888888888889 0.6990740740740741 0.024074074074074074 0.023148148148148147
3 0.3435185185185185 0.6277777777777778 0.024074074074074074 0.023148148148148147
3 0.31851851851851853 0.6453703703703704 0.023148148148148147 0.023148148148148147
3 0.29444444444444445 0.6694444444444444 0.023148148148148147 0.023148148148148147
3 0.2898148148148148 0.6148148148148148 0.025 0.023148148148148147
3 0.36018518518518516 0.562037037037037 0.023148148148148147 0.024074074074074074
3 0.31574074074074077 0.5712962962962963 0.023148148148148147 0.024074074074074074
3 0.3194444444444444 0.5157407407407407 0.023148148148148147 0.023148148148148147
3 0.2935185185185185 0.49537037037037035 0.024074074074074074 0.024074074074074074
3 0.30833333333333335 0.47314814814814815 0.024074074074074074 0.023148148148148147
1 0.2351851851851852 0.5962962962962963 0.021296296296296296 0.021296296296296296
3 0.24166666666666667 0.537962962962963 0.025 0.023148148148148147
0 0.2962962962962963 0.44166666666666665 0.018518518518518517 0.017592592592592594
3 0.28425925925925927 0.4203703703703704 0.025 0.024074074074074074
3 0.30925925925925923 0.3592592592592593 0.025 0.023148148148148147
3 0.25462962962962965 0.37407407407407406 0.024074074074074074 0.022222222222222223
1 0.5231481481481481 0.3333333333333333 0.021296296296296296 0.021296296296296296
1 0.4777777777777778 0.5138888888888888 0.021296296296296296 0.020370370370370372
1 0.47685185185185186 0.5361111111111111 0.020370370370370372 0.020370370370370372
3 0.45185185185185184 0.2972222222222222 0.024074074074074074 0.023148148148148147
1 0.6898148148148148 0.47129629629629627 0.020370370370370372 0.020370370370370372
1 0.5481481481481482 0.5805555555555556 0.020370370370370372 0.020370370370370372
1 0.512962962962963 0.6101851851851852 0.020370370370370372 0.020370370370370372
1 0.5166666666666667 0.575925925925926 0.019444444444444445 0.019444444444444445
1 0.4759259259259259 0.40370370370370373 0.020370370370370372 0.020370370370370372
1 0.4601851851851852 0.5990740740740741 0.020370370370370372 0.020370370370370372
0 0.31851851851851853 0.44537037037037036 0.017592592592592594 0.017592592592592594
1 0.6129629629629629 0.575 0.021296296296296296 0.020370370370370372
2 0.29259259259259257 0.3824074074074074 0.018518518518518517 0.018518518518518517
2 0.2824074074074074 0.4740740740740741 0.019444444444444445 0.017592592592592594
2 0.26296296296296295 0.4861111111111111 0.017592592592592594 0.017592592592592594
2 0.2833333333333333 0.5305555555555556 0.019444444444444445 0.017592592592592594
2 0.2675925925925926 0.5453703703703704 0.018518518518518517 0.019444444444444445
2 0.2722222222222222 0.5805555555555556 0.019444444444444445 0.017592592592592594
2 0.30185185185185187 0.549074074074074 0.017592592592592594 0.017592592592592594
2 0.2953703703703704 0.5898148148148148 0.017592592592592594 0.018518518518518517
2 0.28425925925925927 0.6435185185185185 0.018518518518518517 0.017592592592592594
2 0.3037037037037037 0.700925925925926 0.019444444444444445 0.019444444444444445
2 0.31574074074074077 0.6083333333333333 0.017592592592592594 0.018518518518518517
2 0.3296296296296296 0.48148148148148145 0.018518518518518517 0.018518518518518517
2 0.33611111111111114 0.45555555555555555 0.018518518518518517 0.018518518518518517
2 0.34074074074074073 0.4324074074074074 0.018518518518518517 0.017592592592592594
2 0.3148148148148148 0.4 0.019444444444444445 0.018518518518518517
2 0.3527777777777778 0.3592592592592593 0.018518518518518517 0.017592592592592594
2 0.3148148148148148 0.33240740740740743 0.018518518518518517 0.017592592592592594
2 0.3490740740740741 0.3111111111111111 0.019444444444444445 0.018518518518518517
2 0.39166666666666666 0.29259259259259257 0.018518518518518517 0.018518518518518517
2 0.3888888888888889 0.4324074074074074 0.018518518518518517 0.017592592592592594
2 0.3712962962962963 0.44814814814814813 0.019444444444444445 0.018518518518518517
2 0.2361111111111111 0.4287037037037037 0.019444444444444445 0.018518518518518517
2 0.3925925925925926 0.5148148148148148 0.018518518518518517 0.018518518518518517
2 0.4111111111111111 0.5342592592592592 0.018518518518518517 0.017592592592592594
2 0.38796296296296295 0.5907407407407408 0.019444444444444445 0.018518518518518517
2 0.27685185185185185 0.3962962962962963 0.019444444444444445 0.018518518518518517
2 0.3592592592592593 0.6046296296296296 0.018518518518518517 0.018518518518518517
2 0.37222222222222223 0.6277777777777778 0.018518518518518517 0.018518518518518517
2 0.3675925925925926 0.6805555555555556 0.017592592592592594 0.017592592592592594
2 0.39166666666666666 0.6787037037037037 0.019444444444444445 0.017592592592592594
2 0.4648148148148148 0.7314814814814815 0.017592592592592594 0.018518518518518517
2 0.48055555555555557 0.7175925925925926 0.018518518518518517 0.018518518518518517
2 0.4648148148148148 0.7018518518518518 0.018518518518518517 0.016666666666666666
2 0.4425925925925926 0.6898148148148148 0.018518518518518517 0.017592592592592594
2 0.48148148148148145 0.6537037037037037 0.018518518518518517 0.018518518518518517
2 0.4740740740740741 0.6222222222222222 0.018518518518518517 0.017592592592592594
2 0.45185185185185184 0.6324074074074074 0.018518518518518517 0.016666666666666666
2 0.4787037037037037 0.5861111111111111 0.019444444444444445 0.017592592592592594
2 0.49537037037037035 0.5694444444444444 0.018518518518518517 0.019444444444444445
2 0.43148148148148147 0.5388888888888889 0.018518518518518517 0.019444444444444445
2 0.425 0.29074074074074074 0.020370370370370372 0.018518518518518517
2 0.43333333333333335 0.31574074074074077 0.020370370370370372 0.018518518518518517
2 0.23425925925925925 0.4824074074074074 0.018518518518518517 0.018518518518518517
2 0.41759259259259257 0.33611111111111114 0.017592592592592594 0.018518518518518517
2 0.4527777777777778 0.3787037037037037 0.019444444444444445 0.018518518518518517
2 0.43703703703703706 0.45 0.018518518518518517 0.019444444444444445
2 0.5055555555555555 0.5120370370370371 0.018518518518518517 0.019444444444444445
2 0.48703703703703705 0.28888888888888886 0.019444444444444445 0.018518518518518517
2 0.525 0.2833333333333333 0.019444444444444445 0.018518518518518517