1 0.7583333333333333 0.4546296296296296 0.032407407407407406 0.03148148148148148
1 0.7407407407407407 0.5074074074074074 0.032407407407407406 0.03148148148148148
1 0.7379629629629629 0.5583333333333333 0.03148148148148148 0.03148148148148148
1 0.7703703703703704 0.6185185185185185 0.03333333333333333 0.032407407407407406
1 0.7648148148148148 0.687037037037037 0.032407407407407406 0.032407407407407406
1 0.7925925925925926 0.6722222222222223 0.032407407407407406 0.032407407407407406
1 0.6851851851851852 0.6842592592592592 0.03148148148148148 0.02962962962962963
1 0.7175925925925926 0.6814814814814815 0.03148148148148148 0.032407407407407406
1 0.6638888888888889 0.6351851851851852 0.032407407407407406 0.032407407407407406
1 0.6638888888888889 0.6027777777777777 0.032407407407407406 0.032407407407407406
1 0.6935185185185185 0.5925925925925926 0.032407407407407406 0.03148148148148148
1 0.7064814814814815 0.5638888888888889 0.03333333333333333 0.03148148148148148
1 0.6314814814814815 0.5212962962962963 0.03148148148148148 0.02962962962962963
1 0.6972222222222222 0.4675925925925926 0.032407407407407406 0.02962962962962963
1 0.6805555555555556 0.38796296296296295 0.03148148148148148 0.030555555555555555
1 0.712037037037037 0.3851851851851852 0.03148148148148148 0.03148148148148148
1 0.6981481481481482 0.3296296296296296 0.03148148148148148 0.030555555555555555
1 0.5962962962962963 0.36666666666666664 0.02962962962962963 0.02962962962962963
1 0.5694444444444444 0.3861111111111111 0.02962962962962963 0.02962962962962963
1 0.5703703703703704 0.30092592592592593 0.02962962962962963 0.02962962962962963
1 0.5537037037037037 0.32592592592592595 0.028703703703703703 0.028703703703703703
1 0.5092592592592593 0.37777777777777777 0.030555555555555555 0.03148148148148148
1 0.575925925925926 0.5212962962962963 0.02962962962962963 0.030555555555555555
1 0.6074074074074074 0.6101851851851852 0.032407407407407406 0.030555555555555555
1 0.5194444444444445 0.65 0.03148148148148148 0.02962962962962963
1 0.5046296296296297 0.5944444444444444 0.02962962962962963 0.02962962962962963
1 0.4981481481481482 0.5601851851851852 0.030555555555555555 0.032407407407407406
1 0.44351851851851853 0.575 0.03148148148148148 0.02962962962962963
1 0.45740740740740743 0.5361111111111111 0.03148148148148148 0.03148148148148148
1 0.3592592592592593 0.5398148148148149 0.02962962962962963 0.02962962962962963
1 0.3925925925925926 0.55 0.030555555555555555 0.02962962962962963
1 0.42592592592592593 0.5 0.03148148148148148 0.02962962962962963
1 0.3972222222222222 0.5120370370370371 0.030555555555555555 0.02962962962962963
1 0.4675925925925926 0.600925925925926 0.030555555555555555 0.02962962962962963
1 0.5342592592592592 0.6194444444444445 0.030555555555555555 0.03148148148148148
1 0.5509259259259259 0.5861111111111111 0.03148148148148148 0.02962962962962963
1 0.575 0.6703703703703704 0.030555555555555555 0.032407407407407406
1 0.37407407407407406 0.5796296296296296 0.02962962962962963 0.028703703703703703
1 0.4111111111111111 0.5814814814814815 0.030555555555555555 0.02962962962962963
0 0.33240740740740743 0.5333333333333333 0.025 0.025
0 0.37777777777777777 0.42592592592592593 0.025 0.025925925925925925
0 0.43425925925925923 0.3990740740740741 0.025 0.025
0 0.45555555555555555 0.37037037037037035 0.025 0.025
0 0.4722222222222222 0.4703703703703704 0.024074074074074074 0.024074074074074074
0 0.45925925925925926 0.6333333333333333 0.025925925925925925 0.025
0 0.47129629629629627 0.5685185185185185 0.025925925925925925 0.025
0 0.5092592592592593 0.5120370370370371 0.025 0.025
0 0.5203703703703704 0.4601851851851852 0.025 0.024074074074074074
0 0.5120370370370371 0.2972222222222222 0.025 0.025
0 0.5055555555555555 0.35 0.025 0.024074074074074074
0 0.5425925925925926 0.35185185185185186 0.025925925925925925 0.025
0 0.5268518518518519 0.33055555555555555 0.024074074074074074 0.025
0 0.5203703703703704 0.4027777777777778 0.025 0.025
0 0.5398148148148149 0.4425925925925926 0.025 0.025
0 0.5648148148148148 0.4388888888888889 0.025 0.025
0 0.5907407407407408 0.4398148148148148 0.025 0.025
0 0.5787037037037037 0.4148148148148148 0.025 0.025
0 0.5962962962962963 0.39444444444444443 0.025 0.025
0 0.6101851851851852 0.46944444444444444 0.025925925925925925 0.025
0 0.6037037037037037 0.5157407407407407 0.025925925925925925 0.025925925925925925
0 0.5824074074074074 0.5546296296296296 0.025925925925925925 0.025
0 0.5833333333333334 0.5805555555555556 0.025925925925925925 0.025
0 0.6074074074074074 0.5685185185185185 0.027777777777777776 0.025925925925925925
0 0.5546296296296296 0.6425925925925926 0.025925925925925925 0.025
0 0.5398148148148149 0.6759259259259259 0.025925925925925925 0.027777777777777776
0 0.6277777777777778 0.7194444444444444 0.026851851851851852 0.026851851851851852
0 0.5990740740740741 0.6962962962962963 0.025925925925925925 0.025925925925925925
0 0.6314814814814815 0.6527777777777778 0.025925925925925925 0.026851851851851852
0 0.6564814814814814 0.6638888888888889 0.026851851851851852 0.025
0 0.6574074074074074 0.5407407407407407 0.026851851851851852 0.025925925925925925
0 0.6722222222222223 0.5194444444444445 0.025925925925925925 0.025
0 0.6583333333333333 0.44351851851851853 0.025 0.025
0 0.6527777777777778 0.39444444444444443 0.025925925925925925 0.025
0 0.6518518518518519 0.36944444444444446 0.025925925925925925 0.025925925925925925
0 0.6851851851851852 0.44166666666666665 0.026851851851851852 0.025
0 0.6981481481481482 0.5194444444444445 0.025925925925925925 0.025925925925925925
0 0.712037037037037 0.49722222222222223 0.025925925925925925 0.025
0 0.6907407407407408 0.6277777777777778 0.027777777777777776 0.025
1 0.7064814814814815 0.7175925925925926 0.03425925925925926 0.03148148148148148
0 0.7379629629629629 0.7037037037037037 0.027777777777777776 0.025925925925925925
0 0.7416666666666667 0.6666666666666666 0.025925925925925925 0.027777777777777776
0 0.7601851851851852 0.6462962962962963 0.026851851851851852 0.025925925925925925
0 0.7407407407407407 0.6157407407407407 0.025925925925925925 0.026851851851851852
0 0.7129629629629629 0.6138888888888889 0.025925925925925925 0.025925925925925925
0 0.787962962962963 0.5944444444444444 0.027777777777777776 0.025925925925925925
0 0.7574074074074074 0.5324074074074074 0.025925925925925925 0.025
0 0.762962962962963 0.4898148148148148 0.025925925925925925 0.025
0 0.7240740740740741 0.4111111111111111 0.025 0.025
0 0.7444444444444445 0.42962962962962964 0.025925925925925925 0.025925925925925925
0 0.7611111111111111 0.40925925925925927 0.025925925925925925 0.025925925925925925
0 0.7425925925925926 0.3907407407407407 0.025925925925925925 0.025
0 0.7407407407407407 0.3648148148148148 0.025 0.025
0 0.7314814814814815 0.3416666666666667 0.025 0.025925925925925925
0 0.7731481481481481 0.33425925925925926 0.025925925925925925 0.025925925925925925
0 0.7833333333333333 0.39351851851851855 0.025925925925925925 0.025925925925925925
0 0.6370370370370371 0.31203703703703706 0.026851851851851852 0.025
0 0.8074074074074075 0.4083333333333333 0.027777777777777776 0.025
0 0.7972222222222223 0.4981481481481482 0.025925925925925925 0.025
0 0.8212962962962963 0.6240740740740741 0.028703703703703703 0.027777777777777776
0 0.8361111111111111 0.537962962962963 0.027777777777777776 0.025925925925925925
1 0.7240740740740741 0.6425925925925926 0.03148148148148148 0.03148148148148148
3 0.8518518518518519 0.4703703703703704 0.03518518518518519 0.03518518518518519
3 0.8203703703703704 0.5916666666666667 0.03518518518518519 0.03611111111111111
3 0.8092592592592592 0.45092592592592595 0.03611111111111111 0.03518518518518519
3 0.7564814814814815 0.587037037037037 0.03611111111111111 0.03425925925925926
3 0.6675925925925926 0.7157407407407408 0.03611111111111111 0.037037037037037035
3 0.6361111111111111 0.5824074074074074 0.03425925925925926 0.03425925925925926
3 0.6527777777777778 0.49537037037037035 0.03333333333333333 0.03333333333333333
3 0.637962962962963 0.4212962962962963 0.03518518518518519 0.03425925925925926
3 0.7157407407407408 0.44074074074074077 0.03518518518518519 0.03425925925925926
3 0.7314814814814815 0.47314814814814815 0.03425925925925926 0.03518518518518519
3 0.6787037037037037 0.35555555555555557 0.03425925925925926 0.03333333333333333
3 0.6685185185185185 0.31574074074074077 0.03518518518518519 0.03333333333333333
3 0.6027777777777777 0.3037037037037037 0.03333333333333333 0.03333333333333333
1 0.5861111111111111 0.33611111111111114 0.02962962962962963 0.028703703703703703
3 0.549074074074074 0.412962962962963 0.03518518518518519 0.032407407407407406
3 0.5527777777777778 0.5462962962962963 0.03333333333333333 0.03425925925925926
3 0.5962962962962963 0.6407407407407407 0.03518518518518519 0.03425925925925926
3 0.4935185185185185 0.6268518518518519 0.03333333333333333 0.03518518518518519
3 0.42592592592592593 0.5435185185185185 0.03333333333333333 0.03425925925925926
3 0.36574074074074076 0.5074074074074074 0.03333333333333333 0.03333333333333333
3 0.3592592592592593 0.4740740740740741 0.03425925925925926 0.03425925925925926
3 0.3990740740740741 0.4777777777777778 0.03333333333333333 0.03425925925925926
3 0.4046296296296296 0.4101851851851852 0.03425925925925926 0.032407407407407406
3 0.43425925925925923 0.42962962962962964 0.03425925925925926 0.03518518518518519
3 0.5 0.48333333333333334 0.032407407407407406 0.032407407407407406
3 0.5342592592592592 0.48703703703703705 0.03425925925925926 0.03425925925925926
1 0.4824074074074074 0.3907407407407407 0.02962962962962963 0.028703703703703703
3 0.5703703703703704 0.6138888888888889 0.03518518518518519 0.03518518518518519
0 0.5268518518518519 0.562037037037037 0.025 0.024074074074074074
0 0.44722222222222224 0.48055555555555557 0.025 0.025
1 0.4703703703703704 0.5046296296296297 0.030555555555555555 0.030555555555555555
1 0.4935185185185185 0.45185185185185184 0.02962962962962963 0.02962962962962963
1 0.5398148148148149 0.37962962962962965 0.02962962962962963 0.02962962962962963
2 0.7685185185185185 0.5564814814814815 0.025925925925925925 0.026851851851851852
2 0.7814814814814814 0.5203703703703704 0.026851851851851852 0.026851851851851852
2 0.8185185185185185 0.48055555555555557 0.028703703703703703 0.026851851851851852
2 0.7962962962962963 0.5648148148148148 0.027777777777777776 0.027777777777777776
2 0.7842592592592592 0.47129629629629627 0.028703703703703703 0.025925925925925925
2 0.7694444444444445 0.36574074074074076 0.028703703703703703 0.026851851851851852
2 0.7490740740740741 0.3194444444444444 0.026851851851851852 0.026851851851851852
2 0.7203703703703703 0.30925925925925923 0.026851851851851852 0.025925925925925925
2 0.7101851851851851 0.35648148148148145 0.028703703703703703 0.025925925925925925
2 0.6972222222222222 0.41574074074074074 0.025925925925925925 0.025925925925925925
2 0.6685185185185185 0.41574074074074074 0.028703703703703703 0.028703703703703703
2 0.6675925925925926 0.4685185185185185 0.025925925925925925 0.027777777777777776
2 0.6842592592592592 0.49444444444444446 0.028703703703703703 0.026851851851851852
2 0.7231481481481481 0.5324074074074074 0.030555555555555555 0.027777777777777776
2 0.6851851851851852 0.5435185185185185 0.028703703703703703 0.027777777777777776
2 0.6703703703703704 0.5712962962962963 0.028703703703703703 0.028703703703703703
2 0.725 0.5879629629629629 0.026851851851851852 0.027777777777777776
2 0.687962962962963 0.6546296296296297 0.028703703703703703 0.027777777777777776
2 0.6351851851851852 0.687962962962963 0.02962962962962963 0.027777777777777776
2 0.612037037037037 0.6712962962962963 0.028703703703703703 0.027777777777777776
2 0.5592592592592592 0.7046296296296296 0.028703703703703703 0.028703703703703703
2 0.6361111111111111 0.6222222222222222 0.027777777777777776 0.028703703703703703
2 0.6324074074074074 0.5509259259259259 0.027777777777777776 0.027777777777777776
2 0.6064814814814815 0.5407407407407407 0.02962962962962963 0.028703703703703703
2 0.6203703703703703 0.49537037037037035 0.026851851851851852 0.028703703703703703
2 0.5925925925925926 0.4898148148148148 0.027777777777777776 0.025925925925925925
2 0.8185185185185185 0.6555555555555556 0.028703703703703703 0.027777777777777776
2 0.637962962962963 0.4638888888888889 0.027777777777777776 0.025925925925925925
2 0.6175925925925926 0.44351851851851853 0.025925925925925925 0.025925925925925925
2 0.6064814814814815 0.41759259259259257 0.026851851851851852 0.025925925925925925
2 0.6268518518518519 0.35555555555555557 0.026851851851851852 0.025925925925925925
2 0.6481481481481481 0.3388888888888889 0.028703703703703703 0.025925925925925925
2 0.6185185185185185 0.3287037037037037 0.027777777777777776 0.025
2 0.5814814814814815 0.4648148148148148 0.027777777777777776 0.027777777777777776
2 0.5537037037037037 0.4638888888888889 0.026851851851851852 0.026851851851851852
2 0.5648148148148148 0.49074074074074076 0.028703703703703703 0.026851851851851852
2 0.5481481481481482 0.5138888888888888 0.028703703703703703 0.027777777777777776
2 0.5675925925925925 0.3574074074074074 0.027777777777777776 0.025925925925925925
2 0.524074074074074 0.5351851851851852 0.025925925925925925 0.025925925925925925
2 0.43333333333333335 0.6175925925925926 0.026851851851851852 0.025925925925925925
2 0.4898148148148148 0.5305555555555556 0.028703703703703703 0.026851851851851852
2 0.42592592592592593 0.4638888888888889 0.026851851851851852 0.025925925925925925
2 0.4046296296296296 0.44166666666666665 0.025925925925925925 0.025925925925925925
2 0.4287037037037037 0.3675925925925926 0.026851851851851852 0.025925925925925925
2 0.45185185185185184 0.4537037037037037 0.027777777777777776 0.026851851851851852
2 0.47129629629629627 0.43425925925925923 0.028703703703703703 0.025925925925925925
2 0.46111111111111114 0.40925925925925927 0.025925925925925925 0.025925925925925925
2 0.4925925925925926 0.41759259259259257 0.026851851851851852 0.025
2 0.5148148148148148 0.43148148148148147 0.026851851851851852 0.025925925925925925
2 0.47685185185185186 0.34444444444444444 0.025925925925925925 0.025925925925925925
2 0.47314814814814815 0.31203703703703706 0.025925925925925925 0.025925925925925925
1 0.8453703703703703 0.5675925925925925 0.03148148148148148 0.032407407407407406
1 0.8074074074074075 0.537962962962963 0.032407407407407406 0.03148148148148148
1 0.825925925925926 0.5111111111111111 0.03148148148148148 0.02962962962962963
1 0.837037037037037 0.42962962962962964 0.032407407407407406 0.030555555555555555
1 0.8 0.3648148148148148 0.030555555555555555 0.02962962962962963
1 0.7805555555555556 0.43148148148148147 0.03148148148148148 0.03148148148148148
2 0.7953703703703704 0.6351851851851852 0.028703703703703703 0.026851851851851852
1 0.6259259259259259 0.38796296296296295 0.032407407407407406 0.028703703703703703