1 0.4546296296296296 0.24074074074074073 0.03148148148148148 0.032407407407407406
1 0.5074074074074074 0.2601851851851852 0.03148148148148148 0.032407407407407406
1 0.5583333333333333 0.262037037037037 0.03148148148148148 0.03148148148148148
1 0.6185185185185185 0.22962962962962963 0.032407407407407406 0.03333333333333333
1 0.687962962962963 0.2351851851851852 0.032407407407407406 0.032407407407407406
1 0.6722222222222223 0.2074074074074074 0.032407407407407406 0.032407407407407406
1 0.6842592592592592 0.3148148148148148 0.02962962962962963 0.03148148148148148
1 0.6814814814814815 0.2824074074074074 0.032407407407407406 0.03148148148148148
1 0.6351851851851852 0.33611111111111114 0.032407407407407406 0.032407407407407406
1 0.6027777777777777 0.33611111111111114 0.032407407407407406 0.032407407407407406
1 0.5925925925925926 0.30648148148148147 0.03148148148148148 0.032407407407407406
1 0.5638888888888889 0.2935185185185185 0.03148148148148148 0.03333333333333333
1 0.5222222222222223 0.3685185185185185 0.02962962962962963 0.03148148148148148
1 0.4675925925925926 0.30185185185185187 0.02962962962962963 0.032407407407407406
1 0.38796296296296295 0.31851851851851853 0.030555555555555555 0.03148148148148148
1 0.38425925925925924 0.287962962962963 0.03148148148148148 0.03148148148148148
1 0.3296296296296296 0.30185185185185187 0.030555555555555555 0.03148148148148148
1 0.36666666666666664 0.40370370370370373 0.02962962962962963 0.02962962962962963
1 0.387037037037037 0.4305555555555556 0.02962962962962963 0.02962962962962963
1 0.30092592592592593 0.42962962962962964 0.02962962962962963 0.02962962962962963
1 0.32685185185185184 0.44722222222222224 0.028703703703703703 0.028703703703703703
1 0.37777777777777777 0.49074074074074076 0.03148148148148148 0.030555555555555555
1 0.5222222222222223 0.42407407407407405 0.030555555555555555 0.02962962962962963
1 0.6111111111111112 0.3925925925925926 0.030555555555555555 0.032407407407407406
1 0.65 0.47962962962962963 0.02962962962962963 0.03148148148148148
1 0.5944444444444444 0.49537037037037035 0.02962962962962963 0.02962962962962963
1 0.5601851851851852 0.5018518518518519 0.032407407407407406 0.030555555555555555
1 0.575 0.5564814814814815 0.02962962962962963 0.03148148148148148
1 0.5361111111111111 0.5425925925925926 0.03148148148148148 0.03148148148148148
1 0.5398148148148149 0.6407407407407407 0.02962962962962963 0.02962962962962963
1 0.55 0.6074074074074074 0.02962962962962963 0.030555555555555555
1 0.5 0.5740740740740741 0.02962962962962963 0.03148148148148148
1 0.5120370370370371 0.6027777777777777 0.02962962962962963 0.030555555555555555
1 0.600925925925926 0.5324074074074074 0.02962962962962963 0.030555555555555555
1 0.6194444444444445 0.46574074074074073 0.03148148148148148 0.030555555555555555
1 0.5861111111111111 0.44907407407407407 0.02962962962962963 0.03148148148148148
1 0.6703703703703704 0.425 0.032407407407407406 0.030555555555555555
1 0.5796296296296296 0.6259259259259259 0.028703703703703703 0.02962962962962963
1 0.5824074074074074 0.5898148148148148 0.02962962962962963 0.030555555555555555
0 0.5333333333333333 0.6675925925925926 0.025 0.025
0 0.42592592592592593 0.6222222222222222 0.025 0.024074074074074074
0 0.3990740740740741 0.5657407407407408 0.025 0.025
0 0.37037037037037035 0.5444444444444444 0.024074074074074074 0.025
0 0.4703703703703704 0.5277777777777778 0.024074074074074074 0.024074074074074074
0 0.6333333333333333 0.5407407407407407 0.025 0.025
0 0.5685185185185185 0.5287037037037037 0.025 0.025
0 0.512962962962963 0.49074074074074076 0.025 0.025
0 0.4601851851851852 0.47962962962962963 0.024074074074074074 0.025
0 0.2972222222222222 0.487962962962963 0.024074074074074074 0.025
0 0.3509259259259259 0.49444444444444446 0.024074074074074074 0.024074074074074074
0 0.35185185185185186 0.4583333333333333 0.024074074074074074 0.025
0 0.33055555555555555 0.47314814814814815 0.025 0.024074074074074074
0 0.4027777777777778 0.47962962962962963 0.024074074074074074 0.025
0 0.4425925925925926 0.4601851851851852 0.024074074074074074 0.025
0 0.4398148148148148 0.4351851851851852 0.025 0.024074074074074074
0 0.44074074074074077 0.40925925925925927 0.025 0.025
0 0.41574074074074074 0.4212962962962963 0.025 0.024074074074074074
0 0.39537037037037037 0.40370370370370373 0.025 0.025
0 0.46944444444444444 0.38981481481481484 0.025 0.025
0 0.5157407407407407 0.3962962962962963 0.025 0.025
0 0.5546296296296296 0.41759259259259257 0.025 0.025
0 0.5814814814814815 0.4166666666666667 0.025 0.025925925925925925
0 0.5685185185185185 0.3925925925925926 0.025 0.026851851851851852
0 0.6425925925925926 0.44537037037037036 0.025 0.025
0 0.6759259259259259 0.4601851851851852 0.026851851851851852 0.025925925925925925
0 0.7194444444444444 0.37222222222222223 0.025925925925925925 0.025925925925925925
0 0.6962962962962963 0.4 0.025925925925925925 0.025
0 0.6527777777777778 0.3685185185185185 0.025925925925925925 0.025
0 0.6638888888888889 0.3435185185185185 0.025 0.025925925925925925
0 0.5407407407407407 0.3425925925925926 0.025 0.025925925925925925
0 0.5194444444444445 0.3277777777777778 0.025 0.025
0 0.44351851851851853 0.3416666666666667 0.025 0.025
0 0.39444444444444443 0.3472222222222222 0.024074074074074074 0.025
0 0.36944444444444446 0.34814814814814815 0.025 0.025925925925925925
0 0.4425925925925926 0.3148148148148148 0.025 0.025925925925925925
0 0.5194444444444445 0.30092592592592593 0.025925925925925925 0.025
0 0.49722222222222223 0.287962962962963 0.025 0.025
0 0.6277777777777778 0.30925925925925923 0.025 0.026851851851851852
1 0.7175925925925926 0.2935185185185185 0.03148148148148148 0.03333333333333333
0 0.7046296296296296 0.262037037037037 0.025925925925925925 0.027777777777777776
0 0.6666666666666666 0.2574074074074074 0.026851851851851852 0.025
0 0.6462962962962963 0.23981481481481481 0.025925925925925925 0.025925925925925925
0 0.6166666666666667 0.25925925925925924 0.025925925925925925 0.025925925925925925
0 0.6138888888888889 0.28703703703703703 0.025925925925925925 0.025925925925925925
0 0.5944444444444444 0.21203703703703702 0.025925925925925925 0.026851851851851852
0 0.5324074074074074 0.24351851851851852 0.025 0.025925925925925925
0 0.4898148148148148 0.23703703703703705 0.025 0.025
0 0.4101851851851852 0.275 0.025 0.025
0 0.42962962962962964 0.25555555555555554 0.025 0.025
0 0.40925925925925927 0.2388888888888889 0.025 0.025
0 0.3907407407407407 0.2574074074074074 0.025 0.025
0 0.3648148148148148 0.2601851851851852 0.024074074074074074 0.025
0 0.3416666666666667 0.26851851851851855 0.025925925925925925 0.025
0 0.33425925925925926 0.22685185185185186 0.025 0.025925925925925925
0 0.39351851851851855 0.21666666666666667 0.025 0.025
0 0.31203703703703706 0.362962962962963 0.025 0.025925925925925925
0 0.4083333333333333 0.1925925925925926 0.025 0.026851851851851852
0 0.4981481481481482 0.20277777777777778 0.025 0.025925925925925925
0 0.625 0.17777777777777778 0.026851851851851852 0.028703703703703703
0 0.537962962962963 0.1638888888888889 0.025925925925925925 0.027777777777777776
1 0.6425925925925926 0.27685185185185185 0.03148148148148148 0.03148148148148148
3 0.47129629629629627 0.14722222222222223 0.03518518518518519 0.03518518518518519
3 0.5916666666666667 0.18055555555555555 0.03611111111111111 0.03518518518518519
3 0.45092592592592595 0.19074074074074074 0.03518518518518519 0.03611111111111111
3 0.587037037037037 0.24351851851851852 0.03425925925925926 0.03611111111111111
3 0.7157407407407408 0.33240740740740743 0.037037037037037035 0.03611111111111111
3 0.5824074074074074 0.3638888888888889 0.03425925925925926 0.03425925925925926
3 0.4962962962962963 0.34814814814814815 0.03333333333333333 0.03333333333333333
3 0.4212962962962963 0.36203703703703705 0.03333333333333333 0.03518518518518519
3 0.44074074074074077 0.28425925925925927 0.03333333333333333 0.03518518518518519
3 0.47314814814814815 0.26851851851851855 0.03518518518518519 0.03425925925925926
3 0.35555555555555557 0.3212962962962963 0.03333333333333333 0.03333333333333333
3 0.31574074074074077 0.3314814814814815 0.032407407407407406 0.03518518518518519
3 0.3037037037037037 0.3972222222222222 0.03333333333333333 0.03333333333333333
1 0.33611111111111114 0.41388888888888886 0.028703703703703703 0.02962962962962963
3 0.41388888888888886 0.45092592592592595 0.032407407407407406 0.03518518518518519
3 0.5472222222222223 0.44722222222222224 0.03425925925925926 0.03333333333333333
3 0.6407407407407407 0.40370370370370373 0.03425925925925926 0.03518518518518519
3 0.6268518518518519 0.5064814814814815 0.03518518518518519 0.03333333333333333
3 0.5435185185185185 0.575 0.03425925925925926 0.03333333333333333
3 0.5074074074074074 0.6342592592592593 0.03333333333333333 0.03333333333333333
3 0.4740740740740741 0.6407407407407407 0.03333333333333333 0.03333333333333333
3 0.4787037037037037 0.600925925925926 0.03333333333333333 0.03333333333333333
3 0.4101851851851852 0.5953703703703703 0.032407407407407406 0.03333333333333333
3 0.42962962962962964 0.5657407407407408 0.03518518518518519 0.03425925925925926
3 0.4842592592592593 0.5009259259259259 0.032407407407407406 0.032407407407407406
3 0.487962962962963 0.4648148148148148 0.03333333333333333 0.03333333333333333
1 0.3907407407407407 0.5185185185185185 0.028703703703703703 0.02962962962962963
3 0.6138888888888889 0.4305555555555556 0.03518518518518519 0.03518518518518519
0 0.562037037037037 0.47314814814814815 0.023148148148148147 0.025
0 0.48055555555555557 0.5527777777777778 0.025 0.024074074074074074
1 0.5046296296296297 0.5296296296296297 0.030555555555555555 0.030555555555555555
1 0.45185185185185184 0.5055555555555555 0.02962962962962963 0.02962962962962963
1 0.37962962962962965 0.4601851851851852 0.028703703703703703 0.02962962962962963
2 0.5564814814814815 0.23055555555555557 0.026851851851851852 0.025925925925925925
2 0.5203703703703704 0.21851851851851853 0.026851851851851852 0.026851851851851852
2 0.48055555555555557 0.1814814814814815 0.026851851851851852 0.027777777777777776
2 0.5648148148148148 0.2037037037037037 0.027777777777777776 0.027777777777777776
2 0.47129629629629627 0.21481481481481482 0.025925925925925925 0.028703703703703703
2 0.36574074074074076 0.22962962962962963 0.026851851851851852 0.027777777777777776
2 0.3194444444444444 0.25092592592592594 0.026851851851851852 0.026851851851851852
2 0.30925925925925923 0.2796296296296296 0.025925925925925925 0.026851851851851852
2 0.35648148148148145 0.2898148148148148 0.025925925925925925 0.027777777777777776
2 0.41574074074074074 0.30185185185185187 0.025925925925925925 0.025925925925925925
2 0.41574074074074074 0.3314814814814815 0.027777777777777776 0.027777777777777776
2 0.4685185185185185 0.33240740740740743 0.027777777777777776 0.025925925925925925
2 0.49444444444444446 0.31574074074074077 0.026851851851851852 0.027777777777777776
2 0.5324074074074074 0.27685185185185185 0.027777777777777776 0.02962962962962963
2 0.5435185185185185 0.31574074074074077 0.027777777777777776 0.027777777777777776
2 0.5712962962962963 0.3296296296296296 0.027777777777777776 0.027777777777777776
2 0.5879629629629629 0.275 0.027777777777777776 0.026851851851851852
2 0.6555555555555556 0.31296296296296294 0.027777777777777776 0.028703703703703703
2 0.6888888888888889 0.3648148148148148 0.027777777777777776 0.02962962962962963
2 0.6712962962962963 0.38796296296296295 0.027777777777777776 0.028703703703703703
2 0.7055555555555556 0.44074074074074077 0.028703703703703703 0.027777777777777776
2 0.6222222222222222 0.3638888888888889 0.027777777777777776 0.027777777777777776
2 0.5509259259259259 0.3675925925925926 0.027777777777777776 0.027777777777777776
2 0.5416666666666666 0.39444444444444443 0.028703703703703703 0.02962962962962963
2 0.49537037037037035 0.37962962962962965 0.027777777777777776 0.026851851851851852
2 0.4898148148148148 0.4074074074074074 0.025925925925925925 0.027777777777777776
2 0.6555555555555556 0.1814814814814815 0.027777777777777776 0.028703703703703703
2 0.4638888888888889 0.36203703703703705 0.025 0.027777777777777776
2 0.44351851851851853 0.3824074074074074 0.025925925925925925 0.025925925925925925
2 0.41759259259259257 0.39351851851851855 0.025925925925925925 0.026851851851851852
2 0.35555555555555557 0.3731481481481482 0.025 0.026851851851851852
2 0.3388888888888889 0.3527777777777778 0.025925925925925925 0.028703703703703703
2 0.3287037037037037 0.38055555555555554 0.025 0.027777777777777776
2 0.4648148148148148 0.4185185185185185 0.027777777777777776 0.027777777777777776
2 0.4638888888888889 0.4462962962962963 0.026851851851851852 0.026851851851851852
2 0.49074074074074076 0.4351851851851852 0.026851851851851852 0.028703703703703703
2 0.5148148148148148 0.45185185185185184 0.027777777777777776 0.027777777777777776
2 0.3574074074074074 0.4324074074074074 0.025925925925925925 0.027777777777777776
2 0.5351851851851852 0.4759259259259259 0.025 0.025
2 0.6175925925925926 0.5666666666666667 0.025925925925925925 0.026851851851851852
2 0.5314814814814814 0.5101851851851852 0.026851851851851852 0.027777777777777776
2 0.4638888888888889 0.5740740740740741 0.025925925925925925 0.026851851851851852
2 0.44166666666666665 0.5953703703703703 0.025 0.025
2 0.3675925925925926 0.5712962962962963 0.025 0.026851851851851852
2 0.4537037037037037 0.549074074074074 0.026851851851851852 0.027777777777777776
2 0.4351851851851852 0.5287037037037037 0.025 0.027777777777777776
2 0.40925925925925927 0.5388888888888889 0.025 0.025925925925925925
2 0.41759259259259257 0.5064814814814815 0.025 0.026851851851851852
2 0.43148148148148147 0.48518518518518516 0.025925925925925925 0.026851851851851852
2 0.34444444444444444 0.5231481481481481 0.025925925925925925 0.025925925925925925
2 0.31203703703703706 0.5268518518518519 0.025925925925925925 0.025
1 0.5685185185185185 0.15462962962962962 0.032407407407407406 0.03148148148148148
1 0.537962962962963 0.1925925925925926 0.03148148148148148 0.032407407407407406
1 0.5111111111111111 0.17407407407407408 0.02962962962962963 0.03148148148148148
1 0.4305555555555556 0.16296296296296298 0.030555555555555555 0.032407407407407406
1 0.3648148148148148 0.2 0.02962962962962963 0.030555555555555555
1 0.43148148148148147 0.21944444444444444 0.03148148148148148 0.03148148148148148
2 0.6351851851851852 0.20462962962962963 0.026851851851851852 0.028703703703703703
1 0.32222222222222224 0.5 0.02962962962962963 0.02962962962962963
1 0.3888888888888889 0.37407407407407406 0.030555555555555555 0.03148148148148148