2 0.4740740740740741 0.7472222222222222 0.012962962962962963 0.012962962962962963
2 0.42685185185185187 0.7398148148148148 0.012037037037037037 0.012962962962962963
2 0.38333333333333336 0.7222222222222222 0.013888888888888888 0.012962962962962963
2 0.337037037037037 0.7157407407407408 0.012962962962962963 0.013888888888888888
2 0.29907407407407405 0.6703703703703704 0.012962962962962963 0.012962962962962963
2 0.3194444444444444 0.6564814814814814 0.012962962962962963 0.012962962962962963
2 0.30833333333333335 0.6398148148148148 0.012962962962962963 0.013888888888888888
2 0.2935185185185185 0.6222222222222222 0.012962962962962963 0.012962962962962963
2 0.362962962962963 0.6361111111111111 0.012962962962962963 0.013888888888888888
2 0.36944444444444446 0.6148148148148148 0.012962962962962963 0.012962962962962963
2 0.38981481481481484 0.6203703703703703 0.012962962962962963 0.012962962962962963
2 0.35185185185185186 0.675 0.012962962962962963 0.012962962962962963
2 0.387037037037037 0.6759259259259259 0.012962962962962963 0.012962962962962963
2 0.40555555555555556 0.674074074074074 0.012962962962962963 0.012962962962962963
2 0.4324074074074074 0.7175925925925926 0.012962962962962963 0.012962962962962963
2 0.45092592592592595 0.7046296296296296 0.012962962962962963 0.013888888888888888
2 0.44722222222222224 0.687037037037037 0.012037037037037037 0.012962962962962963
2 0.4685185185185185 0.7231481481481481 0.012962962962962963 0.013888888888888888
2 0.5231481481481481 0.7240740740740741 0.012962962962962963 0.012962962962962963
2 0.5148148148148148 0.6814814814814815 0.012962962962962963 0.012962962962962963
2 0.4981481481481482 0.6694444444444444 0.012962962962962963 0.012962962962962963
2 0.55 0.6925925925925925 0.012962962962962963 0.013888888888888888
2 0.5675925925925925 0.6851851851851852 0.013888888888888888 0.012962962962962963
2 0.5768518518518518 0.6666666666666666 0.012962962962962963 0.012962962962962963
2 0.6129629629629629 0.6574074074074074 0.012962962962962963 0.012962962962962963
2 0.6111111111111112 0.6407407407407407 0.012962962962962963 0.012962962962962963
2 0.6287037037037037 0.6333333333333333 0.012962962962962963 0.012962962962962963
2 0.6101851851851852 0.6027777777777777 0.012962962962962963 0.012962962962962963
2 0.6537037037037037 0.5944444444444444 0.013888888888888888 0.013888888888888888
2 0.65 0.5768518518518518 0.012962962962962963 0.012962962962962963
2 0.5925925925925926 0.5907407407407408 0.012962962962962963 0.012962962962962963
2 0.537962962962963 0.5814814814814815 0.012962962962962963 0.012962962962962963
2 0.5157407407407407 0.5694444444444444 0.012962962962962963 0.012962962962962963
2 0.5435185185185185 0.6 0.012962962962962963 0.012962962962962963
2 0.5574074074074075 0.6203703703703703 0.012962962962962963 0.012962962962962963
2 0.5555555555555556 0.6388888888888888 0.012962962962962963 0.012962962962962963
2 0.49907407407407406 0.6268518518518519 0.012962962962962963 0.012962962962962963
2 0.48333333333333334 0.6296296296296297 0.012962962962962963 0.012962962962962963
2 0.49166666666666664 0.6509259259259259 0.012962962962962963 0.012962962962962963
2 0.4842592592592593 0.6861111111111111 0.012962962962962963 0.012962962962962963
2 0.4666666666666667 0.6944444444444444 0.012962962962962963 0.012962962962962963
2 0.4648148148148148 0.6787037037037037 0.012037037037037037 0.012037037037037037
2 0.45740740740740743 0.6592592592592592 0.012962962962962963 0.012962962962962963
2 0.4425925925925926 0.6694444444444444 0.012962962962962963 0.012962962962962963
2 0.41759259259259257 0.6537037037037037 0.012037037037037037 0.012962962962962963
2 0.43148148148148147 0.6296296296296297 0.012962962962962963 0.012962962962962963
2 0.48148148148148145 0.5888888888888889 0.013888888888888888 0.012962962962962963
2 0.4638888888888889 0.6027777777777777 0.012962962962962963 0.012962962962962963
2 0.4666666666666667 0.5787037037037037 0.012962962962962963 0.012962962962962963
2 0.44814814814814813 0.5675925925925925 0.011111111111111112 0.012962962962962963
2 0.4111111111111111 0.5657407407407408 0.012962962962962963 0.012962962962962963
2 0.37962962962962965 0.5962962962962963 0.012962962962962963 0.012962962962962963
2 0.3398148148148148 0.5916666666666667 0.012962962962962963 0.012962962962962963
2 0.33425925925925926 0.5740740740740741 0.013888888888888888 0.013888888888888888
2 0.3148148148148148 0.5657407407407408 0.012037037037037037 0.012962962962962963
2 0.3194444444444444 0.5305555555555556 0.013888888888888888 0.012962962962962963
2 0.32037037037037036 0.49907407407407406 0.013888888888888888 0.012962962962962963
2 0.3731481481481482 0.525 0.012962962962962963 0.012962962962962963
2 0.38333333333333336 0.5425925925925926 0.012962962962962963 0.012962962962962963
2 0.48055555555555557 0.5361111111111111 0.012962962962962963 0.012962962962962963
2 0.5583333333333333 0.5435185185185185 0.012962962962962963 0.013888888888888888
2 0.6481481481481481 0.5462962962962963 0.012962962962962963 0.013888888888888888
2 0.6305555555555555 0.5231481481481481 0.012962962962962963 0.012962962962962963
2 0.662962962962963 0.5009259259259259 0.013888888888888888 0.013888888888888888
2 0.5833333333333334 0.5046296296296297 0.012962962962962963 0.012962962962962963
2 0.5666666666666667 0.5268518518518519 0.012037037037037037 0.012962962962962963
2 0.5361111111111111 0.49722222222222223 0.012962962962962963 0.012962962962962963
2 0.45925925925925926 0.5074074074074074 0.013888888888888888 0.012962962962962963
2 0.42592592592592593 0.4925925925925926 0.012962962962962963 0.012962962962962963
2 0.4 0.5092592592592593 0.012962962962962963 0.013888888888888888
2 0.687037037037037 0.487962962962963 0.012962962962962963 0.012962962962962963
2 0.6546296296296297 0.4824074074074074 0.012962962962962963 0.012962962962962963
2 0.6259259259259259 0.4740740740740741 0.012037037037037037 0.012962962962962963
2 0.5944444444444444 0.4888888888888889 0.012962962962962963 0.012962962962962963
2 0.5740740740740741 0.48518518518518516 0.012962962962962963 0.012962962962962963
2 0.5611111111111111 0.4638888888888889 0.012962962962962963 0.012962962962962963
2 0.5435185185185185 0.4601851851851852 0.012962962962962963 0.012962962962962963
2 0.5583333333333333 0.4462962962962963 0.012962962962962963 0.012962962962962963
2 0.5009259259259259 0.48518518518518516 0.012962962962962963 0.012962962962962963
2 0.4925925925925926 0.4703703703703704 0.012962962962962963 0.012962962962962963
2 0.45185185185185184 0.46944444444444444 0.012962962962962963 0.012962962962962963
2 0.45925925925925926 0.45 0.012037037037037037 0.012962962962962963
2 0.41944444444444445 0.44722222222222224 0.012962962962962963 0.013888888888888888
2 0.39537037037037037 0.45092592592592595 0.013888888888888888 0.012962962962962963
2 0.3824074074074074 0.4601851851851852 0.012962962962962963 0.012962962962962963
2 0.32037037037037036 0.46111111111111114 0.012962962962962963 0.013888888888888888
2 0.3398148148148148 0.43703703703703706 0.012962962962962963 0.012962962962962963
2 0.36203703703703705 0.43148148148148147 0.012962962962962963 0.013888888888888888
2 0.4185185185185185 0.41759259259259257 0.012962962962962963 0.012962962962962963
2 0.4527777777777778 0.42962962962962964 0.012037037037037037 0.013888888888888888
2 0.45555555555555555 0.41203703703703703 0.012962962962962963 0.012962962962962963
2 0.5101851851851852 0.4027777777777778 0.012962962962962963 0.012962962962962963
2 0.5462962962962963 0.3990740740740741 0.012962962962962963 0.012962962962962963
2 0.5564814814814815 0.41574074074074074 0.012962962962962963 0.012962962962962963
2 0.6046296296296296 0.4546296296296296 0.012962962962962963 0.013888888888888888
2 0.6574074074074074 0.4583333333333333 0.012962962962962963 0.012962962962962963
2 0.6953703703703704 0.4537037037037037 0.012962962962962963 0.012962962962962963
2 0.6685185185185185 0.43796296296296294 0.012962962962962963 0.012962962962962963
2 0.612037037037037 0.4324074074074074 0.012962962962962963 0.013888888888888888
2 0.6916666666666667 0.41388888888888886 0.013888888888888888 0.012962962962962963
2 0.6462962962962963 0.3990740740740741 0.012962962962962963 0.013888888888888888
2 0.562037037037037 0.3888888888888889 0.012037037037037037 0.012962962962962963
2 0.37037037037037035 0.38981481481481484 0.012037037037037037 0.013888888888888888
2 0.36574074074074076 0.36944444444444446 0.012962962962962963 0.013888888888888888
2 0.4212962962962963 0.38333333333333336 0.012962962962962963 0.012962962962962963
2 0.4583333333333333 0.3814814814814815 0.013888888888888888 0.013888888888888888
2 0.44351851851851853 0.31666666666666665 0.012962962962962963 0.012962962962962963
2 0.4722222222222222 0.3333333333333333 0.012962962962962963 0.012962962962962963
2 0.4703703703703704 0.35833333333333334 0.012962962962962963 0.013888888888888888
2 0.5064814814814815 0.36666666666666664 0.012962962962962963 0.012962962962962963
2 0.5101851851851852 0.3824074074074074 0.012962962962962963 0.012962962962962963
2 0.5731481481481482 0.35462962962962963 0.013888888888888888 0.013888888888888888
2 0.6342592592592593 0.35648148148148145 0.013888888888888888 0.012962962962962963
2 0.6574074074074074 0.36666666666666664 0.012962962962962963 0.012962962962962963
2 0.700925925925926 0.375 0.013888888888888888 0.012962962962962963
2 0.6898148148148148 0.3101851851851852 0.013888888888888888 0.013888888888888888
2 0.6527777777777778 0.3138888888888889 0.013888888888888888 0.013888888888888888
2 0.6342592592592593 0.3037037037037037 0.012962962962962963 0.012962962962962963
2 0.6481481481481481 0.29444444444444445 0.013888888888888888 0.013888888888888888
2 0.6574074074074074 0.2759259259259259 0.012962962962962963 0.012962962962962963
2 0.637962962962963 0.27314814814814814 0.012962962962962963 0.012962962962962963
2 0.65 0.2564814814814815 0.012962962962962963 0.012962962962962963
2 0.5648148148148148 0.25 0.013888888888888888 0.013888888888888888
2 0.5314814814814814 0.287962962962963 0.012962962962962963 0.012962962962962963
2 0.5055555555555555 0.2759259259259259 0.012962962962962963 0.013888888888888888
2 0.48333333333333334 0.29259259259259257 0.012962962962962963 0.012962962962962963
2 0.5777777777777777 0.3333333333333333 0.012962962962962963 0.012962962962962963
1 0.5509259259259259 0.6675925925925926 0.014814814814814815 0.014814814814814815
1 0.49722222222222223 0.6935185185185185 0.013888888888888888 0.01574074074074074
1 0.40925925925925927 0.7138888888888889 0.014814814814814815 0.01574074074074074
0 0.42314814814814816 0.6731481481481482 0.012037037037037037 0.012037037037037037
1 0.3731481481481482 0.6620370370370371 0.014814814814814815 0.01574074074074074
1 0.3287037037037037 0.6111111111111112 0.014814814814814815 0.014814814814814815
1 0.39444444444444443 0.5703703703703704 0.014814814814814815 0.014814814814814815
1 0.4351851851851852 0.6518518518518519 0.013888888888888888 0.014814814814814815
1 0.4703703703703704 0.6425925925925926 0.013888888888888888 0.01574074074074074
3 0.49722222222222223 0.5685185185185185 0.016666666666666666 0.016666666666666666
3 0.5120370370370371 0.6416666666666667 0.016666666666666666 0.016666666666666666
1 0.5851851851851851 0.6425925925925926 0.014814814814814815 0.014814814814814815
1 0.6 0.6240740740740741 0.013888888888888888 0.01574074074074074
1 0.5907407407407408 0.5685185185185185 0.013888888888888888 0.01574074074074074
1 0.6361111111111111 0.5666666666666667 0.013888888888888888 0.013888888888888888
0 0.6157407407407407 0.562037037037037 0.012037037037037037 0.012037037037037037
1 0.6259259259259259 0.5444444444444444 0.013888888888888888 0.014814814814814815
1 0.6407407407407407 0.5092592592592593 0.013888888888888888 0.014814814814814815
1 0.6129629629629629 0.5324074074074074 0.013888888888888888 0.014814814814814815
1 0.5537037037037037 0.4898148148148148 0.014814814814814815 0.014814814814814815
1 0.5185185185185185 0.49444444444444446 0.013888888888888888 0.014814814814814815
1 0.46574074074074073 0.5481481481481482 0.013888888888888888 0.014814814814814815
1 0.4361111111111111 0.5546296296296296 0.013888888888888888 0.014814814814814815
1 0.41203703703703703 0.524074074074074 0.013888888888888888 0.014814814814814815
1 0.3296296296296296 0.5166666666666667 0.01574074074074074 0.014814814814814815
1 0.3472222222222222 0.49907407407407406 0.014814814814814815 0.013888888888888888
1 0.3731481481481482 0.5601851851851852 0.014814814814814815 0.014814814814814815
1 0.32037037037037036 0.4361111111111111 0.014814814814814815 0.01574074074074074
1 0.337037037037037 0.412962962962963 0.014814814814814815 0.01574074074074074
1 0.35833333333333334 0.4111111111111111 0.014814814814814815 0.01574074074074074
1 0.38425925925925924 0.4083333333333333 0.014814814814814815 0.014814814814814815
1 0.44074074074074077 0.45092592592592595 0.013888888888888888 0.014814814814814815
1 0.40555555555555556 0.49166666666666664 0.014814814814814815 0.014814814814814815
1 0.47129629629629627 0.42314814814814816 0.014814814814814815 0.014814814814814815
1 0.4888888888888889 0.4111111111111111 0.014814814814814815 0.014814814814814815
1 0.47685185185185186 0.4583333333333333 0.014814814814814815 0.014814814814814815
1 0.5333333333333333 0.47962962962962963 0.014814814814814815 0.014814814814814815
1 0.6 0.40370370370370373 0.014814814814814815 0.014814814814814815
1 0.5925925925925926 0.47129629629629627 0.014814814814814815 0.013888888888888888
1 0.6444444444444445 0.46944444444444444 0.01574074074074074 0.014814814814814815
1 0.6601851851851852 0.3453703703703704 0.014814814814814815 0.01574074074074074
1 0.6444444444444445 0.3351851851851852 0.014814814814814815 0.014814814814814815
1 0.6037037037037037 0.3175925925925926 0.014814814814814815 0.01574074074074074
1 0.6129629629629629 0.3611111111111111 0.013888888888888888 0.01574074074074074
1 0.5944444444444444 0.3527777777777778 0.014814814814814815 0.014814814814814815
1 0.5898148148148148 0.3888888888888889 0.013888888888888888 0.01574074074074074
1 0.5277777777777778 0.39166666666666666 0.013888888888888888 0.014814814814814815
1 0.5037037037037037 0.33240740740740743 0.014814814814814815 0.014814814814814815
1 0.5277777777777778 0.3111111111111111 0.014814814814814815 0.014814814814814815
1 0.4898148148148148 0.3888888888888889 0.014814814814814815 0.01574074074074074
1 0.43425925925925923 0.3435185185185185 0.014814814814814815 0.01574074074074074
1 0.4009259259259259 0.3314814814814815 0.014814814814814815 0.01574074074074074
1 0.4046296296296296 0.3527777777777778 0.013888888888888888 0.01574074074074074
1 0.39166666666666666 0.38055555555555554 0.014814814814814815 0.014814814814814815
1 0.5537037037037037 0.27037037037037037 0.013888888888888888 0.014814814814814815
1 0.5703703703703704 0.2851851851851852 0.014814814814814815 0.01574074074074074
1 0.5055555555555555 0.2972222222222222 0.013888888888888888 0.014814814814814815
1 0.5879629629629629 0.2564814814814815 0.014814814814814815 0.01574074074074074
1 0.6046296296296296 0.26944444444444443 0.013888888888888888 0.014814814814814815
1 0.6064814814814815 0.24166666666666667 0.014814814814814815 0.01574074074074074
1 0.6666666666666666 0.30277777777777776 0.014814814814814815 0.013888888888888888
0 0.5944444444444444 0.6685185185185185 0.012037037037037037 0.012037037037037037
0 0.587037037037037 0.6083333333333333 0.012037037037037037 0.012037037037037037
0 0.5768518518518518 0.6277777777777778 0.012037037037037037 0.012037037037037037
0 0.5666666666666667 0.6527777777777778 0.011111111111111112 0.012962962962962963
0 0.5388888888888889 0.6555555555555556 0.012037037037037037 0.012962962962962963
0 0.5712962962962963 0.7037037037037037 0.012037037037037037 0.012962962962962963
0 0.5546296296296296 0.7138888888888889 0.012962962962962963 0.012962962962962963
0 0.5120370370370371 0.7018518518518518 0.012037037037037037 0.012962962962962963
0 0.5037037037037037 0.7416666666666667 0.012037037037037037 0.012962962962962963
0 0.475 0.7074074074074074 0.012037037037037037 0.012962962962962963
0 0.45185185185185184 0.7416666666666667 0.012962962962962963 0.012962962962962963
0 0.45185185185185184 0.7240740740740741 0.012037037037037037 0.012037037037037037
0 0.47685185185185186 0.6666666666666666 0.012037037037037037 0.012037037037037037
0 0.5138888888888888 0.6611111111111111 0.012037037037037037 0.012037037037037037
0 0.537962962962963 0.6157407407407407 0.012037037037037037 0.012037037037037037
0 0.5157407407407407 0.6166666666666667 0.012037037037037037 0.012962962962962963
0 0.5083333333333333 0.587037037037037 0.012037037037037037 0.012037037037037037
0 0.48148148148148145 0.6111111111111112 0.011111111111111112 0.012037037037037037
0 0.45 0.5879629629629629 0.012037037037037037 0.012962962962962963
0 0.42592592592592593 0.5981481481481481 0.012037037037037037 0.012962962962962963
0 0.45092592592592595 0.6388888888888888 0.014814814814814815 0.014814814814814815
0 0.4074074074074074 0.6361111111111111 0.012037037037037037 0.012037037037037037
0 0.39814814814814814 0.6574074074074074 0.012037037037037037 0.012037037037037037
0 0.39814814814814814 0.6916666666666667 0.012037037037037037 0.012962962962962963
0 0.39537037037037037 0.7101851851851851 0.012962962962962963 0.012962962962962963
0 0.3611111111111111 0.7157407407407408 0.012037037037037037 0.012962962962962963
0 0.3638888888888889 0.6898148148148148 0.012037037037037037 0.012962962962962963
0 0.3962962962962963 0.5981481481481481 0.012037037037037037 0.012962962962962963
0 0.3611111111111111 0.5916666666666667 0.012037037037037037 0.012962962962962963
0 0.35 0.612037037037037 0.012962962962962963 0.012962962962962963
0 0.3148148148148148 0.625 0.012037037037037037 0.012037037037037037
0 0.3351851851851852 0.6518518518518519 0.012962962962962963 0.012962962962962963
0 0.31851851851851853 0.675 0.012037037037037037 0.012037037037037037
0 0.3296296296296296 0.687962962962963 0.012037037037037037 0.012037037037037037
0 0.31666666666666665 0.6962962962962963 0.012037037037037037 0.012037037037037037
0 0.30277777777777776 0.6037037037037037 0.012962962962962963 0.012037037037037037
0 0.29259259259259257 0.6435185185185185 0.012962962962962963 0.012962962962962963
0 0.29814814814814816 0.5842592592592593 0.012037037037037037 0.012962962962962963
0 0.3768518518518518 0.5768518518518518 0.012037037037037037 0.012037037037037037
0 0.3333333333333333 0.5342592592592592 0.012037037037037037 0.012962962962962963
0 0.3194444444444444 0.48055555555555557 0.012037037037037037 0.012962962962962963
0 0.34444444444444444 0.4537037037037037 0.012037037037037037 0.012037037037037037
0 0.3638888888888889 0.44814814814814813 0.012037037037037037 0.012037037037037037
0 0.3814814814814815 0.43333333333333335 0.012037037037037037 0.012962962962962963
0 0.38333333333333336 0.475 0.011111111111111112 0.012037037037037037
0 0.36574074074074076 0.5055555555555555 0.011111111111111112 0.012962962962962963
0 0.43148148148148147 0.5342592592592592 0.012962962962962963 0.012962962962962963
0 0.4166666666666667 0.5046296296296297 0.012037037037037037 0.012962962962962963
0 0.45092592592592595 0.5351851851851852 0.012962962962962963 0.012962962962962963
0 0.487962962962963 0.5157407407407407 0.012037037037037037 0.012037037037037037
0 0.475 0.4759259259259259 0.012962962962962963 0.012037037037037037
0 0.5324074074074074 0.5601851851851852 0.012962962962962963 0.012037037037037037
0 0.5787037037037037 0.5472222222222223 0.012037037037037037 0.012037037037037037
0 0.5388888888888889 0.5342592592592592 0.012037037037037037 0.012037037037037037
0 0.5370370370370371 0.5166666666666667 0.012037037037037037 0.012037037037037037
0 0.5148148148148148 0.4722222222222222 0.012037037037037037 0.012037037037037037
0 0.55 0.4324074074074074 0.011111111111111112 0.012037037037037037
0 0.6092592592592593 0.475 0.012037037037037037 0.012962962962962963
0 0.6370370370370371 0.48703703703703705 0.012037037037037037 0.012037037037037037
0 0.6805555555555556 0.4305555555555556 0.012962962962962963 0.012962962962962963
0 0.6712962962962963 0.475 0.012962962962962963 0.012037037037037037
0 0.6768518518518518 0.5101851851851852 0.012037037037037037 0.012962962962962963
0 0.6759259259259259 0.537962962962963 0.012037037037037037 0.012962962962962963
0 0.6351851851851852 0.5898148148148148 0.012962962962962963 0.012037037037037037
0 0.7 0.3574074074074074 0.011111111111111112 0.012037037037037037
0 0.6814814814814815 0.36944444444444446 0.012037037037037037 0.012962962962962963
0 0.6861111111111111 0.3888888888888889 0.012037037037037037 0.012037037037037037
0 0.6777777777777778 0.40370370370370373 0.012037037037037037 0.012037037037037037
0 0.6296296296296297 0.42407407407407405 0.012037037037037037 0.012037037037037037
0 0.6351851851851852 0.3787037037037037 0.012962962962962963 0.012962962962962963
0 0.675 0.2861111111111111 0.012037037037037037 0.012037037037037037
0 0.6212962962962963 0.2833333333333333 0.012037037037037037 0.012037037037037037
0 0.5879629629629629 0.2740740740740741 0.012962962962962963 0.012962962962962963
0 0.5731481481481482 0.26851851851851855 0.012962962962962963 0.012037037037037037
0 0.5333333333333333 0.26481481481481484 0.012037037037037037 0.012962962962962963
0 0.5574074074074075 0.32037037037037036 0.012037037037037037 0.012962962962962963
0 0.575 0.3074074074074074 0.012037037037037037 0.012962962962962963
0 0.5138888888888888 0.35 0.012962962962962963 0.012962962962962963
0 0.5731481481481482 0.37777777777777777 0.012037037037037037 0.012037037037037037
0 0.5953703703703703 0.3731481481481482 0.012962962962962963 0.012037037037037037
0 0.575925925925926 0.4083333333333333 0.012037037037037037 0.012037037037037037
0 0.5351851851851852 0.4148148148148148 0.012962962962962963 0.012962962962962963
0 0.4564814814814815 0.33240740740740743 0.012037037037037037 0.012962962962962963
0 0.48055555555555557 0.3731481481481482 0.012037037037037037 0.012037037037037037
0 0.43333333333333335 0.42777777777777776 0.012037037037037037 0.012962962962962963
0 0.44351851851851853 0.38981481481481484 0.012962962962962963 0.012962962962962963
0 0.4444444444444444 0.3685185185185185 0.012037037037037037 0.012962962962962963
0 0.38055555555555554 0.35555555555555557 0.012037037037037037 0.012962962962962963
0 0.4083333333333333 0.3731481481481482 0.012037037037037037 0.012037037037037037
0 0.4009259259259259 0.3962962962962963 0.012962962962962963 0.012037037037037037
3 0.6268518518518519 0.6138888888888889 0.01574074074074074 0.017592592592592594
3 0.6157407407407407 0.5824074074074074 0.016666666666666666 0.016666666666666666
3 0.5666666666666667 0.5814814814814815 0.016666666666666666 0.01574074074074074
3 0.5675925925925925 0.6027777777777777 0.016666666666666666 0.016666666666666666
3 0.5231481481481481 0.5981481481481481 0.016666666666666666 0.016666666666666666
3 0.5342592592592592 0.6361111111111111 0.016666666666666666 0.016666666666666666
3 0.5879629629629629 0.6925925925925925 0.01574074074074074 0.017592592592592594
3 0.5333333333333333 0.7074074074074074 0.017592592592592594 0.017592592592592594
3 0.5305555555555556 0.6814814814814815 0.017592592592592594 0.017592592592592594
3 0.49537037037037035 0.7203703703703703 0.01574074074074074 0.017592592592592594
3 0.46296296296296297 0.6203703703703703 0.016666666666666666 0.017592592592592594
3 0.44166666666666665 0.6129629629629629 0.01574074074074074 0.016666666666666666
1 0.41203703703703703 0.6148148148148148 0.01574074074074074 0.014814814814814815
3 0.3861111111111111 0.6416666666666667 0.01574074074074074 0.017592592592592594
3 0.35462962962962963 0.6564814814814814 0.016666666666666666 0.017592592592592594
3 0.42592592592592593 0.6935185185185185 0.016666666666666666 0.017592592592592594
3 0.40185185185185185 0.7324074074074074 0.016666666666666666 0.017592592592592594
3 0.3768518518518518 0.7 0.016666666666666666 0.017592592592592594
3 0.34814814814814815 0.700925925925926 0.016666666666666666 0.017592592592592594
3 0.3194444444444444 0.5916666666666667 0.016666666666666666 0.017592592592592594
3 0.32592592592592595 0.5518518518518518 0.01574074074074074 0.017592592592592594
3 0.35462962962962963 0.5722222222222222 0.016666666666666666 0.016666666666666666
3 0.35648148148148145 0.5472222222222223 0.017592592592592594 0.016666666666666666
3 0.41203703703703703 0.5861111111111111 0.016666666666666666 0.017592592592592594
3 0.43333333333333335 0.5787037037037037 0.016666666666666666 0.017592592592592594
3 0.4083333333333333 0.5425925925925926 0.017592592592592594 0.016666666666666666
3 0.39444444444444443 0.5277777777777778 0.017592592592592594 0.017592592592592594
1 0.3509259259259259 0.5166666666666667 0.01574074074074074 0.01574074074074074
3 0.3851851851851852 0.4981481481481482 0.016666666666666666 0.016666666666666666
3 0.36574074074074076 0.4861111111111111 0.016666666666666666 0.017592592592592594
3 0.3398148148148148 0.4740740740740741 0.016666666666666666 0.017592592592592594
3 0.3638888888888889 0.4685185185185185 0.016666666666666666 0.016666666666666666
3 0.4064814814814815 0.47129629629629627 0.017592592592592594 0.017592592592592594
3 0.4305555555555556 0.475 0.01574074074074074 0.01574074074074074
3 0.45 0.4898148148148148 0.016666666666666666 0.017592592592592594
3 0.4351851851851852 0.5092592592592593 0.016666666666666666 0.016666666666666666
3 0.47685185185185186 0.4935185185185185 0.016666666666666666 0.01574074074074074
3 0.4685185185185185 0.5231481481481481 0.01574074074074074 0.016666666666666666
3 0.5037037037037037 0.5398148148148149 0.01574074074074074 0.016666666666666666
3 0.5018518518518519 0.5064814814814815 0.016666666666666666 0.016666666666666666
3 0.5157407407407407 0.5203703703703704 0.016666666666666666 0.016666666666666666
3 0.5268518518518519 0.5435185185185185 0.01574074074074074 0.017592592592592594
3 0.5518518518518518 0.562962962962963 0.01574074074074074 0.016666666666666666
3 0.5546296296296296 0.5101851851851852 0.01574074074074074 0.017592592592592594
3 0.5287037037037037 0.45555555555555555 0.01574074074074074 0.017592592592592594
3 0.5064814814814815 0.45740740740740743 0.016666666666666666 0.016666666666666666
3 0.5777777777777777 0.4583333333333333 0.01574074074074074 0.016666666666666666
3 0.6268518518518519 0.45 0.016666666666666666 0.016666666666666666
3 0.6037037037037037 0.5101851851851852 0.017592592592592594 0.017592592592592594
3 0.5990740740740741 0.5472222222222223 0.016666666666666666 0.01574074074074074
3 0.6555555555555556 0.5212962962962963 0.01574074074074074 0.017592592592592594
3 0.6759259259259259 0.45555555555555555 0.016666666666666666 0.017592592592592594
3 0.6462962962962963 0.4351851851851852 0.016666666666666666 0.017592592592592594
3 0.6611111111111111 0.41759259259259257 0.016666666666666666 0.017592592592592594
3 0.6648148148148149 0.3851851851851852 0.016666666666666666 0.017592592592592594
3 0.6824074074074075 0.34629629629629627 0.016666666666666666 0.016666666666666666
3 0.6731481481481482 0.32685185185185184 0.01574074074074074 0.017592592592592594
3 0.6194444444444445 0.3351851851851852 0.01574074074074074 0.017592592592592594
3 0.6138888888888889 0.38333333333333336 0.016666666666666666 0.016666666666666666
3 0.6268518518518519 0.40555555555555556 0.016666666666666666 0.017592592592592594
3 0.5972222222222222 0.4212962962962963 0.016666666666666666 0.016666666666666666
3 0.5777777777777777 0.42962962962962964 0.017592592592592594 0.017592592592592594
3 0.5287037037037037 0.4351851851851852 0.01574074074074074 0.01574074074074074
3 0.49722222222222223 0.4388888888888889 0.01574074074074074 0.016666666666666666
3 0.5564814814814815 0.3398148148148148 0.016666666666666666 0.017592592592592594
3 0.537962962962963 0.35185185185185186 0.017592592592592594 0.01574074074074074
3 0.5527777777777778 0.3675925925925926 0.016666666666666666 0.017592592592592594
3 0.5277777777777778 0.36944444444444446 0.01574074074074074 0.016666666666666666
3 0.5259259259259259 0.3314814814814815 0.01574074074074074 0.016666666666666666
3 0.49074074074074076 0.3527777777777778 0.017592592592592594 0.017592592592592594
3 0.487962962962963 0.3148148148148148 0.017592592592592594 0.017592592592592594
3 0.4648148148148148 0.30925925925925923 0.017592592592592594 0.017592592592592594
3 0.4212962962962963 0.32314814814814813 0.017592592592592594 0.017592592592592594
1 0.42592592592592593 0.36203703703703705 0.013888888888888888 0.01574074074074074
3 0.4666666666666667 0.4 0.016666666666666666 0.017592592592592594
3 0.43425925925925923 0.40925925925925927 0.01574074074074074 0.017592592592592594
3 0.40555555555555556 0.42962962962962964 0.016666666666666666 0.017592592592592594
3 0.3472222222222222 0.3888888888888889 0.017592592592592594 0.017592592592592594
3 0.5546296296296296 0.29907407407407405 0.016666666666666666 0.017592592592592594
3 0.5916666666666667 0.2972222222222222 0.016666666666666666 0.017592592592592594
3 0.6231481481481481 0.2537037037037037 0.016666666666666666 0.016666666666666666
1 0.4527777777777778 0.3509259259259259 0.014814814814814815 0.01574074074074074
1 0.5138888888888888 0.4203703703703704 0.013888888888888888 0.014814814814814815
1 0.47962962962962963 0.43703703703703706 0.014814814814814815 0.014814814814814815
1 0.5907407407407408 0.44351851851851853 0.014814814814814815 0.01574074074074074
1 0.6203703703703703 0.49722222222222223 0.013888888888888888 0.014814814814814815
1 0.587037037037037 0.5277777777777778 0.013888888888888888 0.01574074074074074
1 0.6657407407407407 0.5574074074074075 0.012962962962962963 0.014814814814814815
1 0.4981481481481482 0.6037037037037037 0.013888888888888888 0.01574074074074074
0 0.33796296296296297 0.6694444444444444 0.012037037037037037 0.012037037037037037
3 0.33425925925925926 0.6333333333333333 0.016666666666666666 0.017592592592592594
1 0.48055555555555557 0.5611111111111111 0.014814814814814815 0.014814814814814815