1 0.32314814814814813 0.4759259259259259 0.037037037037037035 0.03796296296296296
1 0.24537037037037038 0.49537037037037035 0.037037037037037035 0.03888888888888889
1 0.30185185185185187 0.37222222222222223 0.03796296296296296 0.03888888888888889
1 0.2537037037037037 0.37037037037037035 0.037037037037037035 0.037037037037037035
1 0.2212962962962963 0.3907407407407407 0.03981481481481482 0.03796296296296296
1 0.1685185185185185 0.42407407407407405 0.03796296296296296 0.03981481481481482
1 0.1111111111111111 0.41574074074074074 0.037037037037037035 0.03888888888888889
1 0.14629629629629629 0.5064814814814815 0.037037037037037035 0.037037037037037035
1 0.1638888888888889 0.5842592592592593 0.037037037037037035 0.03981481481481482
1 0.18055555555555555 0.6185185185185185 0.03796296296296296 0.03796296296296296
1 0.1925925925925926 0.6592592592592592 0.03796296296296296 0.03981481481481482
1 0.21388888888888888 0.7731481481481481 0.037037037037037035 0.03888888888888889
1 0.07962962962962963 0.562962962962963 0.037037037037037035 0.03796296296296296
3 0.05092592592592592 0.6583333333333333 0.04259259259259259 0.04259259259259259
3 0.14444444444444443 0.38333333333333336 0.04351851851851852 0.04259259259259259
3 0.1814814814814815 0.3287037037037037 0.04259259259259259 0.04259259259259259
3 0.22314814814814815 0.462037037037037 0.04259259259259259 0.041666666666666664
3 0.18796296296296297 0.7407407407407407 0.04259259259259259 0.044444444444444446
3 0.31203703703703706 0.8185185185185185 0.04351851851851852 0.04351851851851852
3 0.31666666666666665 0.7694444444444445 0.04351851851851852 0.04351851851851852
3 0.2759259259259259 0.7916666666666666 0.04351851851851852 0.044444444444444446
3 0.28703703703703703 0.4935185185185185 0.04351851851851852 0.041666666666666664
3 0.29074074074074074 0.45092592592592595 0.041666666666666664 0.04351851851851852
3 0.31296296296296294 0.2657407407407407 0.04259259259259259 0.04351851851851852
3 0.38425925925925924 0.24074074074074073 0.04259259259259259 0.044444444444444446
3 0.40925925925925927 0.2861111111111111 0.04259259259259259 0.04351851851851852
3 0.42314814814814816 0.33055555555555555 0.04259259259259259 0.041666666666666664
3 0.4166666666666667 0.37407407407407406 0.04259259259259259 0.04259259259259259
3 0.4351851851851852 0.4722222222222222 0.04259259259259259 0.040740740740740744
3 0.37962962962962965 0.5805555555555556 0.04351851851851852 0.04351851851851852
3 0.5203703703703704 0.5222222222222223 0.04259259259259259 0.04351851851851852
3 0.4925925925925926 0.575925925925926 0.04351851851851852 0.044444444444444446
3 0.5092592592592593 0.6620370370370371 0.04259259259259259 0.04351851851851852
3 0.45185185185185184 0.6398148148148148 0.04259259259259259 0.04259259259259259
3 0.5046296296296297 0.29814814814814816 0.04259259259259259 0.04259259259259259
3 0.5388888888888889 0.7555555555555555 0.044444444444444446 0.04259259259259259
3 0.6277777777777778 0.7277777777777777 0.04259259259259259 0.04351851851851852
3 0.6722222222222223 0.7240740740740741 0.04259259259259259 0.04351851851851852
3 0.6564814814814814 0.6731481481481482 0.04351851851851852 0.044444444444444446
3 0.7157407407407408 0.8101851851851852 0.04351851851851852 0.04351851851851852
3 0.725925925925926 0.7601851851851852 0.04351851851851852 0.044444444444444446
3 0.7407407407407407 0.4925925925925926 0.046296296296296294 0.04351851851851852
3 0.674074074074074 0.39444444444444443 0.044444444444444446 0.04351851851851852
3 0.6657407407407407 0.3388888888888889 0.044444444444444446 0.04351851851851852
3 0.5694444444444444 0.35648148148148145 0.044444444444444446 0.04259259259259259
3 0.5925925925925926 0.1925925925925926 0.04351851851851852 0.04351851851851852
3 0.6370370370370371 0.26666666666666666 0.04351851851851852 0.04351851851851852
3 0.8324074074074074 0.27870370370370373 0.04537037037037037 0.04351851851851852
3 0.8037037037037037 0.3138888888888889 0.04537037037037037 0.04351851851851852
3 0.8481481481481481 0.5944444444444444 0.04537037037037037 0.044444444444444446
3 0.762962962962963 0.5981481481481481 0.04537037037037037 0.04351851851851852
1 0.612037037037037 0.5092592592592593 0.03796296296296296 0.03796296296296296
1 0.5907407407407408 0.47685185185185186 0.037037037037037035 0.037037037037037035
0 0.4648148148148148 0.2638888888888889 0.032407407407407406 0.032407407407407406
0 0.44351851851851853 0.4046296296296296 0.032407407407407406 0.03148148148148148
1 0.32685185185185184 0.4046296296296296 0.037037037037037035 0.03796296296296296
2 0.10185185185185185 0.37962962962962965 0.03333333333333333 0.03518518518518519
2 0.11018518518518519 0.5138888888888888 0.03425925925925926 0.03425925925925926
2 0.15185185185185185 0.4703703703703704 0.03425925925925926 0.03425925925925926
2 0.225 0.34629629629629627 0.03333333333333333 0.032407407407407406
2 0.21203703703703702 0.30462962962962964 0.03425925925925926 0.03518518518518519
2 0.18055555555555555 0.5175925925925926 0.032407407407407406 0.03425925925925926
2 0.21388888888888888 0.524074074074074 0.03333333333333333 0.03518518518518519
2 0.15185185185185185 0.6472222222222223 0.03333333333333333 0.03518518518518519
2 0.11388888888888889 0.6694444444444444 0.032407407407407406 0.03611111111111111
2 0.1925925925925926 0.700925925925926 0.03425925925925926 0.03425925925925926
2 0.3175925925925926 0.32685185185185184 0.03333333333333333 0.03333333333333333
2 0.2898148148148148 0.4111111111111111 0.032407407407407406 0.03425925925925926
2 0.287962962962963 0.5342592592592592 0.03425925925925926 0.03425925925925926
2 0.2611111111111111 0.6194444444444445 0.03333333333333333 0.03333333333333333
1 0.35 0.3138888888888889 0.03796296296296296 0.03796296296296296
2 0.26944444444444443 0.6518518518518519 0.03518518518518519 0.03611111111111111
2 0.2824074074074074 0.7444444444444445 0.03333333333333333 0.03518518518518519
2 0.31296296296296294 0.7268518518518519 0.03333333333333333 0.03425925925925926
2 0.3435185185185185 0.7074074074074074 0.03333333333333333 0.03333333333333333
2 0.33796296296296297 0.6277777777777778 0.03333333333333333 0.03425925925925926
2 0.33055555555555555 0.5944444444444444 0.03611111111111111 0.03333333333333333
2 0.37407407407407406 0.5351851851851852 0.032407407407407406 0.03518518518518519
2 0.35833333333333334 0.46944444444444444 0.032407407407407406 0.03333333333333333
2 0.4305555555555556 0.20925925925925926 0.03611111111111111 0.03611111111111111
2 0.387037037037037 0.725 0.03333333333333333 0.03425925925925926
2 0.4083333333333333 0.6712962962962963 0.03425925925925926 0.03333333333333333
2 0.4203703703703704 0.7046296296296296 0.03425925925925926 0.03425925925925926
2 0.41574074074074074 0.6259259259259259 0.03333333333333333 0.03611111111111111
2 0.4203703703703704 0.5907407407407408 0.03425925925925926 0.03425925925925926
2 0.462037037037037 0.4388888888888889 0.03611111111111111 0.03611111111111111
2 0.5314814814814814 0.19907407407407407 0.037037037037037035 0.032407407407407406
2 0.5120370370370371 0.2564814814814815 0.037037037037037035 0.03611111111111111
2 0.5925925925925926 0.24537037037037038 0.03425925925925926 0.03611111111111111
2 0.5574074074074075 0.262037037037037 0.03425925925925926 0.03333333333333333
2 0.55 0.2962962962962963 0.03425925925925926 0.03611111111111111
2 0.6138888888888889 0.3351851851851852 0.03611111111111111 0.03796296296296296
2 0.6777777777777778 0.2898148148148148 0.03425925925925926 0.03425925925925926
2 0.5962962962962963 0.4398148148148148 0.03333333333333333 0.03333333333333333
2 0.5592592592592592 0.45185185185185184 0.03148148148148148 0.03333333333333333
2 0.5296296296296297 0.4842592592592593 0.032407407407407406 0.03611111111111111
2 0.537962962962963 0.5787037037037037 0.03518518518518519 0.03425925925925926
2 0.6027777777777777 0.5444444444444444 0.03333333333333333 0.03425925925925926
2 0.55 0.612037037037037 0.03333333333333333 0.03425925925925926
2 0.5138888888888888 0.6092592592592593 0.03333333333333333 0.03611111111111111
2 0.4583333333333333 0.6796296296296296 0.03333333333333333 0.03425925925925926
2 0.4537037037037037 0.7592592592592593 0.03333333333333333 0.03425925925925926
2 0.46574074074074073 0.7935185185185185 0.03333333333333333 0.03425925925925926
2 0.5546296296296296 0.7092592592592593 0.03333333333333333 0.03333333333333333
2 0.5694444444444444 0.6777777777777778 0.03425925925925926 0.03425925925925926
2 0.5675925925925925 0.6416666666666667 0.03425925925925926 0.03425925925925926
2 0.6509259259259259 0.7953703703703704 0.03518518518518519 0.03425925925925926
2 0.6833333333333333 0.7805555555555556 0.03333333333333333 0.03333333333333333
2 0.7648148148148148 0.7537037037037037 0.03333333333333333 0.03611111111111111
2 0.7425925925925926 0.6342592592592593 0.03518518518518519 0.03611111111111111
2 0.7166666666666667 0.6064814814814815 0.03518518518518519 0.03611111111111111
2 0.7222222222222222 0.5712962962962963 0.03425925925925926 0.03425925925925926
2 0.7037037037037037 0.5212962962962963 0.03611111111111111 0.03425925925925926
2 0.6981481481481482 0.36203703703703705 0.037037037037037035 0.03425925925925926
2 0.7398148148148148 0.30277777777777776 0.032407407407407406 0.03518518518518519
2 0.7694444444444445 0.28055555555555556 0.03518518518518519 0.03611111111111111
2 0.8407407407407408 0.3435185185185185 0.03611111111111111 0.03425925925925926
2 0.8398148148148148 0.3962962962962963 0.037037037037037035 0.03425925925925926
2 0.8018518518518518 0.4083333333333333 0.03425925925925926 0.03425925925925926
2 0.7361111111111112 0.3861111111111111 0.03518518518518519 0.03425925925925926
2 0.7240740740740741 0.4185185185185185 0.03425925925925926 0.032407407407407406
2 0.8 0.5574074074074075 0.037037037037037035 0.03611111111111111
2 0.8111111111111111 0.6166666666666667 0.03611111111111111 0.03518518518518519
2 0.8481481481481481 0.6361111111111111 0.03518518518518519 0.03425925925925926
0 0.17962962962962964 0.7796296296296297 0.030555555555555555 0.032407407407407406
0 0.16111111111111112 0.712037037037037 0.03148148148148148 0.03148148148148148
0 0.1574074074074074 0.6814814814814815 0.03148148148148148 0.03148148148148148
0 0.10740740740740741 0.7027777777777777 0.03148148148148148 0.03148148148148148
0 0.1388888888888889 0.7388888888888889 0.030555555555555555 0.03148148148148148
0 0.09722222222222222 0.6314814814814815 0.030555555555555555 0.030555555555555555
0 0.07962962962962963 0.6018518518518519 0.030555555555555555 0.032407407407407406
0 0.14537037037037037 0.6129629629629629 0.032407407407407406 0.032407407407407406
0 0.13796296296296295 0.5407407407407407 0.03148148148148148 0.03148148148148148
0 0.11574074074074074 0.47962962962962963 0.032407407407407406 0.03148148148148148
0 0.18888888888888888 0.4842592592592593 0.030555555555555555 0.030555555555555555
0 0.17037037037037037 0.5481481481481482 0.03148148148148148 0.03148148148148148
0 0.21296296296296297 0.6287037037037037 0.032407407407407406 0.032407407407407406
0 0.2712962962962963 0.29907407407407405 0.032407407407407406 0.032407407407407406
0 0.25833333333333336 0.4064814814814815 0.03148148148148148 0.032407407407407406
0 0.25277777777777777 0.4388888888888889 0.032407407407407406 0.03148148148148148
0 0.21481481481481482 0.425 0.03148148148148148 0.032407407407407406
0 0.13333333333333333 0.3453703703703704 0.03148148148148148 0.03148148148148148
0 0.18981481481481483 0.3712962962962963 0.03148148148148148 0.03148148148148148
0 0.3509259259259259 0.7944444444444444 0.03148148148148148 0.03148148148148148
0 0.35185185185185186 0.7388888888888889 0.03148148148148148 0.032407407407407406
0 0.375 0.6935185185185185 0.032407407407407406 0.032407407407407406
0 0.3138888888888889 0.6925925925925925 0.03148148148148148 0.032407407407407406
0 0.3074074074074074 0.6472222222222223 0.03148148148148148 0.032407407407407406
0 0.2814814814814815 0.6953703703703704 0.03148148148148148 0.03148148148148148
0 0.2601851851851852 0.7194444444444444 0.03148148148148148 0.03148148148148148
0 0.37037037037037035 0.6166666666666667 0.03148148148148148 0.03148148148148148
0 0.3453703703703704 0.5157407407407407 0.03148148148148148 0.03148148148148148
0 0.325 0.5444444444444444 0.032407407407407406 0.03148148148148148
0 0.3824074074074074 0.49907407407407406 0.03148148148148148 0.03148148148148148
0 0.35 0.35 0.03148148148148148 0.03148148148148148
0 0.27314814814814814 0.25925925925925924 0.03148148148148148 0.03148148148148148
0 0.37037037037037035 0.2777777777777778 0.03148148148148148 0.032407407407407406
0 0.38425925925925924 0.3277777777777778 0.03148148148148148 0.032407407407407406
0 0.5407407407407407 0.23148148148148148 0.03148148148148148 0.032407407407407406
0 0.4759259259259259 0.4074074074074074 0.032407407407407406 0.032407407407407406
0 0.5287037037037037 0.4388888888888889 0.03148148148148148 0.032407407407407406
0 0.4305555555555556 0.43425925925925923 0.03148148148148148 0.032407407407407406
0 0.575925925925926 0.31574074074074077 0.032407407407407406 0.03333333333333333
0 0.5638888888888889 0.4 0.032407407407407406 0.032407407407407406
0 0.5722222222222222 0.5111111111111111 0.032407407407407406 0.03148148148148148
0 0.41388888888888886 0.5527777777777778 0.03148148148148148 0.032407407407407406
0 0.4546296296296296 0.5898148148148148 0.03148148148148148 0.03148148148148148
0 0.47962962962962963 0.6129629629629629 0.032407407407407406 0.03148148148148148
0 0.5824074074074074 0.6074074074074074 0.03333333333333333 0.032407407407407406
0 0.5981481481481481 0.5787037037037037 0.03148148148148148 0.032407407407407406
0 0.6018518518518519 0.6351851851851852 0.032407407407407406 0.03148148148148148
0 0.4898148148148148 0.6962962962962963 0.032407407407407406 0.032407407407407406
0 0.5185185185185185 0.7203703703703703 0.032407407407407406 0.032407407407407406
0 0.48703703703703705 0.7638888888888888 0.03148148148148148 0.03148148148148148
0 0.5148148148148148 0.787962962962963 0.03333333333333333 0.032407407407407406
0 0.5833333333333334 0.7666666666666667 0.032407407407407406 0.032407407407407406
0 0.5953703703703703 0.8027777777777778 0.032407407407407406 0.032407407407407406
0 0.5648148148148148 0.8444444444444444 0.032407407407407406 0.032407407407407406
0 0.44537037037037036 0.8203703703703704 0.03148148148148148 0.032407407407407406
0 0.6194444444444445 0.662962962962963 0.03148148148148148 0.03518518518518519
0 0.6555555555555556 0.7592592592592593 0.03148148148148148 0.03425925925925926
0 0.7583333333333333 0.799074074074074 0.03333333333333333 0.03333333333333333
0 0.8009259259259259 0.7453703703703703 0.03425925925925926 0.03333333333333333
0 0.7916666666666666 0.712037037037037 0.03425925925925926 0.03333333333333333
0 0.6925925925925925 0.6898148148148148 0.03333333333333333 0.032407407407407406
0 0.6407407407407407 0.6370370370370371 0.032407407407407406 0.03148148148148148
0 0.687037037037037 0.5685185185185185 0.03333333333333333 0.03148148148148148
0 0.6518518518518519 0.4888888888888889 0.03425925925925926 0.032407407407407406
0 0.7814814814814814 0.6324074074074074 0.03425925925925926 0.032407407407407406
0 0.8157407407407408 0.6509259259259259 0.03333333333333333 0.03333333333333333
0 0.7564814814814815 0.5324074074074074 0.03333333333333333 0.03425925925925926
0 0.8018518518518518 0.5212962962962963 0.032407407407407406 0.030555555555555555
0 0.8361111111111111 0.5138888888888888 0.032407407407407406 0.032407407407407406
0 0.725925925925926 0.45185185185185184 0.032407407407407406 0.03148148148148148
0 0.6287037037037037 0.3675925925925926 0.032407407407407406 0.032407407407407406
0 0.8231481481481482 0.4361111111111111 0.03333333333333333 0.032407407407407406
0 0.7907407407407407 0.4462962962962963 0.03425925925925926 0.03333333333333333
0 0.8666666666666667 0.37222222222222223 0.03518518518518519 0.032407407407407406
0 0.7972222222222223 0.24814814814814815 0.03425925925925926 0.032407407407407406
0 0.725925925925926 0.3416666666666667 0.03333333333333333 0.032407407407407406
0 0.649074074074074 0.22870370370370371 0.032407407407407406 0.032407407407407406
1 0.8296296296296296 0.6833333333333333 0.03981481481481482 0.03981481481481482
1 0.8601851851851852 0.5537037037037037 0.040740740740740744 0.03888888888888889
1 0.8574074074074074 0.45 0.040740740740740744 0.03981481481481482
1 0.7620370370370371 0.41388888888888886 0.03888888888888889 0.03981481481481482
1 0.8092592592592592 0.4861111111111111 0.03981481481481482 0.040740740740740744
1 0.7148148148148148 0.26851851851851855 0.03796296296296296 0.03981481481481482
1 0.8037037037037037 0.3638888888888889 0.041666666666666664 0.03981481481481482
1 0.7638888888888888 0.6777777777777778 0.03981481481481482 0.03796296296296296
1 0.7546296296296297 0.7166666666666667 0.03888888888888889 0.03981481481481482
1 0.7157407407407408 0.7194444444444444 0.041666666666666664 0.03981481481481482
1 0.6138888888888889 0.8342592592592593 0.03796296296296296 0.03888888888888889
1 0.6203703703703703 0.7712962962962963 0.03888888888888889 0.03888888888888889
1 0.6574074074074074 0.5879629629629629 0.03981481481481482 0.03981481481481482
1 0.6620370370370371 0.5268518518518519 0.03888888888888889 0.03796296296296296
1 0.6935185185185185 0.47314814814814815 0.040740740740740744 0.03888888888888889
1 0.6222222222222222 0.4074074074074074 0.03796296296296296 0.03888888888888889
1 0.687962962962963 0.43333333333333335 0.03981481481481482 0.03796296296296296
1 0.637962962962963 0.3074074074074074 0.03796296296296296 0.03888888888888889
1 0.6777777777777778 0.2518518518518518 0.03981481481481482 0.03981481481481482
1 0.5898148148148148 0.2824074074074074 0.03888888888888889 0.040740740740740744
1 0.475 0.2074074074074074 0.03796296296296296 0.03981481481481482
1 0.5268518518518519 0.33425925925925926 0.037037037037037035 0.03796296296296296
1 0.5175925925925926 0.3972222222222222 0.037037037037037035 0.03888888888888889
1 0.4888888888888889 0.34444444444444444 0.03796296296296296 0.03981481481481482
1 0.47685185185185186 0.4722222222222222 0.037037037037037035 0.03796296296296296
1 0.462037037037037 0.5277777777777778 0.03796296296296296 0.03796296296296296
1 0.4009259259259259 0.412962962962963 0.037037037037037035 0.03796296296296296
1 0.362962962962963 0.41574074074074074 0.037037037037037035 0.03796296296296296
1 0.37592592592592594 0.3731481481481482 0.037037037037037035 0.03796296296296296
1 0.4546296296296296 0.7222222222222222 0.037037037037037035 0.03796296296296296
1 0.4212962962962963 0.7425925925925926 0.03796296296296296 0.03796296296296296
1 0.36018518518518516 0.6574074074074074 0.037037037037037035 0.03888888888888889
1 0.38981481481481484 0.7657407407407407 0.037037037037037035 0.03796296296296296
1 0.3888888888888889 0.812037037037037 0.03888888888888889 0.03888888888888889
1 0.6027777777777777 0.6953703703703704 0.03796296296296296 0.040740740740740744
1 0.5861111111111111 0.7305555555555555 0.03981481481481482 0.03981481481481482
1 0.687962962962963 0.6305555555555555 0.03981481481481482 0.03796296296296296
1 0.5462962962962963 0.8138888888888889 0.03981481481481482 0.03981481481481482
1 0.4925925925925926 0.8194444444444444 0.037037037037037035 0.03888888888888889
1 0.24722222222222223 0.7555555555555555 0.03796296296296296 0.03796296296296296
1 0.225 0.7166666666666667 0.03796296296296296 0.03888888888888889
1 0.22777777777777777 0.6759259259259259 0.037037037037037035 0.03796296296296296
1 0.29814814814814816 0.6129629629629629 0.03796296296296296 0.03796296296296296
1 0.30092592592592593 0.5740740740740741 0.03796296296296296 0.03796296296296296
1 0.26296296296296295 0.5824074074074074 0.037037037037037035 0.037037037037037035
1 0.2212962962962963 0.575925925925926 0.03796296296296296 0.03888888888888889
1 0.39444444444444443 0.46296296296296297 0.03518518518518519 0.037037037037037035