2 0.7759259259259259 0.524074074074074 0.019444444444444445 0.020370370370370372
2 0.7712962962962963 0.4425925925925926 0.019444444444444445 0.019444444444444445
2 0.7388888888888889 0.27314814814814814 0.019444444444444445 0.020370370370370372
2 0.7240740740740741 0.25 0.020370370370370372 0.020370370370370372
2 0.7092592592592593 0.26851851851851855 0.020370370370370372 0.020370370370370372
2 0.7296296296296296 0.32685185185185184 0.020370370370370372 0.020370370370370372
2 0.7194444444444444 0.36574074074074076 0.020370370370370372 0.020370370370370372
2 0.7148148148148148 0.4287037037037037 0.020370370370370372 0.020370370370370372
2 0.7240740740740741 0.46296296296296297 0.020370370370370372 0.020370370370370372
2 0.7157407407407408 0.4861111111111111 0.020370370370370372 0.020370370370370372
2 0.7092592592592593 0.5148148148148148 0.020370370370370372 0.020370370370370372
2 0.7055555555555556 0.5583333333333333 0.019444444444444445 0.020370370370370372
2 0.6759259259259259 0.5787037037037037 0.021296296296296296 0.020370370370370372
2 0.6194444444444445 0.637962962962963 0.019444444444444445 0.020370370370370372
2 0.612037037037037 0.6157407407407407 0.019444444444444445 0.020370370370370372
2 0.6287037037037037 0.5935185185185186 0.020370370370370372 0.020370370370370372
2 0.612037037037037 0.5666666666666667 0.019444444444444445 0.020370370370370372
2 0.6342592592592593 0.55 0.020370370370370372 0.020370370370370372
2 0.6037037037037037 0.5333333333333333 0.019444444444444445 0.020370370370370372
2 0.6296296296296297 0.5231481481481481 0.020370370370370372 0.020370370370370372
2 0.6175925925925926 0.5009259259259259 0.019444444444444445 0.023148148148148147
2 0.6546296296296297 0.49444444444444446 0.020370370370370372 0.020370370370370372
2 0.6898148148148148 0.49537037037037035 0.019444444444444445 0.021296296296296296
2 0.6555555555555556 0.4685185185185185 0.020370370370370372 0.020370370370370372
2 0.6685185185185185 0.4351851851851852 0.018518518518518517 0.020370370370370372
2 0.6805555555555556 0.4064814814814815 0.019444444444444445 0.019444444444444445
2 0.6601851851851852 0.4027777777777778 0.020370370370370372 0.020370370370370372
2 0.6037037037037037 0.462037037037037 0.021296296296296296 0.021296296296296296
2 0.6046296296296296 0.3990740740740741 0.020370370370370372 0.020370370370370372
2 0.5833333333333334 0.4111111111111111 0.020370370370370372 0.020370370370370372
2 0.6444444444444445 0.3768518518518518 0.020370370370370372 0.021296296296296296
2 0.6398148148148148 0.35185185185185186 0.020370370370370372 0.021296296296296296
2 0.674074074074074 0.31574074074074077 0.020370370370370372 0.020370370370370372
2 0.6851851851851852 0.25925925925925924 0.019444444444444445 0.021296296296296296
2 0.6842592592592592 0.22314814814814815 0.019444444444444445 0.020370370370370372
2 0.6101851851851852 0.30648148148148147 0.019444444444444445 0.020370370370370372
2 0.5814814814814815 0.33611111111111114 0.020370370370370372 0.020370370370370372
2 0.5712962962962963 0.362962962962963 0.019444444444444445 0.020370370370370372
2 0.5666666666666667 0.5074074074074074 0.020370370370370372 0.021296296296296296
2 0.5842592592592593 0.5222222222222223 0.019444444444444445 0.022222222222222223
2 0.5796296296296296 0.5722222222222222 0.022222222222222223 0.020370370370370372
2 0.5574074074074075 0.5416666666666666 0.020370370370370372 0.022222222222222223
2 0.5601851851851852 0.6092592592592593 0.020370370370370372 0.021296296296296296
2 0.5657407407407408 0.6527777777777778 0.021296296296296296 0.023148148148148147
2 0.5898148148148148 0.18611111111111112 0.021296296296296296 0.021296296296296296
2 0.5805555555555556 0.22870370370370371 0.018518518518518517 0.021296296296296296
2 0.5666666666666667 0.25 0.020370370370370372 0.020370370370370372
2 0.524074074074074 0.3416666666666667 0.020370370370370372 0.020370370370370372
2 0.5324074074074074 0.4564814814814815 0.018518518518518517 0.019444444444444445
2 0.5083333333333333 0.4185185185185185 0.020370370370370372 0.020370370370370372
2 0.5092592592592593 0.5324074074074074 0.020370370370370372 0.020370370370370372
2 0.5296296296296297 0.55 0.020370370370370372 0.020370370370370372
2 0.5314814814814814 0.6546296296296297 0.020370370370370372 0.019444444444444445
2 0.5398148148148149 0.7185185185185186 0.022222222222222223 0.020370370370370372
2 0.5351851851851852 0.75 0.020370370370370372 0.022222222222222223
2 0.5185185185185185 0.28425925925925927 0.020370370370370372 0.020370370370370372
2 0.48703703703703705 0.32314814814814813 0.020370370370370372 0.020370370370370372
2 0.5203703703703704 0.2611111111111111 0.020370370370370372 0.020370370370370372
2 0.49537037037037035 0.2490740740740741 0.018518518518518517 0.021296296296296296
2 0.5305555555555556 0.21203703703703702 0.019444444444444445 0.020370370370370372
2 0.5444444444444444 0.23148148148148148 0.018518518518518517 0.020370370370370372
2 0.5592592592592592 0.2111111111111111 0.020370370370370372 0.020370370370370372
2 0.5518518518518518 0.15555555555555556 0.022222222222222223 0.020370370370370372
2 0.5425925925925926 0.125 0.020370370370370372 0.021296296296296296
2 0.5675925925925925 0.125 0.021296296296296296 0.020370370370370372
2 0.487962962962963 0.549074074074074 0.020370370370370372 0.020370370370370372
2 0.45925925925925926 0.5731481481481482 0.020370370370370372 0.023148148148148147
2 0.48518518518518516 0.6138888888888889 0.020370370370370372 0.022222222222222223
2 0.44722222222222224 0.649074074074074 0.020370370370370372 0.022222222222222223
2 0.46296296296296297 0.6648148148148149 0.021296296296296296 0.021296296296296296
2 0.45555555555555555 0.6925925925925925 0.020370370370370372 0.022222222222222223
2 0.5083333333333333 0.6824074074074075 0.021296296296296296 0.021296296296296296
2 0.48333333333333334 0.29259259259259257 0.019444444444444445 0.020370370370370372
2 0.4703703703703704 0.25277777777777777 0.020370370370370372 0.020370370370370372
2 0.49722222222222223 0.2037037037037037 0.019444444444444445 0.020370370370370372
2 0.4527777777777778 0.2212962962962963 0.021296296296296296 0.020370370370370372
2 0.5018518518518519 0.18333333333333332 0.021296296296296296 0.020370370370370372
2 0.5037037037037037 0.15092592592592594 0.019444444444444445 0.020370370370370372
2 0.5018518518518519 0.12222222222222222 0.020370370370370372 0.020370370370370372
2 0.47685185185185186 0.18703703703703703 0.020370370370370372 0.022222222222222223
2 0.4546296296296296 0.1787037037037037 0.021296296296296296 0.022222222222222223
2 0.4444444444444444 0.08981481481481482 0.021296296296296296 0.023148148148148147
2 0.44351851851851853 0.12222222222222222 0.022222222222222223 0.023148148148148147
2 0.43148148148148147 0.18518518518518517 0.020370370370370372 0.020370370370370372
2 0.4009259259259259 0.2 0.020370370370370372 0.022222222222222223
2 0.4009259259259259 0.2351851851851852 0.021296296296296296 0.020370370370370372
2 0.42314814814814816 0.3074074074074074 0.020370370370370372 0.022222222222222223
2 0.40370370370370373 0.3314814814814815 0.020370370370370372 0.021296296296296296
2 0.4388888888888889 0.3787037037037037 0.020370370370370372 0.021296296296296296
2 0.4546296296296296 0.39444444444444443 0.021296296296296296 0.020370370370370372
2 0.43425925925925923 0.41944444444444445 0.020370370370370372 0.020370370370370372
2 0.47962962962962963 0.462037037037037 0.020370370370370372 0.021296296296296296
2 0.4 0.5027777777777778 0.021296296296296296 0.020370370370370372
2 0.3990740740740741 0.44907407407407407 0.020370370370370372 0.020370370370370372
2 0.4083333333333333 0.6657407407407407 0.020370370370370372 0.022222222222222223
2 0.42685185185185187 0.7175925925925926 0.021296296296296296 0.022222222222222223
2 0.5148148148148148 0.7759259259259259 0.023148148148148147 0.022222222222222223
2 0.4148148148148148 0.7462962962962963 0.022222222222222223 0.020370370370370372
2 0.5 0.8037037037037037 0.021296296296296296 0.020370370370370372
2 0.4305555555555556 0.7953703703703704 0.020370370370370372 0.023148148148148147
2 0.38981481481481484 0.8333333333333334 0.022222222222222223 0.021296296296296296
2 0.33611111111111114 0.8935185185185185 0.020370370370370372 0.022222222222222223
2 0.2361111111111111 0.9222222222222223 0.021296296296296296 0.021296296296296296
2 0.19907407407407407 0.8861111111111111 0.020370370370370372 0.022222222222222223
2 0.33240740740740743 0.8324074074074074 0.020370370370370372 0.022222222222222223
2 0.29814814814814816 0.8361111111111111 0.021296296296296296 0.023148148148148147
2 0.39444444444444443 0.8074074074074075 0.023148148148148147 0.020370370370370372
2 0.3611111111111111 0.812037037037037 0.021296296296296296 0.021296296296296296
2 0.37592592592592594 0.7805555555555556 0.020370370370370372 0.021296296296296296
2 0.30462962962962964 0.8055555555555556 0.021296296296296296 0.020370370370370372
2 0.2777777777777778 0.812037037037037 0.022222222222222223 0.020370370370370372
2 0.22870370370370371 0.8277777777777777 0.022222222222222223 0.022222222222222223
2 0.2064814814814815 0.8027777777777778 0.021296296296296296 0.020370370370370372
2 0.15462962962962962 0.8222222222222222 0.022222222222222223 0.021296296296296296
2 0.12685185185185185 0.812037037037037 0.023148148148148147 0.022222222222222223
2 0.0824074074074074 0.8055555555555556 0.024074074074074074 0.021296296296296296
2 0.14444444444444443 0.7833333333333333 0.022222222222222223 0.021296296296296296
2 0.16944444444444445 0.7583333333333333 0.023148148148148147 0.022222222222222223
2 0.26481481481481484 0.7583333333333333 0.021296296296296296 0.020370370370370372
2 0.387037037037037 0.7175925925925926 0.020370370370370372 0.020370370370370372
2 0.33796296296296297 0.7037037037037037 0.020370370370370372 0.022222222222222223
2 0.3907407407407407 0.687037037037037 0.020370370370370372 0.020370370370370372
2 0.2722222222222222 0.7231481481481481 0.020370370370370372 0.020370370370370372
2 0.24259259259259258 0.7074074074074074 0.021296296296296296 0.020370370370370372
2 0.262037037037037 0.6898148148148148 0.021296296296296296 0.022222222222222223
2 0.30277777777777776 0.6759259259259259 0.020370370370370372 0.023148148148148147
2 0.32407407407407407 0.6564814814814814 0.021296296296296296 0.021296296296296296
2 0.29074074074074074 0.6546296296296297 0.020370370370370372 0.020370370370370372
2 0.3101851851851852 0.6351851851851852 0.021296296296296296 0.020370370370370372
2 0.19814814814814816 0.6935185185185185 0.021296296296296296 0.020370370370370372
2 0.21666666666666667 0.6666666666666666 0.021296296296296296 0.020370370370370372
2 0.19074074074074074 0.6712962962962963 0.021296296296296296 0.022222222222222223
2 0.03148148148148148 0.7703703703703704 0.023148148148148147 0.022222222222222223
2 0.05740740740740741 0.7453703703703703 0.025 0.023148148148148147
2 0.1111111111111111 0.7388888888888889 0.022222222222222223 0.020370370370370372
2 0.13333333333333333 0.7194444444444444 0.022222222222222223 0.021296296296296296
2 0.1638888888888889 0.7268518518518519 0.023148148148148147 0.021296296296296296
2 0.03333333333333333 0.7203703703703703 0.024074074074074074 0.020370370370370372
2 0.13240740740740742 0.6694444444444444 0.023148148148148147 0.020370370370370372
2 0.1648148148148148 0.6712962962962963 0.021296296296296296 0.020370370370370372
2 0.04722222222222222 0.5935185185185186 0.022222222222222223 0.020370370370370372
2 0.06574074074074074 0.6111111111111112 0.022222222222222223 0.022222222222222223
2 0.08425925925925926 0.5925925925925926 0.022222222222222223 0.020370370370370372
2 0.1 0.5657407407407408 0.020370370370370372 0.022222222222222223
2 0.1425925925925926 0.6111111111111112 0.022222222222222223 0.020370370370370372
2 0.1824074074074074 0.6027777777777777 0.023148148148148147 0.019444444444444445
2 0.1685185185185185 0.575925925925926 0.021296296296296296 0.022222222222222223
2 0.24351851851851852 0.6259259259259259 0.021296296296296296 0.020370370370370372
2 0.22407407407407406 0.6074074074074074 0.020370370370370372 0.022222222222222223
2 0.27037037037037037 0.5805555555555556 0.020370370370370372 0.021296296296296296
2 0.38055555555555554 0.5574074074074075 0.020370370370370372 0.021296296296296296
2 0.3074074074074074 0.5074074074074074 0.023148148148148147 0.020370370370370372
2 0.26666666666666666 0.5333333333333333 0.021296296296296296 0.020370370370370372
2 0.2759259259259259 0.5111111111111111 0.020370370370370372 0.021296296296296296
2 0.21851851851851853 0.5027777777777778 0.022222222222222223 0.021296296296296296
2 0.11388888888888889 0.5074074074074074 0.022222222222222223 0.020370370370370372
2 0.11018518518518519 0.4777777777777778 0.022222222222222223 0.021296296296296296
2 0.08611111111111111 0.4046296296296296 0.020370370370370372 0.022222222222222223
2 0.15555555555555556 0.3824074074074074 0.022222222222222223 0.020370370370370372
2 0.17314814814814813 0.4842592592592593 0.020370370370370372 0.022222222222222223
2 0.20092592592592592 0.4685185185185185 0.022222222222222223 0.020370370370370372
2 0.19814814814814816 0.41944444444444445 0.020370370370370372 0.020370370370370372
2 0.21944444444444444 0.3962962962962963 0.023148148148148147 0.020370370370370372
2 0.22962962962962963 0.37037037037037035 0.021296296296296296 0.020370370370370372
2 0.2657407407407407 0.4046296296296296 0.022222222222222223 0.020370370370370372
2 0.27037037037037037 0.36574074074074076 0.020370370370370372 0.021296296296296296
2 0.3814814814814815 0.4824074074074074 0.020370370370370372 0.020370370370370372
2 0.3731481481481482 0.44166666666666665 0.020370370370370372 0.020370370370370372
2 0.34444444444444444 0.4351851851851852 0.021296296296296296 0.020370370370370372
2 0.35185185185185186 0.3824074074074074 0.021296296296296296 0.020370370370370372
2 0.33796296296296297 0.36203703703703705 0.020370370370370372 0.021296296296296296
2 0.3435185185185185 0.3287037037037037 0.020370370370370372 0.022222222222222223
2 0.30277777777777776 0.24351851851851852 0.019444444444444445 0.022222222222222223
1 0.7972222222222223 0.43425925925925923 0.020370370370370372 0.022222222222222223
1 0.7574074074074074 0.2898148148148148 0.022222222222222223 0.023148148148148147
1 0.7842592592592592 0.35185185185185186 0.022222222222222223 0.021296296296296296
1 0.7611111111111111 0.4703703703703704 0.022222222222222223 0.023148148148148147
3 0.6981481481481482 0.37962962962962965 0.025 0.024074074074074074
0 0.6666666666666666 0.34629629629629627 0.017592592592592594 0.019444444444444445
1 0.6435185185185185 0.32314814814814813 0.021296296296296296 0.023148148148148147
1 0.6648148148148149 0.2898148148148148 0.021296296296296296 0.022222222222222223
1 0.6592592592592592 0.5185185185185185 0.023148148148148147 0.022222222222222223
1 0.7351851851851852 0.5611111111111111 0.023148148148148147 0.023148148148148147
1 0.7814814814814814 0.4962962962962963 0.022222222222222223 0.022222222222222223
1 0.6685185185185185 0.6074074074074074 0.023148148148148147 0.023148148148148147
1 0.5398148148148149 0.6842592592592592 0.022222222222222223 0.023148148148148147
1 0.5851851851851851 0.6759259259259259 0.022222222222222223 0.023148148148148147
1 0.5898148148148148 0.6333333333333333 0.021296296296296296 0.023148148148148147
1 0.5462962962962963 0.6351851851851852 0.022222222222222223 0.023148148148148147
1 0.5092592592592593 0.6518518518518519 0.022222222222222223 0.023148148148148147
1 0.5287037037037037 0.5944444444444444 0.023148148148148147 0.023148148148148147
1 0.587037037037037 0.6 0.021296296296296296 0.023148148148148147
1 0.5055555555555555 0.4583333333333333 0.021296296296296296 0.023148148148148147
1 0.5824074074074074 0.44166666666666665 0.021296296296296296 0.023148148148148147
1 0.5592592592592592 0.40925925925925927 0.021296296296296296 0.022222222222222223
1 0.5518518518518518 0.29259259259259257 0.021296296296296296 0.023148148148148147
1 0.6203703703703703 0.18981481481481483 0.022222222222222223 0.023148148148148147
1 0.6157407407407407 0.2777777777777778 0.021296296296296296 0.023148148148148147
3 0.3990740740740741 0.12777777777777777 0.026851851851851852 0.026851851851851852
1 0.43425925925925923 0.24166666666666667 0.022222222222222223 0.023148148148148147
1 0.47685185185185186 0.21944444444444444 0.023148148148148147 0.023148148148148147
1 0.4962962962962963 0.35 0.023148148148148147 0.023148148148148147
1 0.45925925925925926 0.6296296296296297 0.022222222222222223 0.023148148148148147
1 0.48333333333333334 0.6388888888888888 0.023148148148148147 0.023148148148148147
1 0.48518518518518516 0.6666666666666666 0.022222222222222223 0.024074074074074074
1 0.43333333333333335 0.6 0.022222222222222223 0.023148148148148147
1 0.4388888888888889 0.6712962962962963 0.023148148148148147 0.023148148148148147
1 0.43425925925925923 0.6953703703703704 0.023148148148148147 0.023148148148148147
1 0.4324074074074074 0.8240740740740741 0.023148148148148147 0.024074074074074074
1 0.3277777777777778 0.862037037037037 0.023148148148148147 0.025
1 0.3509259259259259 0.7222222222222222 0.023148148148148147 0.024074074074074074
1 0.38055555555555554 0.6620370370370371 0.023148148148148147 0.024074074074074074
1 0.38055555555555554 0.6259259259259259 0.023148148148148147 0.023148148148148147
1 0.37037037037037035 0.5833333333333334 0.023148148148148147 0.024074074074074074
1 0.33240740740740743 0.4925925925925926 0.023148148148148147 0.023148148148148147
1 0.3101851851851852 0.32314814814814813 0.023148148148148147 0.023148148148148147
1 0.30925925925925923 0.35462962962962963 0.023148148148148147 0.023148148148148147
1 0.35 0.29444444444444445 0.023148148148148147 0.024074074074074074
1 0.287962962962963 0.26481481481481484 0.023148148148148147 0.025
1 0.3648148148148148 0.24074074074074073 0.022222222222222223 0.023148148148148147
1 0.3527777777777778 0.15462962962962962 0.023148148148148147 0.023148148148148147
1 0.2574074074074074 0.23796296296296296 0.024074074074074074 0.024074074074074074
1 0.24444444444444444 0.3425925925925926 0.024074074074074074 0.023148148148148147
1 0.14722222222222223 0.35 0.025 0.023148148148148147
1 0.2111111111111111 0.3287037037037037 0.024074074074074074 0.023148148148148147
3 0.17407407407407408 0.45092592592592595 0.026851851851851852 0.026851851851851852
1 0.14166666666666666 0.48148148148148145 0.024074074074074074 0.024074074074074074
1 0.14907407407407408 0.5111111111111111 0.025 0.024074074074074074
1 0.20925925925925926 0.5583333333333333 0.023148148148148147 0.024074074074074074
1 0.20833333333333334 0.5861111111111111 0.023148148148148147 0.024074074074074074
1 0.2074074074074074 0.6259259259259259 0.024074074074074074 0.024074074074074074
1 0.19537037037037036 0.6472222222222223 0.024074074074074074 0.024074074074074074
1 0.24166666666666667 0.5361111111111111 0.023148148148148147 0.023148148148148147
1 0.2361111111111111 0.65 0.024074074074074074 0.024074074074074074
1 0.22962962962962963 0.687037037037037 0.024074074074074074 0.024074074074074074
1 0.30833333333333335 0.6046296296296296 0.023148148148148147 0.024074074074074074
1 0.2814814814814815 0.6046296296296296 0.024074074074074074 0.024074074074074074
1 0.2101851851851852 0.7203703703703703 0.024074074074074074 0.024074074074074074
1 0.23703703703703705 0.762962962962963 0.023148148148148147 0.024074074074074074
1 0.2638888888888889 0.8333333333333334 0.024074074074074074 0.024074074074074074
1 0.0712962962962963 0.7796296296296297 0.025 0.024074074074074074
1 0.11481481481481481 0.8462962962962963 0.025 0.025
3 0.17777777777777778 0.7861111111111111 0.028703703703703703 0.027777777777777776
1 0.06851851851851852 0.6666666666666666 0.025 0.024074074074074074
1 0.10740740740740741 0.6314814814814815 0.025 0.024074074074074074
1 0.10925925925925926 0.6018518518518519 0.025 0.024074074074074074
0 0.019444444444444445 0.6592592592592592 0.021296296296296296 0.021296296296296296
0 0.6685185185185185 0.2388888888888889 0.017592592592592594 0.018518518518518517
0 0.6620370370370371 0.262037037037037 0.017592592592592594 0.019444444444444445
0 0.6435185185185185 0.2712962962962963 0.017592592592592594 0.019444444444444445
0 0.6981481481481482 0.23981481481481481 0.018518518518518517 0.019444444444444445
0 0.7527777777777778 0.25 0.018518518518518517 0.019444444444444445
0 0.737037037037037 0.30462962962962964 0.017592592592592594 0.017592592592592594
0 0.7814814814814814 0.30462962962962964 0.017592592592592594 0.019444444444444445
0 0.7805555555555556 0.4148148148148148 0.018518518518518517 0.018518518518518517
0 0.7898148148148149 0.46296296296296297 0.018518518518518517 0.019444444444444445
0 0.7287037037037037 0.3990740740740741 0.018518518518518517 0.019444444444444445
0 0.7037037037037037 0.41203703703703703 0.018518518518518517 0.018518518518518517
0 0.6712962962962963 0.37407407407407406 0.019444444444444445 0.019444444444444445
0 0.6425925925925926 0.42777777777777776 0.019444444444444445 0.020370370370370372
0 0.6361111111111111 0.45185185185185184 0.018518518518518517 0.019444444444444445
0 0.675 0.4666666666666667 0.019444444444444445 0.018518518518518517
0 0.7444444444444445 0.49722222222222223 0.017592592592592594 0.019444444444444445
0 0.762962962962963 0.5537037037037037 0.018518518518518517 0.019444444444444445
0 0.7388888888888889 0.5916666666666667 0.018518518518518517 0.019444444444444445
0 0.7018518518518518 0.5851851851851851 0.018518518518518517 0.019444444444444445
0 0.649074074074074 0.5833333333333334 0.018518518518518517 0.019444444444444445
0 0.6731481481481482 0.6435185185185185 0.017592592592592594 0.019444444444444445
0 0.6046296296296296 0.7064814814814815 0.017592592592592594 0.019444444444444445
0 0.5675925925925925 0.7407407407407407 0.017592592592592594 0.019444444444444445
0 0.5157407407407407 0.5666666666666667 0.019444444444444445 0.019444444444444445
0 0.5009259259259259 0.5944444444444444 0.018518518518518517 0.019444444444444445
0 0.5814814814814815 0.5472222222222223 0.018518518518518517 0.019444444444444445
0 0.5009259259259259 0.5111111111111111 0.019444444444444445 0.020370370370370372
0 0.537962962962963 0.5194444444444445 0.017592592592592594 0.019444444444444445
0 0.6305555555555555 0.4787037037037037 0.018518518518518517 0.018518518518518517
0 0.6046296296296296 0.43425925925925923 0.018518518518518517 0.017592592592592594
0 0.6305555555555555 0.4046296296296296 0.017592592592592594 0.018518518518518517
0 0.5351851851851852 0.4212962962962963 0.019444444444444445 0.019444444444444445
0 0.512962962962963 0.36203703703703705 0.019444444444444445 0.019444444444444445
0 0.5583333333333333 0.32407407407407407 0.018518518518518517 0.020370370370370372
0 0.6018518518518519 0.3675925925925926 0.019444444444444445 0.018518518518518517
0 0.6212962962962963 0.3731481481481482 0.017592592592592594 0.019444444444444445
0 0.5287037037037037 0.3074074074074074 0.018518518518518517 0.019444444444444445
0 0.5472222222222223 0.262037037037037 0.019444444444444445 0.018518518518518517
0 0.5148148148148148 0.23055555555555557 0.018518518518518517 0.020370370370370372
0 0.6314814814814815 0.30092592592592593 0.018518518518518517 0.019444444444444445
0 0.6305555555555555 0.22314814814814815 0.018518518518518517 0.019444444444444445
0 0.5592592592592592 0.18425925925925926 0.018518518518518517 0.019444444444444445
0 0.5787037037037037 0.15648148148148147 0.019444444444444445 0.019444444444444445
0 0.5305555555555556 0.1685185185185185 0.018518518518518517 0.019444444444444445
0 0.4759259259259259 0.10833333333333334 0.019444444444444445 0.020370370370370372
0 0.48055555555555557 0.14814814814814814 0.019444444444444445 0.019444444444444445
0 0.45925925925925926 0.14907407407407408 0.019444444444444445 0.020370370370370372
0 0.43425925925925923 0.14629629629629629 0.019444444444444445 0.020370370370370372
0 0.3685185185185185 0.2111111111111111 0.020370370370370372 0.020370370370370372
0 0.4074074074074074 0.2611111111111111 0.019444444444444445 0.019444444444444445
0 0.40185185185185185 0.29814814814814816 0.019444444444444445 0.019444444444444445
0 0.43425925925925923 0.3351851851851852 0.019444444444444445 0.019444444444444445
0 0.37592592592592594 0.37407407407407406 0.019444444444444445 0.019444444444444445
0 0.42314814814814816 0.36203703703703705 0.019444444444444445 0.019444444444444445
0 0.47962962962962963 0.387037037037037 0.019444444444444445 0.020370370370370372
0 0.3888888888888889 0.3972222222222222 0.018518518518518517 0.019444444444444445
0 0.3851851851851852 0.42314814814814816 0.019444444444444445 0.019444444444444445
0 0.4083333333333333 0.4212962962962963 0.019444444444444445 0.019444444444444445
0 0.425 0.4462962962962963 0.018518518518518517 0.019444444444444445
0 0.44074074074074077 0.4648148148148148 0.018518518518518517 0.019444444444444445
0 0.4888888888888889 0.48333333333333334 0.019444444444444445 0.019444444444444445
0 0.4759259259259259 0.5046296296296297 0.018518518518518517 0.019444444444444445
0 0.45555555555555555 0.5148148148148148 0.019444444444444445 0.019444444444444445
0 0.45 0.487962962962963 0.018518518518518517 0.019444444444444445
0 0.42777777777777776 0.4981481481481482 0.019444444444444445 0.018518518518518517
0 0.3962962962962963 0.5296296296296297 0.019444444444444445 0.019444444444444445
0 0.4083333333333333 0.5555555555555556 0.019444444444444445 0.019444444444444445
0 0.39814814814814814 0.5851851851851851 0.018518518518518517 0.019444444444444445
0 0.4064814814814815 0.7064814814814815 0.019444444444444445 0.020370370370370372
0 0.43796296296296294 0.7342592592592593 0.019444444444444445 0.020370370370370372
0 0.47129629629629627 0.7416666666666667 0.019444444444444445 0.021296296296296296
0 0.49166666666666664 0.7222222222222222 0.019444444444444445 0.019444444444444445
0 0.38981481481481484 0.8629629629629629 0.020370370370370372 0.020370370370370372
0 0.29814814814814816 0.8814814814814815 0.020370370370370372 0.020370370370370372
0 0.35 0.774074074074074 0.019444444444444445 0.020370370370370372
0 0.28055555555555556 0.7712962962962963 0.020370370370370372 0.019444444444444445
0 0.3101851851851852 0.7287037037037037 0.020370370370370372 0.020370370370370372
0 0.31574074074074077 0.6981481481481482 0.020370370370370372 0.019444444444444445
0 0.3398148148148148 0.6694444444444444 0.019444444444444445 0.019444444444444445
0 0.3592592592592593 0.6759259259259259 0.018518518518518517 0.020370370370370372
0 0.36944444444444446 0.6935185185185185 0.019444444444444445 0.020370370370370372
0 0.2916666666666667 0.6240740740740741 0.019444444444444445 0.020370370370370372
0 0.29907407407407405 0.5814814814814815 0.019444444444444445 0.019444444444444445
0 0.36018518518518516 0.6527777777777778 0.020370370370370372 0.020370370370370372
0 0.35555555555555557 0.6314814814814815 0.018518518518518517 0.019444444444444445
0 0.3537037037037037 0.6 0.019444444444444445 0.019444444444444445
0 0.31574074074074077 0.5611111111111111 0.019444444444444445 0.020370370370370372
0 0.3416666666666667 0.5185185185185185 0.020370370370370372 0.020370370370370372
0 0.2861111111111111 0.4842592592592593 0.019444444444444445 0.019444444444444445
0 0.26944444444444443 0.4361111111111111 0.019444444444444445 0.019444444444444445
0 0.34074074074074073 0.23425925925925925 0.020370370370370372 0.019444444444444445
0 0.3296296296296296 0.19444444444444445 0.020370370370370372 0.019444444444444445
0 0.24537037037037038 0.26666666666666666 0.020370370370370372 0.019444444444444445
0 0.22777777777777777 0.29444444444444445 0.019444444444444445 0.020370370370370372
0 0.16944444444444445 0.3351851851851852 0.020370370370370372 0.020370370370370372
0 0.2462962962962963 0.387037037037037 0.020370370370370372 0.019444444444444445
0 0.23333333333333334 0.44722222222222224 0.020370370370370372 0.019444444444444445
0 0.2064814814814815 0.44351851851851853 0.019444444444444445 0.020370370370370372
0 0.1925925925925926 0.49444444444444446 0.020370370370370372 0.019444444444444445
0 0.25555555555555554 0.4981481481481482 0.020370370370370372 0.020370370370370372
0 0.25462962962962965 0.5574074074074075 0.019444444444444445 0.019444444444444445
0 0.23796296296296296 0.575925925925926 0.020370370370370372 0.019444444444444445
0 0.20925925925925926 0.5333333333333333 0.020370370370370372 0.020370370370370372
0 0.18425925925925926 0.5555555555555556 0.020370370370370372 0.020370370370370372
0 0.14074074074074075 0.5805555555555556 0.021296296296296296 0.020370370370370372
0 0.17962962962962964 0.6259259259259259 0.020370370370370372 0.019444444444444445
0 0.175 0.7027777777777777 0.020370370370370372 0.020370370370370372
0 0.22962962962962963 0.7916666666666666 0.020370370370370372 0.021296296296296296
0 0.23055555555555557 0.8962962962962963 0.020370370370370372 0.021296296296296296
0 0.18611111111111112 0.8277777777777777 0.020370370370370372 0.021296296296296296
0 0.1527777777777778 0.8518518518518519 0.020370370370370372 0.021296296296296296
0 0.08611111111111111 0.7527777777777778 0.020370370370370372 0.020370370370370372
0 0.06018518518518518 0.7074074074074074 0.021296296296296296 0.021296296296296296
0 0.09537037037037037 0.687962962962963 0.020370370370370372 0.020370370370370372
0 0.11851851851851852 0.6907407407407408 0.020370370370370372 0.020370370370370372
0 0.1037037037037037 0.6592592592592592 0.020370370370370372 0.020370370370370372
0 0.12777777777777777 0.6453703703703704 0.021296296296296296 0.020370370370370372
0 0.03148148148148148 0.6175925925925926 0.020370370370370372 0.020370370370370372
2 0.28703703703703703 0.38333333333333336 0.021296296296296296 0.020370370370370372
0 0.06666666666666667 0.562962962962963 0.021296296296296296 0.020370370370370372
0 0.12314814814814815 0.5657407407407408 0.021296296296296296 0.020370370370370372
0 0.08703703703703704 0.4842592592592593 0.020370370370370372 0.020370370370370372
0 0.125 0.4527777777777778 0.020370370370370372 0.020370370370370372
0 0.11296296296296296 0.42962962962962964 0.020370370370370372 0.020370370370370372
3 0.6509259259259259 0.19907407407407407 0.025 0.026851851851851852
3 0.6425925925925926 0.24537037037037038 0.024074074074074074 0.025925925925925925
3 0.6981481481481482 0.29074074074074074 0.024074074074074074 0.025
3 0.7 0.32037037037037036 0.025 0.025
3 0.6888888888888889 0.3527777777777778 0.024074074074074074 0.025925925925925925
3 0.7425925925925926 0.3537037037037037 0.025 0.025925925925925925
3 0.7620370370370371 0.32685185185185184 0.025 0.025925925925925925
3 0.7888888888888889 0.3861111111111111 0.025 0.025
3 0.7527777777777778 0.3861111111111111 0.024074074074074074 0.025
3 0.75 0.42314814814814816 0.024074074074074074 0.025925925925925925
3 0.6925925925925925 0.45185185185185184 0.024074074074074074 0.025925925925925925
3 0.7379629629629629 0.5296296296296297 0.025 0.025
3 0.6851851851851852 0.5305555555555556 0.025 0.025
3 0.6537037037037037 0.6722222222222223 0.025 0.026851851851851852
3 0.649074074074074 0.6296296296296297 0.024074074074074074 0.025
3 0.6185185185185185 0.6768518518518518 0.025 0.025
3 0.5740740740740741 0.7074074074074074 0.026851851851851852 0.026851851851851852
3 0.549074074074074 0.7805555555555556 0.025 0.026851851851851852
3 0.5212962962962963 0.7037037037037037 0.025 0.026851851851851852
3 0.5074074074074074 0.7435185185185185 0.025 0.026851851851851852
3 0.5157407407407407 0.6231481481481481 0.025 0.026851851851851852
3 0.5518518518518518 0.5694444444444444 0.026851851851851852 0.026851851851851852
3 0.4888888888888889 0.5740740740740741 0.026851851851851852 0.026851851851851852
3 0.5222222222222223 0.487962962962963 0.025 0.025
3 0.562962962962963 0.4722222222222222 0.025 0.026851851851851852
3 0.5879629629629629 0.49166666666666664 0.025925925925925925 0.026851851851851852
3 0.5537037037037037 0.4425925925925926 0.025 0.025925925925925925
3 0.524074074074074 0.39814814814814814 0.025 0.026851851851851852
3 0.537962962962963 0.36574074074074076 0.025 0.026851851851851852
3 0.612037037037037 0.3425925925925926 0.025 0.025
3 0.5916666666666667 0.2935185185185185 0.025 0.025
3 0.5722222222222222 0.27314814814814814 0.025 0.025
3 0.6046296296296296 0.2564814814814815 0.025 0.025
3 0.6055555555555555 0.21666666666666667 0.025 0.025925925925925925
3 0.5259259259259259 0.10833333333333334 0.025 0.026851851851851852
3 0.41388888888888886 0.1675925925925926 0.025925925925925925 0.026851851851851852
3 0.4324074074074074 0.2814814814814815 0.026851851851851852 0.026851851851851852
3 0.45185185185185184 0.3101851851851852 0.026851851851851852 0.026851851851851852
3 0.462037037037037 0.3537037037037037 0.025925925925925925 0.026851851851851852
3 0.3768518518518518 0.26851851851851855 0.026851851851851852 0.026851851851851852
3 0.37407407407407406 0.31574074074074077 0.025925925925925925 0.026851851851851852
3 0.412962962962963 0.3851851851851852 0.026851851851851852 0.026851851851851852
3 0.47962962962962963 0.41388888888888886 0.026851851851851852 0.026851851851851852
3 0.4583333333333333 0.44166666666666665 0.025 0.025925925925925925
3 0.412962962962963 0.4740740740740741 0.025925925925925925 0.026851851851851852
3 0.42314814814814816 0.5259259259259259 0.025925925925925925 0.025925925925925925
3 0.45 0.5472222222222223 0.026851851851851852 0.025925925925925925
3 0.425 0.5731481481481482 0.025 0.025925925925925925
3 0.4648148148148148 0.5990740740740741 0.025 0.026851851851851852
3 0.3648148148148148 0.5027777777777778 0.026851851851851852 0.026851851851851852
3 0.3685185185185185 0.5314814814814814 0.025925925925925925 0.026851851851851852
3 0.42685185185185187 0.6305555555555555 0.025 0.026851851851851852
3 0.3990740740740741 0.6425925925925926 0.026851851851851852 0.026851851851851852
1 0.48148148148148145 0.6981481481481482 0.023148148148148147 0.023148148148148147
3 0.45925925925925926 0.7166666666666667 0.026851851851851852 0.026851851851851852
3 0.48055555555555557 0.7694444444444445 0.025925925925925925 0.026851851851851852
3 0.4425925925925926 0.7583333333333333 0.026851851851851852 0.026851851851851852
3 0.38981481481481484 0.7435185185185185 0.025 0.027777777777777776
3 0.3611111111111111 0.75 0.026851851851851852 0.026851851851851852
3 0.40555555555555556 0.7712962962962963 0.025 0.026851851851851852
3 0.4666666666666667 0.8018518518518518 0.026851851851851852 0.026851851851851852
1 0.4212962962962963 0.8555555555555555 0.022222222222222223 0.024074074074074074
0 0.36203703703703705 0.8722222222222222 0.019444444444444445 0.020370370370370372
1 0.35648148148148145 0.8462962962962963 0.023148148148148147 0.024074074074074074
3 0.30833333333333335 0.9194444444444444 0.027777777777777776 0.026851851851851852
3 0.33611111111111114 0.8027777777777778 0.026851851851851852 0.026851851851851852
3 0.30925925925925923 0.7759259259259259 0.026851851851851852 0.027777777777777776
3 0.3277777777777778 0.7444444444444445 0.026851851851851852 0.027777777777777776
3 0.2657407407407407 0.9046296296296297 0.027777777777777776 0.027777777777777776
3 0.26944444444444443 0.8675925925925926 0.026851851851851852 0.027777777777777776
3 0.23148148148148148 0.8648148148148148 0.027777777777777776 0.027777777777777776
3 0.2574074074074074 0.7935185185185185 0.027777777777777776 0.027777777777777776
3 0.28888888888888886 0.7416666666666667 0.026851851851851852 0.027777777777777776
3 0.28703703703703703 0.6990740740740741 0.026851851851851852 0.026851851851851852
3 0.23703703703703705 0.7324074074074074 0.027777777777777776 0.027777777777777776
1 0.20833333333333334 0.775 0.024074074074074074 0.024074074074074074
3 0.2574074074074074 0.6657407407407407 0.026851851851851852 0.026851851851851852
3 0.2675925925925926 0.6361111111111111 0.026851851851851852 0.026851851851851852
3 0.25092592592592594 0.6018518518518519 0.026851851851851852 0.026851851851851852
3 0.3333333333333333 0.6240740740740741 0.026851851851851852 0.026851851851851852
3 0.33240740740740743 0.5833333333333334 0.026851851851851852 0.026851851851851852
3 0.3453703703703704 0.5574074074074075 0.026851851851851852 0.027777777777777776
3 0.31574074074074077 0.5351851851851852 0.026851851851851852 0.025925925925925925
3 0.2851851851851852 0.5574074074074075 0.026851851851851852 0.026851851851851852
3 0.2518518518518518 0.4703703703703704 0.027777777777777776 0.025925925925925925
3 0.30092592592592593 0.4537037037037037 0.026851851851851852 0.026851851851851852
3 0.33611111111111114 0.46574074074074073 0.026851851851851852 0.025925925925925925
3 0.24074074074074073 0.41944444444444445 0.027777777777777776 0.026851851851851852
3 0.3055555555555556 0.42407407407407405 0.026851851851851852 0.026851851851851852
3 0.35462962962962963 0.4101851851851852 0.026851851851851852 0.026851851851851852
3 0.3277777777777778 0.39537037037037037 0.027777777777777776 0.026851851851851852
3 0.27870370370370373 0.33611111111111114 0.026851851851851852 0.026851851851851852
3 0.2712962962962963 0.30092592592592593 0.026851851851851852 0.026851851851851852
3 0.3101851851851852 0.2898148148148148 0.026851851851851852 0.026851851851851852
3 0.3388888888888889 0.25925925925925924 0.025925925925925925 0.026851851851851852
3 0.18333333333333332 0.29444444444444445 0.027777777777777776 0.027777777777777776
3 0.12314814814814815 0.39444444444444443 0.027777777777777776 0.027777777777777776
3 0.1527777777777778 0.4222222222222222 0.027777777777777776 0.026851851851851852
3 0.18981481481481483 0.3888888888888889 0.027777777777777776 0.026851851851851852
3 0.08888888888888889 0.44537037037037036 0.028703703703703703 0.027777777777777776
3 0.1175925925925926 0.5361111111111111 0.027777777777777776 0.026851851851851852
3 0.1527777777777778 0.5537037037037037 0.027777777777777776 0.027777777777777776
3 0.18055555555555555 0.5268518518518519 0.027777777777777776 0.027777777777777776
3 0.15833333333333333 0.6398148148148148 0.028703703703703703 0.026851851851851852
3 0.14629629629629629 0.6907407407407408 0.027777777777777776 0.027777777777777776
1 0.09166666666666666 0.7138888888888889 0.024074074074074074 0.024074074074074074
3 0.19444444444444445 0.7453703703703703 0.027777777777777776 0.026851851851851852
3 0.1361111111111111 0.7555555555555555 0.02962962962962963 0.027777777777777776
3 0.10833333333333334 0.7833333333333333 0.027777777777777776 0.027777777777777776
1 0.18703703703703703 0.8546296296296296 0.025 0.025
3 0.03518518518518519 0.5601851851851852 0.028703703703703703 0.027777777777777776
3 0.06944444444444445 0.5277777777777778 0.027777777777777776 0.028703703703703703
3 0.040740740740740744 0.6851851851851852 0.028703703703703703 0.027777777777777776
1 0.04351851851851852 0.6425925925925926 0.025 0.024074074074074074
1 0.6601851851851852 0.5546296296296296 0.021296296296296296 0.023148148148148147
1 0.7027777777777777 0.6203703703703703 0.021296296296296296 0.022222222222222223
1 0.5583333333333333 0.3814814814814815 0.021296296296296296 0.022222222222222223
1 0.3814814814814815 0.34814814814814815 0.022222222222222223 0.023148148148148147
1 0.2 0.35833333333333334 0.024074074074074074 0.023148148148148147
1 0.4046296296296296 0.6074074074074074 0.025925925925925925 0.024074074074074074
2 0.3731481481481482 0.1388888888888889 0.020370370370370372 0.023148148148148147
2 0.38981481481481484 0.15833333333333333 0.022222222222222223 0.024074074074074074
2 0.37037037037037035 0.17685185185185184 0.021296296296296296 0.021296296296296296
1 0.4740740740740741 0.5287037037037037 0.023148148148148147 0.025