2 0.524074074074074 0.22407407407407406 0.020370370370370372 0.019444444444444445
2 0.4425925925925926 0.22870370370370371 0.019444444444444445 0.019444444444444445
2 0.27314814814814814 0.2611111111111111 0.020370370370370372 0.019444444444444445
2 0.25 0.2759259259259259 0.020370370370370372 0.020370370370370372
2 0.26851851851851855 0.29074074074074074 0.020370370370370372 0.020370370370370372
2 0.32685185185185184 0.27037037037037037 0.020370370370370372 0.020370370370370372
2 0.36574074074074076 0.28055555555555556 0.020370370370370372 0.020370370370370372
2 0.4287037037037037 0.2851851851851852 0.020370370370370372 0.020370370370370372
2 0.46296296296296297 0.2759259259259259 0.020370370370370372 0.020370370370370372
2 0.4861111111111111 0.28425925925925927 0.020370370370370372 0.020370370370370372
2 0.5148148148148148 0.29074074074074074 0.020370370370370372 0.020370370370370372
2 0.5583333333333333 0.29444444444444445 0.020370370370370372 0.019444444444444445
2 0.5787037037037037 0.32407407407407407 0.020370370370370372 0.021296296296296296
2 0.637962962962963 0.38055555555555554 0.020370370370370372 0.019444444444444445
2 0.6157407407407407 0.38796296296296295 0.020370370370370372 0.019444444444444445
2 0.5935185185185186 0.3712962962962963 0.020370370370370372 0.020370370370370372
2 0.5666666666666667 0.38796296296296295 0.020370370370370372 0.019444444444444445
2 0.55 0.36574074074074076 0.020370370370370372 0.020370370370370372
2 0.5333333333333333 0.3962962962962963 0.020370370370370372 0.019444444444444445
2 0.5231481481481481 0.37037037037037035 0.020370370370370372 0.020370370370370372
2 0.5009259259259259 0.3824074074074074 0.023148148148148147 0.019444444444444445
2 0.49444444444444446 0.3453703703703704 0.020370370370370372 0.020370370370370372
2 0.49537037037037035 0.3101851851851852 0.021296296296296296 0.019444444444444445
2 0.4685185185185185 0.34444444444444444 0.020370370370370372 0.020370370370370372
2 0.4351851851851852 0.3314814814814815 0.020370370370370372 0.018518518518518517
2 0.4064814814814815 0.3194444444444444 0.019444444444444445 0.019444444444444445
2 0.4027777777777778 0.3398148148148148 0.020370370370370372 0.020370370370370372
2 0.462037037037037 0.3962962962962963 0.021296296296296296 0.021296296296296296
2 0.3990740740740741 0.39537037037037037 0.020370370370370372 0.020370370370370372
2 0.4111111111111111 0.4166666666666667 0.020370370370370372 0.020370370370370372
2 0.3768518518518518 0.35555555555555557 0.021296296296296296 0.020370370370370372
2 0.35185185185185186 0.36018518518518516 0.021296296296296296 0.020370370370370372
2 0.31574074074074077 0.32592592592592595 0.020370370370370372 0.020370370370370372
2 0.25925925925925924 0.3148148148148148 0.021296296296296296 0.019444444444444445
2 0.22314814814814815 0.31574074074074077 0.020370370370370372 0.019444444444444445
2 0.30648148148148147 0.38981481481481484 0.020370370370370372 0.019444444444444445
2 0.33611111111111114 0.4185185185185185 0.020370370370370372 0.020370370370370372
2 0.362962962962963 0.4287037037037037 0.020370370370370372 0.019444444444444445
2 0.5074074074074074 0.43333333333333335 0.021296296296296296 0.020370370370370372
2 0.5222222222222223 0.41574074074074074 0.022222222222222223 0.019444444444444445
2 0.5722222222222222 0.4203703703703704 0.020370370370370372 0.022222222222222223
2 0.5416666666666666 0.4425925925925926 0.022222222222222223 0.020370370370370372
2 0.6092592592592593 0.4398148148148148 0.021296296296296296 0.020370370370370372
2 0.6527777777777778 0.43425925925925923 0.023148148148148147 0.021296296296296296
2 0.18611111111111112 0.4101851851851852 0.021296296296296296 0.021296296296296296
2 0.22870370370370371 0.41944444444444445 0.021296296296296296 0.018518518518518517
2 0.25 0.43333333333333335 0.020370370370370372 0.020370370370370372
2 0.3416666666666667 0.4759259259259259 0.020370370370370372 0.020370370370370372
2 0.4564814814814815 0.4675925925925926 0.019444444444444445 0.018518518518518517
2 0.4185185185185185 0.49166666666666664 0.020370370370370372 0.020370370370370372
2 0.5324074074074074 0.49074074074074076 0.020370370370370372 0.020370370370370372
2 0.55 0.4703703703703704 0.020370370370370372 0.020370370370370372
2 0.6546296296296297 0.4685185185185185 0.019444444444444445 0.020370370370370372
2 0.7185185185185186 0.4601851851851852 0.020370370370370372 0.022222222222222223
2 0.75 0.4648148148148148 0.022222222222222223 0.020370370370370372
2 0.28425925925925927 0.48148148148148145 0.020370370370370372 0.020370370370370372
2 0.32314814814814813 0.512962962962963 0.020370370370370372 0.020370370370370372
2 0.2611111111111111 0.47962962962962963 0.020370370370370372 0.020370370370370372
2 0.2490740740740741 0.5046296296296297 0.021296296296296296 0.018518518518518517
2 0.21203703703703702 0.46944444444444444 0.020370370370370372 0.019444444444444445
2 0.23148148148148148 0.45555555555555555 0.020370370370370372 0.018518518518518517
2 0.2111111111111111 0.44074074074074077 0.020370370370370372 0.020370370370370372
2 0.15555555555555556 0.44814814814814813 0.020370370370370372 0.022222222222222223
2 0.125 0.45740740740740743 0.021296296296296296 0.020370370370370372
2 0.125 0.4324074074074074 0.020370370370370372 0.021296296296296296
2 0.549074074074074 0.5120370370370371 0.020370370370370372 0.020370370370370372
2 0.5731481481481482 0.5407407407407407 0.023148148148148147 0.020370370370370372
2 0.6138888888888889 0.5148148148148148 0.022222222222222223 0.020370370370370372
2 0.649074074074074 0.5527777777777778 0.022222222222222223 0.020370370370370372
2 0.6648148148148149 0.5370370370370371 0.021296296296296296 0.021296296296296296
2 0.6925925925925925 0.5444444444444444 0.022222222222222223 0.020370370370370372
2 0.6824074074074075 0.49166666666666664 0.021296296296296296 0.021296296296296296
2 0.29259259259259257 0.5166666666666667 0.020370370370370372 0.019444444444444445
2 0.25277777777777777 0.5296296296296297 0.020370370370370372 0.020370370370370372
2 0.2037037037037037 0.5027777777777778 0.020370370370370372 0.019444444444444445
2 0.2212962962962963 0.5472222222222223 0.020370370370370372 0.021296296296296296
2 0.18333333333333332 0.4981481481481482 0.020370370370370372 0.021296296296296296
2 0.15092592592592594 0.4962962962962963 0.020370370370370372 0.019444444444444445
2 0.12222222222222222 0.4981481481481482 0.020370370370370372 0.020370370370370372
2 0.18703703703703703 0.5231481481481481 0.022222222222222223 0.020370370370370372
2 0.1787037037037037 0.5453703703703704 0.022222222222222223 0.021296296296296296
2 0.08981481481481482 0.5555555555555556 0.023148148148148147 0.021296296296296296
2 0.12222222222222222 0.5564814814814815 0.023148148148148147 0.022222222222222223
2 0.18518518518518517 0.5685185185185185 0.020370370370370372 0.020370370370370372
2 0.2 0.5990740740740741 0.022222222222222223 0.020370370370370372
2 0.2351851851851852 0.5990740740740741 0.020370370370370372 0.021296296296296296
2 0.3074074074074074 0.5768518518518518 0.022222222222222223 0.020370370370370372
2 0.3314814814814815 0.5962962962962963 0.021296296296296296 0.020370370370370372
2 0.3787037037037037 0.5611111111111111 0.021296296296296296 0.020370370370370372
2 0.39444444444444443 0.5453703703703704 0.020370370370370372 0.021296296296296296
2 0.41944444444444445 0.5657407407407408 0.020370370370370372 0.020370370370370372
2 0.462037037037037 0.5203703703703704 0.021296296296296296 0.020370370370370372
2 0.5027777777777778 0.6 0.020370370370370372 0.021296296296296296
2 0.44907407407407407 0.600925925925926 0.020370370370370372 0.020370370370370372
2 0.6657407407407407 0.5916666666666667 0.022222222222222223 0.020370370370370372
2 0.7175925925925926 0.5731481481481482 0.022222222222222223 0.021296296296296296
2 0.7759259259259259 0.48518518518518516 0.022222222222222223 0.023148148148148147
2 0.7462962962962963 0.5851851851851851 0.020370370370370372 0.022222222222222223
2 0.8037037037037037 0.5 0.020370370370370372 0.021296296296296296
2 0.7953703703703704 0.5694444444444444 0.023148148148148147 0.020370370370370372
2 0.8333333333333334 0.6101851851851852 0.021296296296296296 0.022222222222222223
2 0.8935185185185185 0.6638888888888889 0.022222222222222223 0.020370370370370372
2 0.9222222222222223 0.7638888888888888 0.021296296296296296 0.021296296296296296
2 0.8861111111111111 0.8009259259259259 0.022222222222222223 0.020370370370370372
2 0.8324074074074074 0.6675925925925926 0.022222222222222223 0.020370370370370372
2 0.8361111111111111 0.7018518518518518 0.023148148148148147 0.021296296296296296
2 0.8074074074074075 0.6055555555555555 0.020370370370370372 0.023148148148148147
2 0.812037037037037 0.6388888888888888 0.021296296296296296 0.021296296296296296
2 0.7805555555555556 0.6240740740740741 0.021296296296296296 0.020370370370370372
2 0.8055555555555556 0.6953703703703704 0.020370370370370372 0.021296296296296296
2 0.812037037037037 0.7222222222222222 0.020370370370370372 0.022222222222222223
2 0.8277777777777777 0.7712962962962963 0.022222222222222223 0.022222222222222223
2 0.8027777777777778 0.7935185185185185 0.020370370370370372 0.021296296296296296
2 0.8222222222222222 0.8453703703703703 0.021296296296296296 0.022222222222222223
2 0.812037037037037 0.8731481481481481 0.022222222222222223 0.023148148148148147
2 0.8055555555555556 0.9175925925925926 0.021296296296296296 0.024074074074074074
2 0.7833333333333333 0.8555555555555555 0.021296296296296296 0.022222222222222223
2 0.7583333333333333 0.8305555555555556 0.022222222222222223 0.023148148148148147
2 0.7583333333333333 0.7351851851851852 0.020370370370370372 0.021296296296296296
2 0.7175925925925926 0.6129629629629629 0.020370370370370372 0.020370370370370372
2 0.7037037037037037 0.6620370370370371 0.022222222222222223 0.020370370370370372
2 0.687037037037037 0.6092592592592593 0.020370370370370372 0.020370370370370372
2 0.7231481481481481 0.7277777777777777 0.020370370370370372 0.020370370370370372
2 0.7074074074074074 0.7574074074074074 0.020370370370370372 0.021296296296296296
2 0.6898148148148148 0.7379629629629629 0.022222222222222223 0.021296296296296296
2 0.6759259259259259 0.6972222222222222 0.023148148148148147 0.020370370370370372
2 0.6564814814814814 0.6759259259259259 0.021296296296296296 0.021296296296296296
2 0.6546296296296297 0.7092592592592593 0.020370370370370372 0.020370370370370372
2 0.6351851851851852 0.6898148148148148 0.020370370370370372 0.021296296296296296
2 0.6935185185185185 0.8018518518518518 0.020370370370370372 0.021296296296296296
2 0.6666666666666666 0.7833333333333333 0.020370370370370372 0.021296296296296296
2 0.6712962962962963 0.8092592592592592 0.022222222222222223 0.021296296296296296
2 0.7703703703703704 0.9685185185185186 0.022222222222222223 0.023148148148148147
2 0.7453703703703703 0.9425925925925925 0.023148148148148147 0.025
2 0.7388888888888889 0.8888888888888888 0.020370370370370372 0.022222222222222223
2 0.7194444444444444 0.8666666666666667 0.021296296296296296 0.022222222222222223
2 0.7268518518518519 0.8361111111111111 0.021296296296296296 0.023148148148148147
2 0.7203703703703703 0.9666666666666667 0.020370370370370372 0.024074074074074074
2 0.6694444444444444 0.8675925925925926 0.020370370370370372 0.023148148148148147
2 0.6712962962962963 0.8351851851851851 0.020370370370370372 0.021296296296296296
2 0.5935185185185186 0.9527777777777777 0.020370370370370372 0.022222222222222223
2 0.6111111111111112 0.9342592592592592 0.022222222222222223 0.022222222222222223
2 0.5925925925925926 0.9157407407407407 0.020370370370370372 0.022222222222222223
2 0.5657407407407408 0.9 0.022222222222222223 0.020370370370370372
2 0.6111111111111112 0.8574074074074074 0.020370370370370372 0.022222222222222223
2 0.6027777777777777 0.8175925925925925 0.019444444444444445 0.023148148148148147
2 0.575925925925926 0.8314814814814815 0.022222222222222223 0.021296296296296296
2 0.6259259259259259 0.7564814814814815 0.020370370370370372 0.021296296296296296
2 0.6074074074074074 0.7759259259259259 0.022222222222222223 0.020370370370370372
2 0.5805555555555556 0.7296296296296296 0.021296296296296296 0.020370370370370372
2 0.5574074074074075 0.6194444444444445 0.021296296296296296 0.020370370370370372
2 0.5074074074074074 0.6925925925925925 0.020370370370370372 0.023148148148148147
2 0.5333333333333333 0.7333333333333333 0.020370370370370372 0.021296296296296296
2 0.5111111111111111 0.7240740740740741 0.021296296296296296 0.020370370370370372
2 0.5027777777777778 0.7814814814814814 0.021296296296296296 0.022222222222222223
2 0.5074074074074074 0.8861111111111111 0.020370370370370372 0.022222222222222223
2 0.4777777777777778 0.8898148148148148 0.021296296296296296 0.022222222222222223
2 0.4046296296296296 0.9138888888888889 0.022222222222222223 0.020370370370370372
2 0.3824074074074074 0.8444444444444444 0.020370370370370372 0.022222222222222223
2 0.4842592592592593 0.8268518518518518 0.022222222222222223 0.020370370370370372
2 0.4685185185185185 0.799074074074074 0.020370370370370372 0.022222222222222223
2 0.41944444444444445 0.8018518518518518 0.020370370370370372 0.020370370370370372
2 0.3962962962962963 0.7805555555555556 0.020370370370370372 0.023148148148148147
2 0.37037037037037035 0.7703703703703704 0.020370370370370372 0.021296296296296296
2 0.4046296296296296 0.7342592592592593 0.020370370370370372 0.022222222222222223
2 0.36574074074074076 0.7296296296296296 0.021296296296296296 0.020370370370370372
2 0.4824074074074074 0.6185185185185185 0.020370370370370372 0.020370370370370372
2 0.44166666666666665 0.6268518518518519 0.020370370370370372 0.020370370370370372
2 0.4351851851851852 0.6555555555555556 0.020370370370370372 0.021296296296296296
2 0.3824074074074074 0.6481481481481481 0.020370370370370372 0.021296296296296296
2 0.36203703703703705 0.6620370370370371 0.021296296296296296 0.020370370370370372
2 0.3287037037037037 0.6564814814814814 0.022222222222222223 0.020370370370370372
2 0.24351851851851852 0.6972222222222222 0.022222222222222223 0.019444444444444445
1 0.43425925925925923 0.20277777777777778 0.022222222222222223 0.020370370370370372
1 0.2898148148148148 0.24259259259259258 0.023148148148148147 0.022222222222222223
1 0.35185185185185186 0.21574074074074073 0.021296296296296296 0.022222222222222223
1 0.4703703703703704 0.2388888888888889 0.023148148148148147 0.022222222222222223
3 0.37962962962962965 0.30185185185185187 0.024074074074074074 0.025
0 0.34629629629629627 0.3333333333333333 0.019444444444444445 0.017592592592592594
1 0.32314814814814813 0.35648148148148145 0.023148148148148147 0.021296296296296296
1 0.2898148148148148 0.3351851851851852 0.022222222222222223 0.021296296296296296
1 0.5185185185185185 0.34074074074074073 0.022222222222222223 0.023148148148148147
1 0.5611111111111111 0.26481481481481484 0.023148148148148147 0.023148148148148147
1 0.4962962962962963 0.21851851851851853 0.022222222222222223 0.022222222222222223
1 0.6074074074074074 0.3314814814814815 0.023148148148148147 0.023148148148148147
1 0.6842592592592592 0.4601851851851852 0.023148148148148147 0.022222222222222223
1 0.6759259259259259 0.4148148148148148 0.023148148148148147 0.022222222222222223
1 0.6333333333333333 0.4101851851851852 0.023148148148148147 0.021296296296296296
1 0.6351851851851852 0.4537037037037037 0.023148148148148147 0.022222222222222223
1 0.6518518518518519 0.49074074074074076 0.023148148148148147 0.022222222222222223
1 0.5944444444444444 0.47129629629629627 0.023148148148148147 0.023148148148148147
1 0.6 0.412962962962963 0.023148148148148147 0.021296296296296296
1 0.4583333333333333 0.49444444444444446 0.023148148148148147 0.021296296296296296
1 0.44166666666666665 0.41759259259259257 0.023148148148148147 0.021296296296296296
1 0.40925925925925927 0.44074074074074077 0.022222222222222223 0.021296296296296296
1 0.29259259259259257 0.44814814814814813 0.023148148148148147 0.021296296296296296
1 0.18981481481481483 0.37962962962962965 0.023148148148148147 0.022222222222222223
1 0.2777777777777778 0.38425925925925924 0.023148148148148147 0.021296296296296296
3 0.12777777777777777 0.600925925925926 0.026851851851851852 0.026851851851851852
1 0.24166666666666667 0.5657407407407408 0.023148148148148147 0.022222222222222223
1 0.21944444444444444 0.5231481481481481 0.023148148148148147 0.023148148148148147
1 0.35 0.5037037037037037 0.023148148148148147 0.023148148148148147
1 0.6296296296296297 0.5407407407407407 0.023148148148148147 0.022222222222222223
1 0.6388888888888888 0.5166666666666667 0.023148148148148147 0.023148148148148147
1 0.6666666666666666 0.5148148148148148 0.024074074074074074 0.022222222222222223
1 0.6 0.5666666666666667 0.023148148148148147 0.022222222222222223
1 0.6712962962962963 0.5611111111111111 0.023148148148148147 0.023148148148148147
1 0.6953703703703704 0.5657407407407408 0.023148148148148147 0.023148148148148147
1 0.8240740740740741 0.5675925925925925 0.024074074074074074 0.023148148148148147
1 0.862037037037037 0.6722222222222223 0.025 0.023148148148148147
1 0.7222222222222222 0.649074074074074 0.024074074074074074 0.023148148148148147
1 0.6620370370370371 0.6194444444444445 0.024074074074074074 0.023148148148148147
1 0.6259259259259259 0.6194444444444445 0.023148148148148147 0.023148148148148147
1 0.5833333333333334 0.6296296296296297 0.024074074074074074 0.023148148148148147
1 0.4925925925925926 0.6675925925925926 0.023148148148148147 0.023148148148148147
1 0.32314814814814813 0.6898148148148148 0.023148148148148147 0.023148148148148147
1 0.35462962962962963 0.6907407407407408 0.023148148148148147 0.023148148148148147
1 0.29444444444444445 0.65 0.024074074074074074 0.023148148148148147
1 0.26481481481481484 0.712037037037037 0.025 0.023148148148148147
1 0.24074074074074073 0.6351851851851852 0.023148148148148147 0.022222222222222223
1 0.15462962962962962 0.6472222222222223 0.023148148148148147 0.023148148148148147
1 0.23796296296296296 0.7425925925925926 0.024074074074074074 0.024074074074074074
1 0.3425925925925926 0.7555555555555555 0.023148148148148147 0.024074074074074074
1 0.35 0.8527777777777777 0.023148148148148147 0.025
1 0.3287037037037037 0.7888888888888889 0.023148148148148147 0.024074074074074074
3 0.45092592592592595 0.825925925925926 0.026851851851851852 0.026851851851851852
1 0.48148148148148145 0.8583333333333333 0.024074074074074074 0.024074074074074074
1 0.5111111111111111 0.850925925925926 0.024074074074074074 0.025
1 0.5583333333333333 0.7907407407407407 0.024074074074074074 0.023148148148148147
1 0.5861111111111111 0.7916666666666666 0.024074074074074074 0.023148148148148147
1 0.6259259259259259 0.7925925925925926 0.024074074074074074 0.024074074074074074
1 0.6472222222222223 0.8046296296296296 0.024074074074074074 0.024074074074074074
1 0.5361111111111111 0.7583333333333333 0.023148148148148147 0.023148148148148147
1 0.65 0.7638888888888888 0.024074074074074074 0.024074074074074074
1 0.687037037037037 0.7703703703703704 0.024074074074074074 0.024074074074074074
1 0.6046296296296296 0.6916666666666667 0.024074074074074074 0.023148148148148147
1 0.6046296296296296 0.7185185185185186 0.024074074074074074 0.024074074074074074
1 0.7203703703703703 0.7898148148148149 0.024074074074074074 0.024074074074074074
1 0.762962962962963 0.762962962962963 0.024074074074074074 0.023148148148148147
1 0.8333333333333334 0.7361111111111112 0.024074074074074074 0.024074074074074074
1 0.7796296296296297 0.9287037037037037 0.024074074074074074 0.025
1 0.8462962962962963 0.8851851851851852 0.025 0.025
3 0.7861111111111111 0.8222222222222222 0.027777777777777776 0.028703703703703703
1 0.6666666666666666 0.9314814814814815 0.024074074074074074 0.025
1 0.6314814814814815 0.8925925925925926 0.024074074074074074 0.025
1 0.6018518518518519 0.8907407407407407 0.024074074074074074 0.025
0 0.6592592592592592 0.9805555555555555 0.021296296296296296 0.021296296296296296
0 0.2388888888888889 0.3314814814814815 0.018518518518518517 0.017592592592592594
0 0.262037037037037 0.33796296296296297 0.019444444444444445 0.017592592592592594
0 0.2712962962962963 0.35648148148148145 0.019444444444444445 0.017592592592592594
0 0.23981481481481481 0.30185185185185187 0.019444444444444445 0.018518518518518517
0 0.25 0.24722222222222223 0.019444444444444445 0.018518518518518517
0 0.30462962962962964 0.26296296296296295 0.017592592592592594 0.017592592592592594
0 0.30462962962962964 0.21851851851851853 0.019444444444444445 0.017592592592592594
0 0.4148148148148148 0.21944444444444444 0.018518518518518517 0.018518518518518517
0 0.46296296296296297 0.2101851851851852 0.019444444444444445 0.018518518518518517
0 0.3990740740740741 0.2712962962962963 0.019444444444444445 0.018518518518518517
0 0.41203703703703703 0.2962962962962963 0.018518518518518517 0.018518518518518517
0 0.37407407407407406 0.3287037037037037 0.019444444444444445 0.019444444444444445
0 0.42777777777777776 0.3574074074074074 0.020370370370370372 0.019444444444444445
0 0.45185185185185184 0.3638888888888889 0.019444444444444445 0.018518518518518517
0 0.4666666666666667 0.325 0.018518518518518517 0.019444444444444445
0 0.49722222222222223 0.25555555555555554 0.019444444444444445 0.017592592592592594
0 0.5537037037037037 0.23703703703703705 0.019444444444444445 0.018518518518518517
0 0.5916666666666667 0.2611111111111111 0.019444444444444445 0.018518518518518517
0 0.5851851851851851 0.29814814814814816 0.019444444444444445 0.018518518518518517
0 0.5833333333333334 0.3509259259259259 0.019444444444444445 0.018518518518518517
0 0.6435185185185185 0.32685185185185184 0.019444444444444445 0.017592592592592594
0 0.7064814814814815 0.39537037037037037 0.019444444444444445 0.017592592592592594
0 0.7407407407407407 0.4324074074074074 0.019444444444444445 0.017592592592592594
0 0.5666666666666667 0.4842592592592593 0.019444444444444445 0.019444444444444445
0 0.5944444444444444 0.49907407407407406 0.019444444444444445 0.018518518518518517
0 0.5472222222222223 0.4185185185185185 0.019444444444444445 0.018518518518518517
0 0.5111111111111111 0.49907407407407406 0.020370370370370372 0.019444444444444445
0 0.5194444444444445 0.462037037037037 0.019444444444444445 0.017592592592592594
0 0.4787037037037037 0.36944444444444446 0.018518518518518517 0.018518518518518517
0 0.43425925925925923 0.39537037037037037 0.017592592592592594 0.018518518518518517
0 0.4046296296296296 0.36944444444444446 0.018518518518518517 0.017592592592592594
0 0.4212962962962963 0.4648148148148148 0.019444444444444445 0.019444444444444445
0 0.36203703703703705 0.48703703703703705 0.019444444444444445 0.019444444444444445
0 0.32407407407407407 0.44166666666666665 0.020370370370370372 0.018518518518518517
0 0.3675925925925926 0.39814814814814814 0.018518518518518517 0.019444444444444445
0 0.3731481481481482 0.3787037037037037 0.019444444444444445 0.017592592592592594
0 0.3074074074074074 0.47129629629629627 0.019444444444444445 0.018518518518518517
0 0.262037037037037 0.4527777777777778 0.018518518518518517 0.019444444444444445
0 0.23055555555555557 0.48518518518518516 0.020370370370370372 0.018518518518518517
0 0.30092592592592593 0.3685185185185185 0.019444444444444445 0.018518518518518517
0 0.22314814814814815 0.36944444444444446 0.019444444444444445 0.018518518518518517
0 0.18425925925925926 0.44074074074074077 0.019444444444444445 0.018518518518518517
0 0.15648148148148147 0.4212962962962963 0.019444444444444445 0.019444444444444445
0 0.1685185185185185 0.46944444444444444 0.019444444444444445 0.018518518518518517
0 0.10833333333333334 0.524074074074074 0.020370370370370372 0.019444444444444445
0 0.14814814814814814 0.5194444444444445 0.019444444444444445 0.019444444444444445
0 0.14907407407407408 0.5407407407407407 0.020370370370370372 0.019444444444444445
0 0.14629629629629629 0.5657407407407408 0.020370370370370372 0.019444444444444445
0 0.2111111111111111 0.6314814814814815 0.020370370370370372 0.020370370370370372
0 0.2611111111111111 0.5925925925925926 0.019444444444444445 0.019444444444444445
0 0.29814814814814816 0.5981481481481481 0.019444444444444445 0.019444444444444445
0 0.3351851851851852 0.5657407407407408 0.019444444444444445 0.019444444444444445
0 0.37407407407407406 0.6240740740740741 0.019444444444444445 0.019444444444444445
0 0.36203703703703705 0.5768518518518518 0.019444444444444445 0.019444444444444445
0 0.387037037037037 0.5203703703703704 0.020370370370370372 0.019444444444444445
0 0.3972222222222222 0.6111111111111112 0.019444444444444445 0.018518518518518517
0 0.42314814814814816 0.6148148148148148 0.019444444444444445 0.019444444444444445
0 0.4212962962962963 0.5916666666666667 0.019444444444444445 0.019444444444444445
0 0.4462962962962963 0.575 0.019444444444444445 0.018518518518518517
0 0.4648148148148148 0.5592592592592592 0.019444444444444445 0.018518518518518517
0 0.48333333333333334 0.5111111111111111 0.019444444444444445 0.019444444444444445
0 0.5046296296296297 0.524074074074074 0.019444444444444445 0.018518518518518517
0 0.5148148148148148 0.5444444444444444 0.019444444444444445 0.019444444444444445
0 0.487962962962963 0.55 0.019444444444444445 0.018518518518518517
0 0.4981481481481482 0.5722222222222222 0.018518518518518517 0.019444444444444445
0 0.5296296296296297 0.6037037037037037 0.019444444444444445 0.019444444444444445
0 0.5555555555555556 0.5916666666666667 0.019444444444444445 0.019444444444444445
0 0.5851851851851851 0.6018518518518519 0.019444444444444445 0.018518518518518517
0 0.7064814814814815 0.5935185185185186 0.020370370370370372 0.019444444444444445
0 0.7342592592592593 0.562037037037037 0.020370370370370372 0.019444444444444445
0 0.7416666666666667 0.5287037037037037 0.021296296296296296 0.019444444444444445
0 0.7222222222222222 0.5083333333333333 0.019444444444444445 0.019444444444444445
0 0.8629629629629629 0.6101851851851852 0.020370370370370372 0.020370370370370372
0 0.8814814814814815 0.7018518518518518 0.020370370370370372 0.020370370370370372
0 0.774074074074074 0.65 0.020370370370370372 0.019444444444444445
0 0.7712962962962963 0.7194444444444444 0.019444444444444445 0.020370370370370372
0 0.7287037037037037 0.6898148148148148 0.020370370370370372 0.020370370370370372
0 0.6981481481481482 0.6842592592592592 0.019444444444444445 0.020370370370370372
0 0.6694444444444444 0.6601851851851852 0.019444444444444445 0.019444444444444445
0 0.6759259259259259 0.6407407407407407 0.020370370370370372 0.018518518518518517
0 0.6935185185185185 0.6305555555555555 0.020370370370370372 0.019444444444444445
0 0.6240740740740741 0.7083333333333334 0.020370370370370372 0.019444444444444445
0 0.5814814814814815 0.700925925925926 0.019444444444444445 0.019444444444444445
0 0.6527777777777778 0.6398148148148148 0.020370370370370372 0.020370370370370372
0 0.6314814814814815 0.6444444444444445 0.019444444444444445 0.018518518518518517
0 0.6 0.6462962962962963 0.019444444444444445 0.019444444444444445
0 0.5611111111111111 0.6842592592592592 0.020370370370370372 0.019444444444444445
0 0.5185185185185185 0.6583333333333333 0.020370370370370372 0.020370370370370372
0 0.4842592592592593 0.7138888888888889 0.019444444444444445 0.019444444444444445
0 0.4361111111111111 0.7305555555555555 0.019444444444444445 0.019444444444444445
0 0.23425925925925925 0.6592592592592592 0.019444444444444445 0.020370370370370372
0 0.19444444444444445 0.6703703703703704 0.019444444444444445 0.020370370370370372
0 0.26666666666666666 0.7546296296296297 0.019444444444444445 0.020370370370370372
0 0.29444444444444445 0.7722222222222223 0.020370370370370372 0.019444444444444445
0 0.3351851851851852 0.8305555555555556 0.020370370370370372 0.020370370370370372
0 0.387037037037037 0.7537037037037037 0.019444444444444445 0.020370370370370372
0 0.44722222222222224 0.7666666666666667 0.019444444444444445 0.020370370370370372
0 0.44351851851851853 0.7935185185185185 0.020370370370370372 0.019444444444444445
0 0.49444444444444446 0.8074074074074075 0.019444444444444445 0.020370370370370372
0 0.4981481481481482 0.7444444444444445 0.020370370370370372 0.020370370370370372
0 0.5574074074074075 0.7453703703703703 0.019444444444444445 0.019444444444444445
0 0.575925925925926 0.7620370370370371 0.019444444444444445 0.020370370370370372
0 0.5333333333333333 0.7907407407407407 0.020370370370370372 0.020370370370370372
0 0.5555555555555556 0.8157407407407408 0.020370370370370372 0.020370370370370372
0 0.5805555555555556 0.8592592592592593 0.020370370370370372 0.021296296296296296
0 0.6259259259259259 0.8203703703703704 0.019444444444444445 0.020370370370370372
0 0.7027777777777777 0.825 0.020370370370370372 0.020370370370370372
0 0.7916666666666666 0.7703703703703704 0.021296296296296296 0.020370370370370372
0 0.8962962962962963 0.7694444444444445 0.021296296296296296 0.020370370370370372
0 0.8277777777777777 0.8138888888888889 0.021296296296296296 0.020370370370370372
0 0.8518518518518519 0.8472222222222222 0.021296296296296296 0.020370370370370372
0 0.7527777777777778 0.9138888888888889 0.020370370370370372 0.020370370370370372
0 0.7074074074074074 0.9398148148148148 0.021296296296296296 0.021296296296296296
0 0.687962962962963 0.9046296296296297 0.020370370370370372 0.020370370370370372
0 0.6907407407407408 0.8814814814814815 0.020370370370370372 0.020370370370370372
0 0.6592592592592592 0.8962962962962963 0.020370370370370372 0.020370370370370372
0 0.6453703703703704 0.8722222222222222 0.020370370370370372 0.021296296296296296
0 0.6175925925925926 0.9685185185185186 0.020370370370370372 0.020370370370370372
2 0.38333333333333336 0.7129629629629629 0.020370370370370372 0.021296296296296296
0 0.562962962962963 0.9333333333333333 0.020370370370370372 0.021296296296296296
0 0.5657407407407408 0.8768518518518519 0.020370370370370372 0.021296296296296296
0 0.4842592592592593 0.912962962962963 0.020370370370370372 0.020370370370370372
0 0.4527777777777778 0.875 0.020370370370370372 0.020370370370370372
0 0.42962962962962964 0.8870370370370371 0.020370370370370372 0.020370370370370372
3 0.19907407407407407 0.3490740740740741 0.026851851851851852 0.025
3 0.24537037037037038 0.3574074074074074 0.025925925925925925 0.024074074074074074
3 0.29074074074074074 0.30185185185185187 0.025 0.024074074074074074
3 0.32037037037037036 0.3 0.025 0.025
3 0.3527777777777778 0.3111111111111111 0.025925925925925925 0.024074074074074074
3 0.3537037037037037 0.2574074074074074 0.025925925925925925 0.025
3 0.32685185185185184 0.23796296296296296 0.025925925925925925 0.025
3 0.3861111111111111 0.2111111111111111 0.025 0.025
3 0.3861111111111111 0.24722222222222223 0.025 0.024074074074074074
3 0.42314814814814816 0.25 0.025925925925925925 0.024074074074074074
3 0.45185185185185184 0.3074074074074074 0.025925925925925925 0.024074074074074074
3 0.5296296296296297 0.262037037037037 0.025 0.025
3 0.5305555555555556 0.3148148148148148 0.025 0.025
3 0.6722222222222223 0.34629629629629627 0.026851851851851852 0.025
3 0.6296296296296297 0.3509259259259259 0.025 0.024074074074074074
3 0.6768518518518518 0.3814814814814815 0.025 0.025
3 0.7074074074074074 0.42592592592592593 0.026851851851851852 0.026851851851851852
3 0.7805555555555556 0.45092592592592595 0.026851851851851852 0.025
3 0.7037037037037037 0.4787037037037037 0.026851851851851852 0.025
3 0.7435185185185185 0.4925925925925926 0.026851851851851852 0.025
3 0.6231481481481481 0.4842592592592593 0.026851851851851852 0.025
3 0.5694444444444444 0.44814814814814813 0.026851851851851852 0.026851851851851852
3 0.5740740740740741 0.5111111111111111 0.026851851851851852 0.026851851851851852
3 0.487962962962963 0.4777777777777778 0.025 0.025
3 0.4722222222222222 0.43703703703703706 0.026851851851851852 0.025
3 0.49166666666666664 0.41203703703703703 0.026851851851851852 0.025925925925925925
3 0.4425925925925926 0.4462962962962963 0.025925925925925925 0.025
3 0.39814814814814814 0.4759259259259259 0.026851851851851852 0.025
3 0.36574074074074076 0.462037037037037 0.026851851851851852 0.025
3 0.3425925925925926 0.38796296296296295 0.025 0.025
3 0.2935185185185185 0.4083333333333333 0.025 0.025
3 0.27314814814814814 0.42777777777777776 0.025 0.025
3 0.2564814814814815 0.39537037037037037 0.025 0.025
3 0.21666666666666667 0.39444444444444443 0.025925925925925925 0.025
3 0.10833333333333334 0.4740740740740741 0.026851851851851852 0.025
3 0.1675925925925926 0.5861111111111111 0.026851851851851852 0.025925925925925925
3 0.2814814814814815 0.5675925925925925 0.026851851851851852 0.026851851851851852
3 0.3101851851851852 0.5481481481481482 0.026851851851851852 0.026851851851851852
3 0.3537037037037037 0.537962962962963 0.026851851851851852 0.025925925925925925
3 0.26851851851851855 0.6231481481481481 0.026851851851851852 0.026851851851851852
3 0.31574074074074077 0.6259259259259259 0.026851851851851852 0.025925925925925925
3 0.3851851851851852 0.587037037037037 0.026851851851851852 0.026851851851851852
3 0.41388888888888886 0.5203703703703704 0.026851851851851852 0.026851851851851852
3 0.44166666666666665 0.5416666666666666 0.025925925925925925 0.025
3 0.4740740740740741 0.587037037037037 0.026851851851851852 0.025925925925925925
3 0.5259259259259259 0.5768518518518518 0.025925925925925925 0.025925925925925925
3 0.5472222222222223 0.55 0.025925925925925925 0.026851851851851852
3 0.5731481481481482 0.575 0.025925925925925925 0.025
3 0.5990740740740741 0.5351851851851852 0.026851851851851852 0.025
3 0.5027777777777778 0.6351851851851852 0.026851851851851852 0.026851851851851852
3 0.5314814814814814 0.6314814814814815 0.026851851851851852 0.025925925925925925
3 0.6305555555555555 0.5731481481481482 0.026851851851851852 0.025
3 0.6425925925925926 0.600925925925926 0.026851851851851852 0.026851851851851852
1 0.6981481481481482 0.5185185185185185 0.023148148148148147 0.023148148148148147
3 0.7166666666666667 0.5407407407407407 0.026851851851851852 0.026851851851851852
3 0.7694444444444445 0.5194444444444445 0.026851851851851852 0.025925925925925925
3 0.7583333333333333 0.5574074074074075 0.026851851851851852 0.026851851851851852
3 0.7435185185185185 0.6101851851851852 0.027777777777777776 0.025
3 0.75 0.6388888888888888 0.026851851851851852 0.026851851851851852
3 0.7712962962962963 0.5944444444444444 0.026851851851851852 0.025
3 0.8018518518518518 0.5333333333333333 0.026851851851851852 0.026851851851851852
1 0.8555555555555555 0.5787037037037037 0.024074074074074074 0.022222222222222223
0 0.8722222222222222 0.637962962962963 0.020370370370370372 0.019444444444444445
1 0.8462962962962963 0.6435185185185185 0.024074074074074074 0.023148148148148147
3 0.9194444444444444 0.6916666666666667 0.026851851851851852 0.027777777777777776
3 0.8027777777777778 0.6638888888888889 0.026851851851851852 0.026851851851851852
3 0.7759259259259259 0.6907407407407408 0.027777777777777776 0.026851851851851852
3 0.7444444444444445 0.6722222222222223 0.027777777777777776 0.026851851851851852
3 0.9046296296296297 0.7342592592592593 0.027777777777777776 0.027777777777777776
3 0.8675925925925926 0.7305555555555555 0.027777777777777776 0.026851851851851852
3 0.8648148148148148 0.7685185185185185 0.027777777777777776 0.027777777777777776
3 0.7935185185185185 0.7425925925925926 0.027777777777777776 0.027777777777777776
3 0.7416666666666667 0.7111111111111111 0.027777777777777776 0.026851851851851852
3 0.6990740740740741 0.7129629629629629 0.026851851851851852 0.026851851851851852
3 0.7324074074074074 0.762962962962963 0.027777777777777776 0.027777777777777776
1 0.775 0.7916666666666666 0.024074074074074074 0.024074074074074074
3 0.6657407407407407 0.7425925925925926 0.026851851851851852 0.026851851851851852
3 0.6361111111111111 0.7324074074074074 0.026851851851851852 0.026851851851851852
3 0.6018518518518519 0.7490740740740741 0.026851851851851852 0.026851851851851852
3 0.6240740740740741 0.6666666666666666 0.026851851851851852 0.026851851851851852
3 0.5833333333333334 0.6675925925925926 0.026851851851851852 0.026851851851851852
3 0.5574074074074075 0.6546296296296297 0.027777777777777776 0.026851851851851852
3 0.5351851851851852 0.6842592592592592 0.025925925925925925 0.026851851851851852
3 0.5574074074074075 0.7148148148148148 0.026851851851851852 0.026851851851851852
3 0.4703703703703704 0.7481481481481481 0.025925925925925925 0.027777777777777776
3 0.4537037037037037 0.6990740740740741 0.026851851851851852 0.026851851851851852
3 0.46574074074074073 0.6638888888888889 0.025925925925925925 0.026851851851851852
3 0.41944444444444445 0.7592592592592593 0.026851851851851852 0.027777777777777776
3 0.42407407407407405 0.6944444444444444 0.026851851851851852 0.026851851851851852
3 0.4101851851851852 0.6453703703703704 0.026851851851851852 0.026851851851851852
3 0.39537037037037037 0.6722222222222223 0.026851851851851852 0.027777777777777776
3 0.33611111111111114 0.7212962962962963 0.026851851851851852 0.026851851851851852
3 0.30092592592592593 0.7287037037037037 0.026851851851851852 0.026851851851851852
3 0.2898148148148148 0.6898148148148148 0.026851851851851852 0.026851851851851852
3 0.25925925925925924 0.6611111111111111 0.026851851851851852 0.025925925925925925
3 0.29444444444444445 0.8166666666666667 0.027777777777777776 0.027777777777777776
3 0.39444444444444443 0.8768518518518519 0.027777777777777776 0.027777777777777776
3 0.4222222222222222 0.8472222222222222 0.026851851851851852 0.027777777777777776
3 0.3888888888888889 0.8101851851851852 0.026851851851851852 0.027777777777777776
3 0.44537037037037036 0.9111111111111111 0.027777777777777776 0.028703703703703703
3 0.5361111111111111 0.8824074074074074 0.026851851851851852 0.027777777777777776
3 0.5537037037037037 0.8472222222222222 0.027777777777777776 0.027777777777777776
3 0.5268518518518519 0.8194444444444444 0.027777777777777776 0.027777777777777776
3 0.6398148148148148 0.8416666666666667 0.026851851851851852 0.028703703703703703
3 0.6907407407407408 0.8537037037037037 0.027777777777777776 0.027777777777777776
1 0.7138888888888889 0.9083333333333333 0.024074074074074074 0.024074074074074074
3 0.7453703703703703 0.8055555555555556 0.026851851851851852 0.027777777777777776
3 0.7555555555555555 0.8638888888888889 0.027777777777777776 0.02962962962962963
3 0.7833333333333333 0.8916666666666667 0.027777777777777776 0.027777777777777776
1 0.8546296296296296 0.812962962962963 0.025 0.025
3 0.5601851851851852 0.9648148148148148 0.027777777777777776 0.028703703703703703
3 0.5277777777777778 0.9305555555555556 0.028703703703703703 0.027777777777777776
3 0.6851851851851852 0.9592592592592593 0.027777777777777776 0.028703703703703703
1 0.6425925925925926 0.9564814814814815 0.024074074074074074 0.025
1 0.5546296296296296 0.3398148148148148 0.023148148148148147 0.021296296296296296
1 0.6203703703703703 0.2972222222222222 0.022222222222222223 0.021296296296296296
1 0.3814814814814815 0.44166666666666665 0.022222222222222223 0.021296296296296296
1 0.34814814814814815 0.6185185185185185 0.023148148148148147 0.022222222222222223
1 0.35833333333333334 0.8 0.023148148148148147 0.024074074074074074
1 0.6074074074074074 0.5953703703703703 0.024074074074074074 0.025925925925925925
2 0.1388888888888889 0.6268518518518519 0.023148148148148147 0.020370370370370372
2 0.15833333333333333 0.6101851851851852 0.024074074074074074 0.022222222222222223
2 0.17685185185185184 0.6296296296296297 0.021296296296296296 0.021296296296296296
1 0.5287037037037037 0.5259259259259259 0.025 0.023148148148148147