3 0.4648148148148148 0.6685185185185185 0.023148148148148147 0.023148148148148147
3 0.44814814814814813 0.7222222222222222 0.024074074074074074 0.023148148148148147
3 0.41759259259259257 0.712037037037037 0.023148148148148147 0.024074074074074074
3 0.412962962962963 0.7731481481481481 0.023148148148148147 0.023148148148148147
3 0.30925925925925923 0.7231481481481481 0.023148148148148147 0.025
3 0.2759259259259259 0.7055555555555556 0.025 0.024074074074074074
3 0.2722222222222222 0.7361111111111112 0.024074074074074074 0.024074074074074074
3 0.17962962962962964 0.6555555555555556 0.024074074074074074 0.025
3 0.21481481481481482 0.6768518518518518 0.025 0.023148148148148147
3 0.21944444444444444 0.7324074074074074 0.025 0.025
3 0.33796296296296297 0.7888888888888889 0.024074074074074074 0.023148148148148147
3 0.3925925925925926 0.8018518518518518 0.024074074074074074 0.023148148148148147
3 0.4666666666666667 0.825925925925926 0.024074074074074074 0.023148148148148147
1 0.5027777777777778 0.7685185185185185 0.022222222222222223 0.021296296296296296
1 0.3074074074074074 0.7777777777777778 0.020370370370370372 0.021296296296296296
1 0.32222222222222224 0.6046296296296296 0.021296296296296296 0.022222222222222223
1 0.2935185185185185 0.587037037037037 0.020370370370370372 0.021296296296296296
1 0.24537037037037038 0.5907407407407408 0.021296296296296296 0.021296296296296296
1 0.2388888888888889 0.6305555555555555 0.021296296296296296 0.021296296296296296
0 0.1925925925925926 0.6101851851851852 0.018518518518518517 0.018518518518518517
3 0.27037037037037037 0.6157407407407407 0.025 0.024074074074074074
1 0.4324074074074074 0.6574074074074074 0.021296296296296296 0.021296296296296296
1 0.4444444444444444 0.5944444444444444 0.020370370370370372 0.021296296296296296
1 0.41574074074074074 0.6018518518518519 0.020370370370370372 0.020370370370370372
3 0.5259259259259259 0.6509259259259259 0.024074074074074074 0.023148148148148147
3 0.5722222222222222 0.6231481481481481 0.024074074074074074 0.024074074074074074
1 0.5657407407407408 0.6861111111111111 0.021296296296296296 0.020370370370370372
1 0.6194444444444445 0.7185185185185186 0.022222222222222223 0.020370370370370372
1 0.5962962962962963 0.6388888888888888 0.020370370370370372 0.021296296296296296
1 0.6203703703703703 0.6611111111111111 0.021296296296296296 0.020370370370370372
1 0.6592592592592592 0.7305555555555555 0.021296296296296296 0.020370370370370372
0 0.6888888888888889 0.7166666666666667 0.016666666666666666 0.017592592592592594
1 0.5796296296296296 0.5675925925925925 0.021296296296296296 0.021296296296296296
1 0.6731481481481482 0.5712962962962963 0.020370370370370372 0.020370370370370372
1 0.5685185185185185 0.5398148148148149 0.021296296296296296 0.021296296296296296
1 0.7055555555555556 0.6138888888888889 0.021296296296296296 0.020370370370370372
1 0.22592592592592592 0.5370370370370371 0.021296296296296296 0.021296296296296296
1 0.3527777777777778 0.32314814814814813 0.022222222222222223 0.022222222222222223
1 0.39166666666666666 0.30648148148148147 0.021296296296296296 0.021296296296296296
1 0.47962962962962963 0.3138888888888889 0.022222222222222223 0.022222222222222223
1 0.575925925925926 0.32685185185185184 0.021296296296296296 0.022222222222222223
1 0.5925925925925926 0.45555555555555555 0.021296296296296296 0.021296296296296296
1 0.325 0.44351851851851853 0.020370370370370372 0.021296296296296296
1 0.5888888888888889 0.4 0.021296296296296296 0.021296296296296296
1 0.5351851851851852 0.45185185185185184 0.021296296296296296 0.021296296296296296
1 0.8666666666666667 0.43796296296296294 0.021296296296296296 0.020370370370370372
1 0.7092592592592593 0.5055555555555555 0.021296296296296296 0.020370370370370372
3 0.45740740740740743 0.6157407407407407 0.024074074074074074 0.023148148148148147
2 0.2935185185185185 0.8037037037037037 0.018518518518518517 0.018518518518518517
2 0.3675925925925926 0.8138888888888889 0.018518518518518517 0.018518518518518517
2 0.20555555555555555 0.7083333333333334 0.017592592592592594 0.020370370370370372
2 0.20462962962962963 0.6296296296296297 0.018518518518518517 0.019444444444444445
2 0.24537037037037038 0.6564814814814814 0.018518518518518517 0.019444444444444445
2 0.26851851851851855 0.6685185185185185 0.019444444444444445 0.019444444444444445
2 0.29814814814814816 0.6527777777777778 0.019444444444444445 0.018518518518518517
2 0.33240740740740743 0.6361111111111111 0.019444444444444445 0.018518518518518517
2 0.387037037037037 0.7064814814814815 0.018518518518518517 0.019444444444444445
2 0.38055555555555554 0.7333333333333333 0.018518518518518517 0.018518518518518517
2 0.3907407407407407 0.7592592592592593 0.017592592592592594 0.018518518518518517
2 0.42314814814814816 0.799074074074074 0.019444444444444445 0.019444444444444445
2 0.45 0.8027777777777778 0.018518518518518517 0.018518518518518517
2 0.4740740740740741 0.7898148148148149 0.019444444444444445 0.018518518518518517
2 0.5222222222222223 0.8074074074074075 0.018518518518518517 0.018518518518518517
2 0.5342592592592592 0.7851851851851852 0.017592592592592594 0.019444444444444445
2 0.5592592592592592 0.7907407407407407 0.017592592592592594 0.016666666666666666
2 0.6185185185185185 0.7648148148148148 0.018518518518518517 0.018518518518518517
2 0.562037037037037 0.7407407407407407 0.018518518518518517 0.016666666666666666
2 0.5518518518518518 0.7138888888888889 0.017592592592592594 0.018518518518518517
2 0.4861111111111111 0.7203703703703703 0.019444444444444445 0.017592592592592594
2 0.487962962962963 0.687962962962963 0.017592592592592594 0.018518518518518517
2 0.41388888888888886 0.6851851851851852 0.018518518518518517 0.020370370370370372
2 0.3925925925925926 0.6296296296296297 0.019444444444444445 0.020370370370370372
2 0.42314814814814816 0.6268518518518519 0.018518518518518517 0.018518518518518517
2 0.4787037037037037 0.6314814814814815 0.017592592592592594 0.017592592592592594
2 0.4935185185185185 0.6601851851851852 0.019444444444444445 0.019444444444444445
2 0.5472222222222223 0.6324074074074074 0.018518518518518517 0.018518518518518517
2 0.6481481481481481 0.6666666666666666 0.016666666666666666 0.019444444444444445
2 0.649074074074074 0.7055555555555556 0.019444444444444445 0.019444444444444445
2 0.2537037037037037 0.5222222222222223 0.019444444444444445 0.019444444444444445
2 0.3435185185185185 0.4981481481481482 0.019444444444444445 0.019444444444444445
2 0.3453703703703704 0.4703703703703704 0.019444444444444445 0.019444444444444445
2 0.30277777777777776 0.3972222222222222 0.020370370370370372 0.020370370370370372
2 0.40925925925925927 0.4 0.017592592592592594 0.019444444444444445
2 0.4324074074074074 0.3972222222222222 0.017592592592592594 0.018518518518518517
2 0.3888888888888889 0.47129629629629627 0.019444444444444445 0.019444444444444445
2 0.43333333333333335 0.4722222222222222 0.022222222222222223 0.019444444444444445
2 0.45740740740740743 0.5157407407407407 0.019444444444444445 0.018518518518518517
2 0.2935185185185185 0.5555555555555556 0.019444444444444445 0.018518518518518517
2 0.3574074074074074 0.5462962962962963 0.019444444444444445 0.019444444444444445
2 0.3990740740740741 0.5777777777777777 0.019444444444444445 0.019444444444444445
2 0.4638888888888889 0.5787037037037037 0.019444444444444445 0.020370370370370372
2 0.5425925925925926 0.48333333333333334 0.019444444444444445 0.019444444444444445
2 0.5185185185185185 0.5 0.019444444444444445 0.018518518518518517
2 0.6240740740740741 0.5203703703703704 0.019444444444444445 0.019444444444444445
2 0.6055555555555555 0.5462962962962963 0.017592592592592594 0.019444444444444445
2 0.6101851851851852 0.5768518518518518 0.020370370370370372 0.019444444444444445
2 0.6324074074074074 0.5972222222222222 0.018518518518518517 0.019444444444444445
2 0.6444444444444445 0.4824074074074074 0.019444444444444445 0.017592592592592594
2 0.6462962962962963 0.4564814814814815 0.019444444444444445 0.018518518518518517
2 0.600925925925926 0.4324074074074074 0.017592592592592594 0.020370370370370372
2 0.6185185185185185 0.4083333333333333 0.018518518518518517 0.020370370370370372
2 0.5305555555555556 0.40185185185185185 0.019444444444444445 0.020370370370370372
2 0.4824074074074074 0.37777777777777777 0.019444444444444445 0.020370370370370372
2 0.33240740740740743 0.3537037037037037 0.019444444444444445 0.019444444444444445
2 0.7407407407407407 0.6675925925925926 0.018518518518518517 0.018518518518518517
2 0.7074074074074074 0.6361111111111111 0.018518518518518517 0.020370370370370372
2 0.6796296296296296 0.6046296296296296 0.017592592592592594 0.019444444444444445
2 0.7305555555555555 0.6101851851851852 0.017592592592592594 0.019444444444444445
2 0.7768518518518519 0.6351851851851852 0.018518518518518517 0.017592592592592594
2 0.7574074074074074 0.5953703703703703 0.020370370370370372 0.019444444444444445
2 0.8046296296296296 0.587037037037037 0.019444444444444445 0.018518518518518517
2 0.6731481481481482 0.4583333333333333 0.019444444444444445 0.019444444444444445
2 0.7833333333333333 0.4722222222222222 0.019444444444444445 0.018518518518518517
2 0.8018518518518518 0.5037037037037037 0.020370370370370372 0.018518518518518517
2 0.8444444444444444 0.5472222222222223 0.020370370370370372 0.020370370370370372
2 0.8388888888888889 0.4398148148148148 0.019444444444444445 0.019444444444444445
2 0.8240740740740741 0.41203703703703703 0.020370370370370372 0.019444444444444445
2 0.7361111111111112 0.40555555555555556 0.019444444444444445 0.019444444444444445
2 0.7129629629629629 0.42592592592592593 0.019444444444444445 0.018518518518518517
2 0.7916666666666666 0.2935185185185185 0.018518518518518517 0.020370370370370372
2 0.7185185185185186 0.3148148148148148 0.019444444444444445 0.019444444444444445
2 0.6972222222222222 0.2796296296296296 0.018518518518518517 0.019444444444444445
2 0.6564814814814814 0.28055555555555556 0.019444444444444445 0.019444444444444445
2 0.612037037037037 0.3212962962962963 0.019444444444444445 0.019444444444444445
2 0.5925925925925926 0.2777777777777778 0.019444444444444445 0.019444444444444445
2 0.5898148148148148 0.3490740740740741 0.018518518518518517 0.019444444444444445
2 0.5574074074074075 0.36574074074074076 0.020370370370370372 0.020370370370370372
2 0.512962962962963 0.3398148148148148 0.019444444444444445 0.019444444444444445
2 0.44722222222222224 0.3074074074074074 0.020370370370370372 0.020370370370370372
2 0.4583333333333333 0.27870370370370373 0.019444444444444445 0.019444444444444445
2 0.37407407407407406 0.3398148148148148 0.019444444444444445 0.019444444444444445
1 0.8425925925925926 0.31851851851851853 0.023148148148148147 0.022222222222222223
1 0.8101851851851852 0.3212962962962963 0.022222222222222223 0.021296296296296296
1 0.7666666666666667 0.3416666666666667 0.022222222222222223 0.023148148148148147
1 0.7574074074074074 0.3111111111111111 0.022222222222222223 0.022222222222222223
1 0.6953703703703704 0.3388888888888889 0.022222222222222223 0.021296296296296296
1 0.649074074074074 0.34444444444444444 0.022222222222222223 0.021296296296296296
1 0.6305555555555555 0.43425925925925923 0.021296296296296296 0.020370370370370372
1 0.7787037037037037 0.4074074074074074 0.020370370370370372 0.021296296296296296
1 0.7398148148148148 0.4398148148148148 0.021296296296296296 0.020370370370370372
1 0.5592592592592592 0.30277777777777776 0.021296296296296296 0.021296296296296296
1 0.5305555555555556 0.262037037037037 0.020370370370370372 0.022222222222222223
1 0.5175925925925926 0.29074074074074074 0.021296296296296296 0.022222222222222223
1 0.5351851851851852 0.31851851851851853 0.021296296296296296 0.021296296296296296
1 0.4203703703703704 0.31666666666666665 0.021296296296296296 0.021296296296296296
1 0.4777777777777778 0.4027777777777778 0.020370370370370372 0.021296296296296296
1 0.6222222222222222 0.37777777777777777 0.021296296296296296 0.021296296296296296
1 0.3351851851851852 0.4185185185185185 0.020370370370370372 0.021296296296296296
1 0.44907407407407407 0.3398148148148148 0.022222222222222223 0.021296296296296296
1 0.3351851851851852 0.537962962962963 0.020370370370370372 0.021296296296296296
1 0.3962962962962963 0.5527777777777778 0.021296296296296296 0.021296296296296296
1 0.4361111111111111 0.5685185185185185 0.020370370370370372 0.020370370370370372
1 0.3925925925925926 0.4981481481481482 0.021296296296296296 0.022222222222222223
1 0.5398148148148149 0.42592592592592593 0.021296296296296296 0.021296296296296296
1 0.5712962962962963 0.42592592592592593 0.022222222222222223 0.022222222222222223
1 0.549074074074074 0.5592592592592592 0.021296296296296296 0.021296296296296296
1 0.6435185185185185 0.575925925925926 0.020370370370370372 0.020370370370370372
1 0.6638888888888889 0.5435185185185185 0.021296296296296296 0.021296296296296296
1 0.7046296296296296 0.4787037037037037 0.020370370370370372 0.021296296296296296
1 0.812037037037037 0.45740740740740743 0.021296296296296296 0.021296296296296296
1 0.8212962962962963 0.48148148148148145 0.021296296296296296 0.021296296296296296
1 0.6037037037037037 0.6083333333333333 0.021296296296296296 0.021296296296296296
1 0.6555555555555556 0.6268518518518519 0.021296296296296296 0.020370370370370372
1 0.6259259259259259 0.6861111111111111 0.021296296296296296 0.020370370370370372
1 0.46944444444444444 0.7407407407407407 0.021296296296296296 0.021296296296296296
1 0.3685185185185185 0.6824074074074075 0.021296296296296296 0.020370370370370372
1 0.32592592592592595 0.6935185185185185 0.020370370370370372 0.021296296296296296
1 0.24351851851851852 0.7185185185185186 0.022222222222222223 0.023148148148148147
1 0.3611111111111111 0.7601851851851852 0.021296296296296296 0.021296296296296296
1 0.5342592592592592 0.7574074074074074 0.020370370370370372 0.019444444444444445
0 0.4398148148148148 0.8268518518518518 0.016666666666666666 0.016666666666666666
0 0.4111111111111111 0.8268518518518518 0.018518518518518517 0.016666666666666666
0 0.33055555555555555 0.8203703703703704 0.017592592592592594 0.018518518518518517
0 0.4935185185185185 0.8037037037037037 0.017592592592592594 0.016666666666666666
0 0.3712962962962963 0.7796296296296297 0.017592592592592594 0.018518518518518517
0 0.325 0.7583333333333333 0.018518518518518517 0.018518518518518517
0 0.3574074074074074 0.7138888888888889 0.017592592592592594 0.018518518518518517
0 0.4046296296296296 0.7351851851851852 0.016666666666666666 0.016666666666666666
0 0.43796296296296294 0.7472222222222222 0.017592592592592594 0.017592592592592594
0 0.47314814814814815 0.7657407407407407 0.016666666666666666 0.016666666666666666
0 0.5046296296296297 0.7444444444444445 0.017592592592592594 0.017592592592592594
0 0.5305555555555556 0.7305555555555555 0.017592592592592594 0.016666666666666666
0 0.6 0.7453703703703703 0.016666666666666666 0.016666666666666666
0 0.28888888888888886 0.7592592592592593 0.017592592592592594 0.017592592592592594
0 0.27314814814814814 0.7814814814814814 0.017592592592592594 0.017592592592592594
0 0.2518518518518518 0.7574074074074074 0.018518518518518517 0.018518518518518517
0 0.18333333333333332 0.6842592592592592 0.017592592592592594 0.018518518518518517
0 0.2074074074074074 0.6555555555555556 0.016666666666666666 0.018518518518518517
0 0.2462962962962963 0.6842592592592592 0.017592592592592594 0.016666666666666666
0 0.22870370370370371 0.7018518518518518 0.017592592592592594 0.018518518518518517
0 0.2722222222222222 0.6444444444444445 0.016666666666666666 0.016666666666666666
0 0.28888888888888886 0.6796296296296296 0.017592592592592594 0.017592592592592594
0 0.29907407407407405 0.6259259259259259 0.017592592592592594 0.018518518518518517
0 0.40555555555555556 0.6527777777777778 0.017592592592592594 0.016666666666666666
0 0.44074074074074077 0.6851851851851852 0.018518518518518517 0.017592592592592594
0 0.4685185185185185 0.7018518518518518 0.017592592592592594 0.016666666666666666
0 0.45555555555555555 0.6453703703703704 0.017592592592592594 0.017592592592592594
0 0.5037037037037037 0.6324074074074074 0.016666666666666666 0.016666666666666666
0 0.55 0.6675925925925926 0.016666666666666666 0.016666666666666666
0 0.5666666666666667 0.6537037037037037 0.016666666666666666 0.016666666666666666
0 0.6 0.6981481481481482 0.018518518518518517 0.016666666666666666
0 0.7111111111111111 0.6861111111111111 0.017592592592592594 0.016666666666666666
0 0.7314814814814815 0.6407407407407407 0.017592592592592594 0.016666666666666666
0 0.6824074074074075 0.6287037037037037 0.017592592592592594 0.017592592592592594
0 0.7777777777777778 0.5972222222222222 0.016666666666666666 0.017592592592592594
0 0.7953703703703704 0.5638888888888889 0.016666666666666666 0.017592592592592594
0 0.725 0.5537037037037037 0.016666666666666666 0.016666666666666666
0 0.6574074074074074 0.5925925925925926 0.017592592592592594 0.017592592592592594
0 0.6953703703703704 0.5509259259259259 0.017592592592592594 0.017592592592592594
0 0.5333333333333333 0.6092592592592593 0.017592592592592594 0.017592592592592594
0 0.5435185185185185 0.5842592592592593 0.016666666666666666 0.016666666666666666
0 0.49444444444444446 0.5638888888888889 0.017592592592592594 0.018518518518518517
0 0.4287037037037037 0.5416666666666666 0.018518518518518517 0.016666666666666666
0 0.387037037037037 0.6018518518518519 0.016666666666666666 0.016666666666666666
0 0.3509259259259259 0.5962962962962963 0.017592592592592594 0.017592592592592594
0 0.31574074074074077 0.5722222222222222 0.016666666666666666 0.017592592592592594
0 0.27870370370370373 0.537962962962963 0.016666666666666666 0.017592592592592594
0 0.25 0.5527777777777778 0.017592592592592594 0.017592592592592594
0 0.19907407407407407 0.5425925925925926 0.017592592592592594 0.016666666666666666
0 0.2037037037037037 0.5907407407407408 0.017592592592592594 0.018518518518518517
0 0.1685185185185185 0.6268518518518519 0.018518518518518517 0.017592592592592594
0 0.1648148148148148 0.6027777777777777 0.017592592592592594 0.017592592592592594
0 0.14629629629629629 0.6268518518518519 0.018518518518518517 0.018518518518518517
0 0.20185185185185187 0.5083333333333333 0.017592592592592594 0.018518518518518517
0 0.2574074074074074 0.49166666666666664 0.017592592592592594 0.018518518518518517
0 0.2972222222222222 0.4546296296296296 0.017592592592592594 0.018518518518518517
0 0.3101851851851852 0.5333333333333333 0.016666666666666666 0.017592592592592594
0 0.35185185185185186 0.44074074074074077 0.018518518518518517 0.018518518518518517
0 0.39537037037037037 0.41944444444444445 0.016666666666666666 0.018518518518518517
0 0.4064814814814815 0.525 0.016666666666666666 0.017592592592592594
0 0.41203703703703703 0.47962962962962963 0.016666666666666666 0.017592592592592594
0 0.4842592592592593 0.5055555555555555 0.017592592592592594 0.016666666666666666
0 0.5481481481481482 0.5157407407407407 0.016666666666666666 0.016666666666666666
0 0.625 0.4981481481481482 0.016666666666666666 0.016666666666666666
0 0.6212962962962963 0.4666666666666667 0.017592592592592594 0.017592592592592594
0 0.674074074074074 0.4888888888888889 0.016666666666666666 0.017592592592592594
0 0.6944444444444444 0.4527777777777778 0.017592592592592594 0.017592592592592594
0 0.7240740740740741 0.46296296296296297 0.018518518518518517 0.017592592592592594
0 0.7657407407407407 0.5027777777777778 0.017592592592592594 0.016666666666666666
0 0.825925925925926 0.5259259259259259 0.017592592592592594 0.017592592592592594
0 0.8583333333333333 0.5268518518518519 0.017592592592592594 0.016666666666666666
0 0.8101851851851852 0.387037037037037 0.018518518518518517 0.018518518518518517
0 0.8342592592592593 0.3824074074074074 0.017592592592592594 0.017592592592592594
0 0.8601851851851852 0.375 0.017592592592592594 0.016666666666666666
0 0.7944444444444444 0.3425925925925926 0.018518518518518517 0.017592592592592594
0 0.7518518518518519 0.3712962962962963 0.018518518518518517 0.018518518518518517
0 0.7203703703703703 0.37222222222222223 0.017592592592592594 0.017592592592592594
0 0.5898148148148148 0.375 0.017592592592592594 0.017592592592592594
0 0.6481481481481481 0.37407407407407406 0.016666666666666666 0.018518518518518517
0 0.5518518518518518 0.34074074074074073 0.018518518518518517 0.018518518518518517
0 0.5333333333333333 0.3648148148148148 0.017592592592592594 0.017592592592592594
0 0.4787037037037037 0.3398148148148148 0.016666666666666666 0.018518518518518517
0 0.42685185185185187 0.37407407407407406 0.017592592592592594 0.018518518518518517
0 0.5037037037037037 0.4083333333333333 0.016666666666666666 0.017592592592592594
0 0.3962962962962963 0.37407407407407406 0.017592592592592594 0.016666666666666666
0 0.36574074074074076 0.362962962962963 0.017592592592592594 0.018518518518518517
0 0.31666666666666665 0.3768518518518518 0.017592592592592594 0.018518518518518517
0 0.48518518518518516 0.275 0.017592592592592594 0.019444444444444445
0 0.5055555555555555 0.3175925925925926 0.017592592592592594 0.018518518518518517
0 0.5925925925925926 0.3074074074074074 0.017592592592592594 0.018518518518518517
0 0.7388888888888889 0.28703703703703703 0.017592592592592594 0.018518518518518517
3 0.8555555555555555 0.4064814814814815 0.024074074074074074 0.023148148148148147
3 0.8518518518518519 0.34629629629629627 0.024074074074074074 0.024074074074074074
3 0.7814814814814814 0.43796296296296294 0.024074074074074074 0.024074074074074074
3 0.7055555555555556 0.39537037037037037 0.023148148148148147 0.023148148148148147
3 0.6796296296296296 0.425 0.024074074074074074 0.023148148148148147
3 0.674074074074074 0.39444444444444443 0.023148148148148147 0.024074074074074074
3 0.6481481481481481 0.4064814814814815 0.023148148148148147 0.025
3 0.6759259259259259 0.36018518518518516 0.025 0.025
3 0.7796296296296297 0.37222222222222223 0.023148148148148147 0.024074074074074074
3 0.7351851851851852 0.3453703703703704 0.023148148148148147 0.024074074074074074
1 0.6805555555555556 0.3037037037037037 0.021296296296296296 0.022222222222222223
3 0.6444444444444445 0.3111111111111111 0.023148148148148147 0.025
3 0.6212962962962963 0.2861111111111111 0.024074074074074074 0.026851851851851852
3 0.6157407407407407 0.3472222222222222 0.025 0.024074074074074074
3 0.5527777777777778 0.39444444444444443 0.024074074074074074 0.024074074074074074
3 0.5592592592592592 0.26851851851851855 0.024074074074074074 0.025
3 0.41944444444444445 0.28703703703703703 0.025 0.025
3 0.45740740740740743 0.3824074074074074 0.023148148148148147 0.023148148148148147
3 0.5083333333333333 0.3824074074074074 0.024074074074074074 0.024074074074074074
3 0.4101851851851852 0.3490740740740741 0.023148148148148147 0.025
3 0.3453703703703704 0.38425925925925924 0.023148148148148147 0.024074074074074074
3 0.3787037037037037 0.3962962962962963 0.023148148148148147 0.025
3 0.36574074074074076 0.41759259259259257 0.024074074074074074 0.024074074074074074
1 0.3 0.42685185185185187 0.022222222222222223 0.021296296296296296
3 0.26851851851851855 0.4638888888888889 0.025 0.023148148148148147
3 0.30833333333333335 0.4824074074074074 0.023148148148148147 0.025
1 0.31851851851851853 0.5101851851851852 0.021296296296296296 0.021296296296296296
3 0.2861111111111111 0.5111111111111111 0.023148148148148147 0.025
3 0.23055555555555557 0.5074074074074074 0.025 0.025
3 0.21481481481481482 0.5657407407407408 0.023148148148148147 0.024074074074074074
3 0.2222222222222222 0.6092592592592593 0.023148148148148147 0.025
3 0.2712962962962963 0.5703703703703704 0.024074074074074074 0.023148148148148147
3 0.3435185185185185 0.5703703703703704 0.023148148148148147 0.024074074074074074
3 0.375 0.5787037037037037 0.024074074074074074 0.024074074074074074
3 0.3731481481481482 0.5175925925925926 0.025 0.023148148148148147
3 0.3675925925925926 0.4898148148148148 0.023148148148148147 0.025
3 0.3787037037037037 0.4462962962962963 0.023148148148148147 0.023148148148148147
1 0.40925925925925927 0.45555555555555555 0.021296296296296296 0.020370370370370372
3 0.42592592592592593 0.43148148148148147 0.023148148148148147 0.025
3 0.45185185185185184 0.4166666666666667 0.024074074074074074 0.023148148148148147
3 0.45092592592592595 0.4546296296296296 0.022222222222222223 0.024074074074074074
1 0.4777777777777778 0.4462962962962963 0.020370370370370372 0.020370370370370372
3 0.462037037037037 0.4888888888888889 0.023148148148148147 0.024074074074074074
3 0.4305555555555556 0.49907407407407406 0.024074074074074074 0.024074074074074074
3 0.4546296296296296 0.549074074074074 0.023148148148148147 0.024074074074074074
3 0.48703703703703705 0.5972222222222222 0.023148148148148147 0.023148148148148147
3 0.4861111111111111 0.5361111111111111 0.023148148148148147 0.023148148148148147
3 0.4898148148148148 0.47685185185185186 0.024074074074074074 0.024074074074074074
3 0.5055555555555555 0.44074074074074077 0.024074074074074074 0.023148148148148147
3 0.5185185185185185 0.5324074074074074 0.023148148148148147 0.023148148148148147
3 0.5175925925925926 0.5712962962962963 0.024074074074074074 0.023148148148148147
3 0.5101851851851852 0.6083333333333333 0.023148148148148147 0.024074074074074074
3 0.5685185185185185 0.5916666666666667 0.023148148148148147 0.023148148148148147
3 0.5953703703703703 0.5175925925925926 0.025 0.024074074074074074
3 0.5685185185185185 0.4981481481481482 0.024074074074074074 0.023148148148148147
3 0.5981481481481481 0.48333333333333334 0.024074074074074074 0.024074074074074074
3 0.562962962962963 0.46296296296296297 0.023148148148148147 0.024074074074074074
1 0.5175925925925926 0.47314814814814815 0.020370370370370372 0.023148148148148147
1 0.7546296296296297 0.4638888888888889 0.022222222222222223 0.020370370370370372
3 0.7379629629629629 0.49074074074074076 0.023148148148148147 0.023148148148148147
3 0.6592592592592592 0.5157407407407407 0.024074074074074074 0.023148148148148147
3 0.687962962962963 0.5212962962962963 0.025 0.022222222222222223
3 0.7342592592592593 0.5268518518518519 0.024074074074074074 0.023148148148148147
1 0.762962962962963 0.5333333333333333 0.021296296296296296 0.021296296296296296
3 0.7638888888888888 0.5657407407407408 0.023148148148148147 0.023148148148148147
3 0.7351851851851852 0.5768518518518518 0.024074074074074074 0.023148148148148147
3 0.6990740740740741 0.5777777777777777 0.023148148148148147 0.024074074074074074
3 0.6370370370370371 0.55 0.024074074074074074 0.023148148148148147
3 0.850925925925926 0.4703703703703704 0.024074074074074074 0.023148148148148147
3 0.850925925925926 0.5 0.024074074074074074 0.024074074074074074
3 0.7953703703703704 0.5324074074074074 0.024074074074074074 0.023148148148148147
0 0.8166666666666667 0.5518518518518518 0.018518518518518517 0.016666666666666666
3 0.7527777777777778 0.6222222222222222 0.023148148148148147 0.023148148148148147
3 0.6787037037037037 0.6824074074074075 0.023148148148148147 0.023148148148148147
1 0.6703703703703704 0.6564814814814814 0.020370370370370372 0.020370370370370372
3 0.6259259259259259 0.6277777777777778 0.024074074074074074 0.022222222222222223
3 0.5907407407407408 0.6694444444444444 0.024074074074074074 0.023148148148148147
3 0.5833333333333334 0.7212962962962963 0.024074074074074074 0.023148148148148147
3 0.5722222222222222 0.7648148148148148 0.023148148148148147 0.023148148148148147
3 0.5277777777777778 0.6824074074074075 0.023148148148148147 0.023148148148148147
3 0.5120370370370371 0.7074074074074074 0.023148148148148147 0.023148148148148147
3 0.35833333333333334 0.6259259259259259 0.023148148148148147 0.023148148148148147
3 0.3768518518518518 0.6481481481481481 0.023148148148148147 0.025
1 0.3490740740740741 0.6620370370370371 0.022222222222222223 0.020370370370370372
1 0.32037037037037036 0.6657407407407407 0.021296296296296296 0.020370370370370372
1 0.8185185185185185 0.35 0.022222222222222223 0.021296296296296296
0 0.7814814814814814 0.32222222222222224 0.018518518518518517 0.019444444444444445
1 0.44351851851851853 0.7722222222222223 0.025 0.024074074074074074
1 0.3416666666666667 0.7398148148148148 0.022222222222222223 0.021296296296296296