1 0.4759259259259259 0.6768518518518518 0.03796296296296296 0.037037037037037035
1 0.49537037037037035 0.7546296296296297 0.03888888888888889 0.037037037037037035
1 0.37222222222222223 0.6981481481481482 0.03888888888888889 0.03796296296296296
1 0.37037037037037035 0.7462962962962963 0.037037037037037035 0.037037037037037035
1 0.3907407407407407 0.7787037037037037 0.03796296296296296 0.03981481481481482
1 0.42407407407407405 0.8314814814814815 0.03981481481481482 0.03796296296296296
1 0.41574074074074074 0.8888888888888888 0.03888888888888889 0.037037037037037035
1 0.5064814814814815 0.8537037037037037 0.037037037037037035 0.037037037037037035
1 0.5842592592592593 0.8361111111111111 0.03981481481481482 0.037037037037037035
1 0.6185185185185185 0.8194444444444444 0.03796296296296296 0.03796296296296296
1 0.6592592592592592 0.8074074074074075 0.03981481481481482 0.03796296296296296
1 0.7731481481481481 0.7861111111111111 0.03888888888888889 0.037037037037037035
1 0.562962962962963 0.9203703703703704 0.03796296296296296 0.037037037037037035
3 0.6583333333333333 0.9490740740740741 0.04259259259259259 0.04259259259259259
3 0.38333333333333336 0.8555555555555555 0.04259259259259259 0.04351851851851852
3 0.3287037037037037 0.8185185185185185 0.04259259259259259 0.04259259259259259
3 0.462037037037037 0.7768518518518519 0.041666666666666664 0.04259259259259259
3 0.7407407407407407 0.812037037037037 0.044444444444444446 0.04259259259259259
3 0.8185185185185185 0.687962962962963 0.04351851851851852 0.04351851851851852
3 0.7694444444444445 0.6833333333333333 0.04351851851851852 0.04351851851851852
3 0.7916666666666666 0.7240740740740741 0.044444444444444446 0.04351851851851852
3 0.4935185185185185 0.7129629629629629 0.041666666666666664 0.04351851851851852
3 0.45092592592592595 0.7092592592592593 0.04351851851851852 0.041666666666666664
3 0.2657407407407407 0.687037037037037 0.04351851851851852 0.04259259259259259
3 0.24074074074074073 0.6157407407407407 0.044444444444444446 0.04259259259259259
3 0.2861111111111111 0.5907407407407408 0.04351851851851852 0.04259259259259259
3 0.33055555555555555 0.5768518518518518 0.041666666666666664 0.04259259259259259
3 0.37407407407407406 0.5833333333333334 0.04259259259259259 0.04259259259259259
3 0.4722222222222222 0.5648148148148148 0.040740740740740744 0.04259259259259259
3 0.5805555555555556 0.6203703703703703 0.04351851851851852 0.04351851851851852
3 0.5222222222222223 0.47962962962962963 0.04351851851851852 0.04259259259259259
3 0.575925925925926 0.5074074074074074 0.044444444444444446 0.04351851851851852
3 0.6620370370370371 0.49074074074074076 0.04351851851851852 0.04259259259259259
3 0.6398148148148148 0.5481481481481482 0.04259259259259259 0.04259259259259259
3 0.29814814814814816 0.49537037037037035 0.04259259259259259 0.04259259259259259
3 0.7555555555555555 0.46111111111111114 0.04259259259259259 0.044444444444444446
3 0.7277777777777777 0.37222222222222223 0.04351851851851852 0.04259259259259259
3 0.7240740740740741 0.3277777777777778 0.04351851851851852 0.04259259259259259
3 0.6731481481481482 0.3435185185185185 0.044444444444444446 0.04351851851851852
3 0.8101851851851852 0.28425925925925927 0.04351851851851852 0.04351851851851852
3 0.7601851851851852 0.2740740740740741 0.044444444444444446 0.04351851851851852
3 0.4925925925925926 0.25925925925925924 0.04351851851851852 0.046296296296296294
3 0.39444444444444443 0.32592592592592595 0.04351851851851852 0.044444444444444446
3 0.3388888888888889 0.33425925925925926 0.04351851851851852 0.044444444444444446
3 0.35648148148148145 0.4305555555555556 0.04259259259259259 0.044444444444444446
3 0.1925925925925926 0.4074074074074074 0.04351851851851852 0.04351851851851852
3 0.26666666666666666 0.362962962962963 0.04351851851851852 0.04351851851851852
3 0.27870370370370373 0.1675925925925926 0.04351851851851852 0.04537037037037037
3 0.3138888888888889 0.1962962962962963 0.04351851851851852 0.04537037037037037
3 0.5944444444444444 0.15185185185185185 0.044444444444444446 0.04537037037037037
3 0.5981481481481481 0.23703703703703705 0.04351851851851852 0.04537037037037037
1 0.5092592592592593 0.38796296296296295 0.03796296296296296 0.03796296296296296
1 0.47685185185185186 0.40925925925925927 0.037037037037037035 0.037037037037037035
0 0.2638888888888889 0.5351851851851852 0.032407407407407406 0.032407407407407406
0 0.4046296296296296 0.5564814814814815 0.03148148148148148 0.032407407407407406
1 0.4046296296296296 0.6731481481481482 0.03796296296296296 0.037037037037037035
2 0.37962962962962965 0.8981481481481481 0.03518518518518519 0.03333333333333333
2 0.5138888888888888 0.8898148148148148 0.03425925925925926 0.03425925925925926
2 0.4703703703703704 0.8481481481481481 0.03425925925925926 0.03425925925925926
2 0.34629629629629627 0.775 0.032407407407407406 0.03333333333333333
2 0.30462962962962964 0.787962962962963 0.03518518518518519 0.03425925925925926
2 0.5175925925925926 0.8194444444444444 0.03425925925925926 0.032407407407407406
2 0.524074074074074 0.7861111111111111 0.03518518518518519 0.03333333333333333
2 0.6472222222222223 0.8481481481481481 0.03518518518518519 0.03333333333333333
2 0.6694444444444444 0.8861111111111111 0.03611111111111111 0.032407407407407406
2 0.700925925925926 0.8074074074074075 0.03425925925925926 0.03425925925925926
2 0.32685185185185184 0.6824074074074075 0.03333333333333333 0.03333333333333333
2 0.4111111111111111 0.7101851851851851 0.03425925925925926 0.032407407407407406
2 0.5342592592592592 0.712037037037037 0.03425925925925926 0.03425925925925926
2 0.6194444444444445 0.7388888888888889 0.03333333333333333 0.03333333333333333
1 0.3138888888888889 0.65 0.03796296296296296 0.03796296296296296
2 0.6518518518518519 0.7305555555555555 0.03611111111111111 0.03518518518518519
2 0.7444444444444445 0.7175925925925926 0.03518518518518519 0.03333333333333333
2 0.7268518518518519 0.687037037037037 0.03425925925925926 0.03333333333333333
2 0.7074074074074074 0.6564814814814814 0.03333333333333333 0.03333333333333333
2 0.6277777777777778 0.6620370370370371 0.03425925925925926 0.03333333333333333
2 0.5944444444444444 0.6694444444444444 0.03333333333333333 0.03611111111111111
2 0.5351851851851852 0.6259259259259259 0.03518518518518519 0.032407407407407406
2 0.46944444444444444 0.6416666666666667 0.03333333333333333 0.032407407407407406
2 0.20925925925925926 0.5694444444444444 0.03611111111111111 0.03611111111111111
2 0.725 0.6129629629629629 0.03425925925925926 0.03333333333333333
2 0.6712962962962963 0.5916666666666667 0.03333333333333333 0.03425925925925926
2 0.7046296296296296 0.5796296296296296 0.03425925925925926 0.03425925925925926
2 0.6259259259259259 0.5842592592592593 0.03611111111111111 0.03333333333333333
2 0.5907407407407408 0.5796296296296296 0.03425925925925926 0.03425925925925926
2 0.4388888888888889 0.537962962962963 0.03611111111111111 0.03611111111111111
2 0.19907407407407407 0.4685185185185185 0.032407407407407406 0.037037037037037035
2 0.2564814814814815 0.487962962962963 0.03611111111111111 0.037037037037037035
2 0.24537037037037038 0.4074074074074074 0.03611111111111111 0.03425925925925926
2 0.262037037037037 0.4425925925925926 0.03333333333333333 0.03425925925925926
2 0.2962962962962963 0.45 0.03611111111111111 0.03425925925925926
2 0.3351851851851852 0.3861111111111111 0.03796296296296296 0.03611111111111111
2 0.2898148148148148 0.32222222222222224 0.03425925925925926 0.03425925925925926
2 0.4398148148148148 0.40370370370370373 0.03333333333333333 0.03333333333333333
2 0.45185185185185184 0.44074074074074077 0.03333333333333333 0.03148148148148148
2 0.4842592592592593 0.4703703703703704 0.03611111111111111 0.032407407407407406
2 0.5787037037037037 0.462037037037037 0.03425925925925926 0.03518518518518519
2 0.5444444444444444 0.3972222222222222 0.03425925925925926 0.03333333333333333
2 0.612037037037037 0.45 0.03425925925925926 0.03333333333333333
2 0.6092592592592593 0.4861111111111111 0.03611111111111111 0.03333333333333333
2 0.6796296296296296 0.5416666666666666 0.03425925925925926 0.03333333333333333
2 0.7592592592592593 0.5462962962962963 0.03425925925925926 0.03333333333333333
2 0.7935185185185185 0.5342592592592592 0.03425925925925926 0.03333333333333333
2 0.7092592592592593 0.44537037037037036 0.03333333333333333 0.03333333333333333
2 0.6777777777777778 0.4305555555555556 0.03425925925925926 0.03425925925925926
2 0.6416666666666667 0.4324074074074074 0.03425925925925926 0.03425925925925926
2 0.7953703703703704 0.3490740740740741 0.03425925925925926 0.03518518518518519
2 0.7805555555555556 0.31666666666666665 0.03333333333333333 0.03333333333333333
2 0.7537037037037037 0.2351851851851852 0.03611111111111111 0.03333333333333333
2 0.6342592592592593 0.2574074074074074 0.03611111111111111 0.03518518518518519
2 0.6064814814814815 0.2833333333333333 0.03611111111111111 0.03518518518518519
2 0.5712962962962963 0.2777777777777778 0.03425925925925926 0.03425925925925926
2 0.5212962962962963 0.2962962962962963 0.03425925925925926 0.03611111111111111
2 0.36203703703703705 0.30185185185185187 0.03425925925925926 0.037037037037037035
2 0.30277777777777776 0.2601851851851852 0.03518518518518519 0.032407407407407406
2 0.28055555555555556 0.23055555555555557 0.03611111111111111 0.03518518518518519
2 0.3435185185185185 0.15925925925925927 0.03425925925925926 0.03611111111111111
2 0.3962962962962963 0.16018518518518518 0.03425925925925926 0.037037037037037035
2 0.4083333333333333 0.19814814814814816 0.03425925925925926 0.03425925925925926
2 0.3861111111111111 0.2638888888888889 0.03425925925925926 0.03518518518518519
2 0.4185185185185185 0.2759259259259259 0.032407407407407406 0.03425925925925926
2 0.5574074074074075 0.2 0.03611111111111111 0.037037037037037035
2 0.6166666666666667 0.18888888888888888 0.03518518518518519 0.03611111111111111
2 0.6361111111111111 0.15185185185185185 0.03425925925925926 0.03518518518518519
0 0.7796296296296297 0.8203703703703704 0.032407407407407406 0.030555555555555555
0 0.712037037037037 0.8388888888888889 0.03148148148148148 0.03148148148148148
0 0.6814814814814815 0.8425925925925926 0.03148148148148148 0.03148148148148148
0 0.7027777777777777 0.8925925925925926 0.03148148148148148 0.03148148148148148
0 0.7388888888888889 0.8611111111111112 0.03148148148148148 0.030555555555555555
0 0.6314814814814815 0.9027777777777778 0.030555555555555555 0.030555555555555555
0 0.6018518518518519 0.9203703703703704 0.032407407407407406 0.030555555555555555
0 0.6129629629629629 0.8546296296296296 0.032407407407407406 0.032407407407407406
0 0.5407407407407407 0.862037037037037 0.03148148148148148 0.03148148148148148
0 0.47962962962962963 0.8842592592592593 0.03148148148148148 0.032407407407407406
0 0.4842592592592593 0.8111111111111111 0.030555555555555555 0.030555555555555555
0 0.5481481481481482 0.8296296296296296 0.03148148148148148 0.03148148148148148
0 0.6287037037037037 0.7870370370370371 0.032407407407407406 0.032407407407407406
0 0.29907407407407405 0.7287037037037037 0.032407407407407406 0.032407407407407406
0 0.4064814814814815 0.7416666666666667 0.032407407407407406 0.03148148148148148
0 0.4388888888888889 0.7472222222222222 0.03148148148148148 0.032407407407407406
0 0.425 0.7851851851851852 0.032407407407407406 0.03148148148148148
0 0.3453703703703704 0.8666666666666667 0.03148148148148148 0.03148148148148148
0 0.3712962962962963 0.8101851851851852 0.03148148148148148 0.03148148148148148
0 0.7944444444444444 0.649074074074074 0.03148148148148148 0.03148148148148148
0 0.7388888888888889 0.6481481481481481 0.032407407407407406 0.03148148148148148
0 0.6935185185185185 0.625 0.032407407407407406 0.032407407407407406
0 0.6925925925925925 0.6861111111111111 0.032407407407407406 0.03148148148148148
0 0.6472222222222223 0.6925925925925925 0.032407407407407406 0.03148148148148148
0 0.6953703703703704 0.7185185185185186 0.03148148148148148 0.03148148148148148
0 0.7194444444444444 0.7398148148148148 0.03148148148148148 0.03148148148148148
0 0.6166666666666667 0.6296296296296297 0.03148148148148148 0.03148148148148148
0 0.5157407407407407 0.6546296296296297 0.03148148148148148 0.03148148148148148
0 0.5444444444444444 0.675 0.03148148148148148 0.032407407407407406
0 0.49907407407407406 0.6175925925925926 0.03148148148148148 0.03148148148148148
0 0.35 0.65 0.03148148148148148 0.03148148148148148
0 0.25925925925925924 0.7268518518518519 0.03148148148148148 0.03148148148148148
0 0.2777777777777778 0.6296296296296297 0.032407407407407406 0.03148148148148148
0 0.3277777777777778 0.6157407407407407 0.032407407407407406 0.03148148148148148
0 0.23148148148148148 0.45925925925925926 0.032407407407407406 0.03148148148148148
0 0.4074074074074074 0.524074074074074 0.032407407407407406 0.032407407407407406
0 0.4388888888888889 0.47129629629629627 0.032407407407407406 0.03148148148148148
0 0.43425925925925923 0.5694444444444444 0.032407407407407406 0.03148148148148148
0 0.31574074074074077 0.42407407407407405 0.03333333333333333 0.032407407407407406
0 0.4 0.4361111111111111 0.032407407407407406 0.032407407407407406
0 0.5111111111111111 0.42777777777777776 0.03148148148148148 0.032407407407407406
0 0.5527777777777778 0.5861111111111111 0.032407407407407406 0.03148148148148148
0 0.5898148148148148 0.5453703703703704 0.03148148148148148 0.03148148148148148
0 0.6129629629629629 0.5203703703703704 0.03148148148148148 0.032407407407407406
0 0.6074074074074074 0.41759259259259257 0.032407407407407406 0.03333333333333333
0 0.5787037037037037 0.40185185185185185 0.032407407407407406 0.03148148148148148
0 0.6351851851851852 0.39814814814814814 0.03148148148148148 0.032407407407407406
0 0.6962962962962963 0.5101851851851852 0.032407407407407406 0.032407407407407406
0 0.7203703703703703 0.48148148148148145 0.032407407407407406 0.032407407407407406
0 0.7638888888888888 0.512962962962963 0.03148148148148148 0.03148148148148148
0 0.787962962962963 0.48518518518518516 0.032407407407407406 0.03333333333333333
0 0.7666666666666667 0.4166666666666667 0.032407407407407406 0.032407407407407406
0 0.8027777777777778 0.4046296296296296 0.032407407407407406 0.032407407407407406
0 0.8444444444444444 0.4351851851851852 0.032407407407407406 0.032407407407407406
0 0.8203703703703704 0.5546296296296296 0.032407407407407406 0.03148148148148148
0 0.662962962962963 0.38055555555555554 0.03518518518518519 0.03148148148148148
0 0.7592592592592593 0.34444444444444444 0.03425925925925926 0.03148148148148148
0 0.799074074074074 0.24166666666666667 0.03333333333333333 0.03333333333333333
0 0.7453703703703703 0.19907407407407407 0.03333333333333333 0.03425925925925926
0 0.712037037037037 0.20833333333333334 0.03333333333333333 0.03425925925925926
0 0.6898148148148148 0.3074074074074074 0.032407407407407406 0.03333333333333333
0 0.6370370370370371 0.3592592592592593 0.03148148148148148 0.032407407407407406
0 0.5685185185185185 0.31296296296296294 0.03148148148148148 0.03333333333333333
0 0.4888888888888889 0.34814814814814815 0.032407407407407406 0.03425925925925926
0 0.6324074074074074 0.21851851851851853 0.032407407407407406 0.03425925925925926
0 0.6509259259259259 0.18425925925925926 0.03333333333333333 0.03333333333333333
0 0.5324074074074074 0.24351851851851852 0.03425925925925926 0.03333333333333333
0 0.5212962962962963 0.19814814814814816 0.030555555555555555 0.032407407407407406
0 0.5138888888888888 0.1638888888888889 0.032407407407407406 0.032407407407407406
0 0.45185185185185184 0.2740740740740741 0.03148148148148148 0.032407407407407406
0 0.3675925925925926 0.3712962962962963 0.032407407407407406 0.032407407407407406
0 0.4361111111111111 0.17685185185185184 0.032407407407407406 0.03333333333333333
0 0.4462962962962963 0.20925925925925926 0.03333333333333333 0.03425925925925926
0 0.37222222222222223 0.13333333333333333 0.032407407407407406 0.03518518518518519
0 0.24814814814814815 0.20277777777777778 0.032407407407407406 0.03425925925925926
0 0.3416666666666667 0.2740740740740741 0.032407407407407406 0.03333333333333333
0 0.22870370370370371 0.3509259259259259 0.032407407407407406 0.032407407407407406
1 0.6833333333333333 0.17037037037037037 0.03981481481481482 0.03981481481481482
1 0.5537037037037037 0.1398148148148148 0.03888888888888889 0.040740740740740744
1 0.45 0.1425925925925926 0.03981481481481482 0.040740740740740744
1 0.41388888888888886 0.23796296296296296 0.03981481481481482 0.03888888888888889
1 0.4861111111111111 0.19074074074074074 0.040740740740740744 0.03981481481481482
1 0.26851851851851855 0.2851851851851852 0.03981481481481482 0.03796296296296296
1 0.3638888888888889 0.1962962962962963 0.03981481481481482 0.041666666666666664
1 0.6777777777777778 0.2361111111111111 0.03796296296296296 0.03981481481481482
1 0.7166666666666667 0.24537037037037038 0.03981481481481482 0.03888888888888889
1 0.7194444444444444 0.28425925925925927 0.03981481481481482 0.041666666666666664
1 0.8342592592592593 0.3861111111111111 0.03888888888888889 0.03796296296296296
1 0.7712962962962963 0.37962962962962965 0.03888888888888889 0.03888888888888889
1 0.5879629629629629 0.3425925925925926 0.03981481481481482 0.03981481481481482
1 0.5268518518518519 0.33796296296296297 0.03796296296296296 0.03888888888888889
1 0.47314814814814815 0.30648148148148147 0.03888888888888889 0.040740740740740744
1 0.4074074074074074 0.37777777777777777 0.03888888888888889 0.03796296296296296
1 0.43333333333333335 0.31203703703703706 0.03796296296296296 0.03981481481481482
1 0.3074074074074074 0.36203703703703705 0.03888888888888889 0.03796296296296296
1 0.2518518518518518 0.32222222222222224 0.03981481481481482 0.03981481481481482
1 0.2824074074074074 0.4101851851851852 0.040740740740740744 0.03888888888888889
1 0.2074074074074074 0.525 0.03981481481481482 0.03796296296296296
1 0.33425925925925926 0.47314814814814815 0.03796296296296296 0.037037037037037035
1 0.3972222222222222 0.4824074074074074 0.03888888888888889 0.037037037037037035
1 0.34444444444444444 0.5111111111111111 0.03981481481481482 0.03796296296296296
1 0.4722222222222222 0.5231481481481481 0.03796296296296296 0.037037037037037035
1 0.5277777777777778 0.537962962962963 0.03796296296296296 0.03796296296296296
1 0.412962962962963 0.5990740740740741 0.03796296296296296 0.037037037037037035
1 0.41574074074074074 0.6370370370370371 0.03796296296296296 0.037037037037037035
1 0.3731481481481482 0.6240740740740741 0.03796296296296296 0.037037037037037035
1 0.7222222222222222 0.5453703703703704 0.03796296296296296 0.037037037037037035
1 0.7425925925925926 0.5787037037037037 0.03796296296296296 0.03796296296296296
1 0.6574074074074074 0.6398148148148148 0.03888888888888889 0.037037037037037035
1 0.7657407407407407 0.6101851851851852 0.03796296296296296 0.037037037037037035
1 0.812037037037037 0.6111111111111112 0.03888888888888889 0.03888888888888889
1 0.6953703703703704 0.3972222222222222 0.040740740740740744 0.03796296296296296
1 0.7305555555555555 0.41388888888888886 0.03981481481481482 0.03981481481481482
1 0.6305555555555555 0.31203703703703706 0.03796296296296296 0.03981481481481482
1 0.8138888888888889 0.4537037037037037 0.03981481481481482 0.03981481481481482
1 0.8194444444444444 0.5074074074074074 0.03888888888888889 0.037037037037037035
1 0.7555555555555555 0.7527777777777778 0.03796296296296296 0.03796296296296296
1 0.7166666666666667 0.775 0.03888888888888889 0.03796296296296296
1 0.6759259259259259 0.7722222222222223 0.03796296296296296 0.037037037037037035
1 0.6129629629629629 0.7018518518518518 0.03796296296296296 0.03796296296296296
1 0.5740740740740741 0.6990740740740741 0.03796296296296296 0.03796296296296296
1 0.5824074074074074 0.737037037037037 0.037037037037037035 0.037037037037037035
1 0.575925925925926 0.7787037037037037 0.03888888888888889 0.03796296296296296
1 0.46296296296296297 0.6055555555555555 0.037037037037037035 0.03518518518518519