2 0.1574074074074074 0.5018518518518519 0.020370370370370372 0.021296296296296296
2 0.20092592592592592 0.4527777777777778 0.021296296296296296 0.020370370370370372
2 0.2074074074074074 0.5509259259259259 0.019444444444444445 0.019444444444444445
2 0.2212962962962963 0.575 0.018518518518518517 0.018518518518518517
2 0.23703703703703705 0.6305555555555555 0.020370370370370372 0.020370370370370372
2 0.2361111111111111 0.6592592592592592 0.020370370370370372 0.018518518518518517
2 0.22870370370370371 0.6824074074074075 0.018518518518518517 0.021296296296296296
2 0.2074074074074074 0.674074074074074 0.019444444444444445 0.020370370370370372
2 0.25 0.7870370370370371 0.020370370370370372 0.021296296296296296
2 0.2898148148148148 0.65 0.020370370370370372 0.020370370370370372
2 0.2953703703703704 0.6101851851851852 0.020370370370370372 0.020370370370370372
2 0.3175925925925926 0.6277777777777778 0.020370370370370372 0.020370370370370372
2 0.30462962962962964 0.5268518518518519 0.019444444444444445 0.021296296296296296
2 0.275 0.5046296296296297 0.020370370370370372 0.020370370370370372
2 0.25925925925925924 0.5296296296296297 0.019444444444444445 0.018518518518518517
2 0.25092592592592594 0.4638888888888889 0.018518518518518517 0.020370370370370372
2 0.2564814814814815 0.43425925925925923 0.020370370370370372 0.019444444444444445
2 0.25462962962962965 0.4074074074074074 0.020370370370370372 0.018518518518518517
2 0.2851851851851852 0.38425925925925924 0.020370370370370372 0.020370370370370372
2 0.3074074074074074 0.39166666666666666 0.019444444444444445 0.019444444444444445
2 0.29907407407407405 0.41944444444444445 0.018518518518518517 0.020370370370370372
2 0.33055555555555555 0.3175925925925926 0.020370370370370372 0.019444444444444445
2 0.3398148148148148 0.34814814814814815 0.020370370370370372 0.020370370370370372
2 0.36203703703703705 0.3592592592592593 0.018518518518518517 0.021296296296296296
2 0.3814814814814815 0.2898148148148148 0.019444444444444445 0.018518518518518517
2 0.387037037037037 0.2574074074074074 0.020370370370370372 0.022222222222222223
2 0.2564814814814815 0.2638888888888889 0.019444444444444445 0.017592592592592594
2 0.43425925925925923 0.3111111111111111 0.020370370370370372 0.021296296296296296
2 0.4564814814814815 0.31851851851851853 0.018518518518518517 0.020370370370370372
2 0.45092592592592595 0.35185185185185186 0.020370370370370372 0.018518518518518517
2 0.43333333333333335 0.39537037037037037 0.020370370370370372 0.020370370370370372
2 0.4074074074074074 0.40185185185185185 0.020370370370370372 0.020370370370370372
2 0.3787037037037037 0.40925925925925927 0.019444444444444445 0.020370370370370372
2 0.43333333333333335 0.43333333333333335 0.019444444444444445 0.021296296296296296
2 0.4583333333333333 0.4425925925925926 0.019444444444444445 0.020370370370370372
2 0.46574074074074073 0.5 0.019444444444444445 0.020370370370370372
2 0.37962962962962965 0.4898148148148148 0.019444444444444445 0.020370370370370372
2 0.35462962962962963 0.5074074074074074 0.019444444444444445 0.020370370370370372
2 0.3574074074074074 0.5314814814814814 0.020370370370370372 0.021296296296296296
2 0.3824074074074074 0.5712962962962963 0.020370370370370372 0.021296296296296296
2 0.44074074074074077 0.6018518518518519 0.020370370370370372 0.020370370370370372
2 0.462037037037037 0.6148148148148148 0.020370370370370372 0.021296296296296296
2 0.4527777777777778 0.6407407407407407 0.019444444444444445 0.020370370370370372
2 0.43333333333333335 0.6277777777777778 0.020370370370370372 0.021296296296296296
2 0.3787037037037037 0.6212962962962963 0.018518518518518517 0.019444444444444445
2 0.35555555555555557 0.6129629629629629 0.020370370370370372 0.019444444444444445
2 0.375 0.6685185185185185 0.021296296296296296 0.021296296296296296
2 0.35555555555555557 0.6824074074074075 0.019444444444444445 0.020370370370370372
2 0.3351851851851852 0.6935185185185185 0.020370370370370372 0.018518518518518517
2 0.3074074074074074 0.7055555555555556 0.018518518518518517 0.021296296296296296
2 0.3296296296296296 0.7472222222222222 0.020370370370370372 0.021296296296296296
2 0.35648148148148145 0.7435185185185185 0.019444444444444445 0.021296296296296296
2 0.3768518518518518 0.7675925925925926 0.020370370370370372 0.020370370370370372
2 0.32037037037037036 0.7722222222222223 0.020370370370370372 0.021296296296296296
2 0.27870370370370373 0.7981481481481482 0.018518518518518517 0.021296296296296296
2 0.36574074074074076 0.799074074074074 0.021296296296296296 0.022222222222222223
2 0.42685185185185187 0.7925925925925926 0.020370370370370372 0.023148148148148147
2 0.4583333333333333 0.8064814814814815 0.023148148148148147 0.023148148148148147
2 0.27037037037037037 0.8287037037037037 0.020370370370370372 0.021296296296296296
2 0.32592592592592595 0.8407407407407408 0.021296296296296296 0.021296296296296296
2 0.3648148148148148 0.8305555555555556 0.019444444444444445 0.020370370370370372
2 0.39166666666666666 0.8287037037037037 0.022222222222222223 0.021296296296296296
2 0.4583333333333333 0.8685185185185185 0.021296296296296296 0.022222222222222223
2 0.45740740740740743 0.7296296296296296 0.020370370370370372 0.023148148148148147
2 0.44814814814814813 0.6953703703703704 0.021296296296296296 0.021296296296296296
2 0.42407407407407405 0.6703703703703704 0.019444444444444445 0.021296296296296296
2 0.41574074074074074 0.6935185185185185 0.020370370370370372 0.021296296296296296
2 0.3712962962962963 0.7 0.020370370370370372 0.020370370370370372
2 0.5111111111111111 0.36666666666666664 0.020370370370370372 0.020370370370370372
2 0.5157407407407407 0.3138888888888889 0.021296296296296296 0.020370370370370372
2 0.4935185185185185 0.23425925925925925 0.020370370370370372 0.022222222222222223
2 0.5444444444444444 0.19814814814814816 0.021296296296296296 0.021296296296296296
2 0.45092592592592595 0.23703703703703705 0.022222222222222223 0.021296296296296296
2 0.43425925925925923 0.21203703703703702 0.021296296296296296 0.019444444444444445
2 0.46111111111111114 0.18611111111111112 0.020370370370370372 0.021296296296296296
2 0.45092592592592595 0.16296296296296298 0.021296296296296296 0.020370370370370372
2 0.4888888888888889 0.12685185185185185 0.021296296296296296 0.021296296296296296
2 0.47962962962962963 0.05462962962962963 0.021296296296296296 0.021296296296296296
2 0.4287037037037037 0.014814814814814815 0.020370370370370372 0.020370370370370372
2 0.4083333333333333 0.028703703703703703 0.020370370370370372 0.021296296296296296
2 0.42962962962962964 0.05092592592592592 0.021296296296296296 0.019444444444444445
2 0.46296296296296297 0.09537037037037037 0.020370370370370372 0.020370370370370372
2 0.4583333333333333 0.12407407407407407 0.020370370370370372 0.021296296296296296
2 0.4388888888888889 0.11388888888888889 0.020370370370370372 0.021296296296296296
2 0.42314814814814816 0.1675925925925926 0.021296296296296296 0.021296296296296296
2 0.4027777777777778 0.18333333333333332 0.020370370370370372 0.021296296296296296
2 0.40370370370370373 0.1259259259259259 0.020370370370370372 0.021296296296296296
2 0.4 0.10277777777777777 0.020370370370370372 0.021296296296296296
2 0.3861111111111111 0.07314814814814814 0.021296296296296296 0.021296296296296296
2 0.3685185185185185 0.05092592592592592 0.021296296296296296 0.020370370370370372
2 0.30648148148148147 0.05462962962962963 0.019444444444444445 0.021296296296296296
2 0.3194444444444444 0.08425925925925926 0.020370370370370372 0.020370370370370372
2 0.35648148148148145 0.12314814814814815 0.019444444444444445 0.021296296296296296
2 0.37777777777777777 0.12129629629629629 0.019444444444444445 0.019444444444444445
2 0.3731481481481482 0.1648148148148148 0.020370370370370372 0.021296296296296296
2 0.33796296296296297 0.14444444444444443 0.021296296296296296 0.020370370370370372
2 0.31851851851851853 0.17407407407407408 0.020370370370370372 0.020370370370370372
2 0.33425925925925926 0.20555555555555555 0.020370370370370372 0.020370370370370372
2 0.28425925925925927 0.1712962962962963 0.020370370370370372 0.019444444444444445
2 0.29074074074074074 0.14444444444444443 0.020370370370370372 0.020370370370370372
2 0.2675925925925926 0.1361111111111111 0.019444444444444445 0.019444444444444445
2 0.587037037037037 0.032407407407407406 0.023148148148148147 0.021296296296296296
2 0.6388888888888888 0.03333333333333333 0.023148148148148147 0.020370370370370372
2 0.6648148148148149 0.04537037037037037 0.022222222222222223 0.021296296296296296
2 0.6324074074074074 0.06388888888888888 0.021296296296296296 0.021296296296296296
2 0.6064814814814815 0.06759259259259259 0.021296296296296296 0.021296296296296296
2 0.6092592592592593 0.13796296296296295 0.021296296296296296 0.021296296296296296
2 0.6833333333333333 0.1037037037037037 0.021296296296296296 0.021296296296296296
2 0.6 0.16111111111111112 0.021296296296296296 0.020370370370370372
2 0.5574074074074075 0.15462962962962962 0.021296296296296296 0.021296296296296296
2 0.5481481481481482 0.22777777777777777 0.020370370370370372 0.021296296296296296
2 0.6240740740740741 0.2 0.021296296296296296 0.022222222222222223
2 0.6962962962962963 0.14444444444444443 0.022222222222222223 0.020370370370370372
2 0.7212962962962963 0.20833333333333334 0.023148148148148147 0.022222222222222223
2 0.675 0.2064814814814815 0.021296296296296296 0.021296296296296296
2 0.6527777777777778 0.21296296296296297 0.023148148148148147 0.021296296296296296
2 0.5962962962962963 0.24351851851851852 0.020370370370370372 0.020370370370370372
2 0.5824074074074074 0.26666666666666666 0.019444444444444445 0.020370370370370372
2 0.5564814814814815 0.3351851851851852 0.020370370370370372 0.021296296296296296
2 0.6277777777777778 0.30092592592592593 0.021296296296296296 0.022222222222222223
2 0.6777777777777778 0.24074074074074073 0.022222222222222223 0.021296296296296296
2 0.7481481481481481 0.2351851851851852 0.023148148148148147 0.020370370370370372
2 0.7518518518518519 0.2611111111111111 0.022222222222222223 0.023148148148148147
2 0.7611111111111111 0.2935185185185185 0.021296296296296296 0.021296296296296296
2 0.7305555555555555 0.28703703703703703 0.023148148148148147 0.021296296296296296
2 0.7796296296296297 0.33611111111111114 0.023148148148148147 0.021296296296296296
2 0.7601851851851852 0.37222222222222223 0.022222222222222223 0.021296296296296296
2 0.6814814814814815 0.2814814814814815 0.023148148148148147 0.021296296296296296
2 0.6925925925925925 0.30277777777777776 0.022222222222222223 0.022222222222222223
2 0.6601851851851852 0.3287037037037037 0.021296296296296296 0.020370370370370372
2 0.6842592592592592 0.34444444444444444 0.020370370370370372 0.020370370370370372
2 0.7027777777777777 0.3675925925925926 0.023148148148148147 0.021296296296296296
2 0.6648148148148149 0.36944444444444446 0.020370370370370372 0.021296296296296296
2 0.637962962962963 0.3685185185185185 0.021296296296296296 0.020370370370370372
2 0.6138888888888889 0.362962962962963 0.021296296296296296 0.021296296296296296
2 0.5722222222222222 0.4148148148148148 0.021296296296296296 0.020370370370370372
2 0.6222222222222222 0.4 0.021296296296296296 0.021296296296296296
2 0.6 0.4222222222222222 0.020370370370370372 0.021296296296296296
2 0.6583333333333333 0.41574074074074074 0.021296296296296296 0.020370370370370372
2 0.6888888888888889 0.39537037037037037 0.021296296296296296 0.020370370370370372
2 0.7185185185185186 0.41203703703703703 0.021296296296296296 0.020370370370370372
2 0.7138888888888889 0.44166666666666665 0.021296296296296296 0.023148148148148147
2 0.7324074074074074 0.4601851851851852 0.023148148148148147 0.020370370370370372
2 0.6842592592592592 0.4981481481481482 0.021296296296296296 0.023148148148148147
2 0.6583333333333333 0.46111111111111114 0.023148148148148147 0.020370370370370372
2 0.6537037037037037 0.5185185185185185 0.023148148148148147 0.021296296296296296
2 0.5898148148148148 0.5027777777777778 0.020370370370370372 0.023148148148148147
2 0.5601851851851852 0.44166666666666665 0.021296296296296296 0.021296296296296296
2 0.5453703703703704 0.4777777777777778 0.021296296296296296 0.021296296296296296
2 0.6444444444444445 0.5555555555555556 0.021296296296296296 0.020370370370370372
2 0.6925925925925925 0.5740740740740741 0.021296296296296296 0.020370370370370372
2 0.7046296296296296 0.6055555555555555 0.021296296296296296 0.022222222222222223
2 0.6990740740740741 0.6444444444444445 0.021296296296296296 0.021296296296296296
2 0.6944444444444444 0.6768518518518518 0.022222222222222223 0.020370370370370372
2 0.6259259259259259 0.6944444444444444 0.021296296296296296 0.021296296296296296
2 0.5981481481481481 0.5879629629629629 0.021296296296296296 0.021296296296296296
2 0.5925925925925926 0.5601851851851852 0.020370370370370372 0.020370370370370372
2 0.5694444444444444 0.5518518518518518 0.020370370370370372 0.021296296296296296
2 0.5407407407407407 0.5861111111111111 0.021296296296296296 0.021296296296296296
2 0.5370370370370371 0.6129629629629629 0.021296296296296296 0.020370370370370372
2 0.4962962962962963 0.65 0.020370370370370372 0.020370370370370372
2 0.5472222222222223 0.6416666666666667 0.020370370370370372 0.021296296296296296
2 0.5842592592592593 0.6240740740740741 0.020370370370370372 0.022222222222222223
2 0.5879629629629629 0.6564814814814814 0.021296296296296296 0.021296296296296296
2 0.5675925925925925 0.7037037037037037 0.022222222222222223 0.021296296296296296
2 0.5981481481481481 0.7203703703703703 0.021296296296296296 0.020370370370370372
2 0.6064814814814815 0.7472222222222222 0.021296296296296296 0.021296296296296296
2 0.5685185185185185 0.7379629629629629 0.021296296296296296 0.022222222222222223
2 0.5518518518518518 0.7703703703703704 0.021296296296296296 0.021296296296296296
2 0.5138888888888888 0.7574074074074074 0.021296296296296296 0.021296296296296296
2 0.4935185185185185 0.7731481481481481 0.021296296296296296 0.020370370370370372
2 0.5222222222222223 0.7870370370370371 0.019444444444444445 0.020370370370370372
2 0.5842592592592593 0.8231481481481482 0.021296296296296296 0.021296296296296296
2 0.5074074074074074 0.887962962962963 0.021296296296296296 0.021296296296296296
1 0.30648148148148147 0.8231481481481482 0.022222222222222223 0.023148148148148147
1 0.2935185185185185 0.7583333333333333 0.021296296296296296 0.023148148148148147
0 0.28425925925925927 0.7351851851851852 0.018518518518518517 0.018518518518518517
1 0.25555555555555554 0.7268518518518519 0.022222222222222223 0.023148148148148147
1 0.22592592592592592 0.7166666666666667 0.021296296296296296 0.022222222222222223
1 0.34814814814814815 0.6370370370370371 0.022222222222222223 0.024074074074074074
1 0.27037037037037037 0.6824074074074075 0.022222222222222223 0.023148148148148147
1 0.25925925925925924 0.6564814814814814 0.022222222222222223 0.022222222222222223
1 0.2518518518518518 0.562962962962963 0.022222222222222223 0.023148148148148147
1 0.337037037037037 0.5435185185185185 0.021296296296296296 0.023148148148148147
1 0.32037037037037036 0.5777777777777777 0.022222222222222223 0.023148148148148147
1 0.23333333333333334 0.5407407407407407 0.021296296296296296 0.023148148148148147
1 0.21851851851851853 0.2814814814814815 0.021296296296296296 0.022222222222222223
1 0.18055555555555555 0.42685185185185187 0.022222222222222223 0.022222222222222223
1 0.225 0.4101851851851852 0.021296296296296296 0.021296296296296296
1 0.2537037037037037 0.37777777777777777 0.021296296296296296 0.023148148148148147
1 0.29907407407407405 0.3277777777777778 0.022222222222222223 0.021296296296296296
1 0.31851851851851853 0.28425925925925927 0.022222222222222223 0.023148148148148147
1 0.25555555555555554 0.2898148148148148 0.022222222222222223 0.024074074074074074
3 0.24537037037037038 0.5009259259259259 0.024074074074074074 0.025925925925925925
1 0.2212962962962963 0.37962962962962965 0.021296296296296296 0.022222222222222223
1 0.36666666666666664 0.1925925925925926 0.022222222222222223 0.023148148148148147
1 0.47129629629629627 0.2564814814814815 0.022222222222222223 0.024074074074074074
1 0.37037037037037035 0.31574074074074077 0.022222222222222223 0.022222222222222223
1 0.39444444444444443 0.4648148148148148 0.022222222222222223 0.023148148148148147
1 0.4703703703703704 0.5287037037037037 0.023148148148148147 0.023148148148148147
1 0.40185185185185185 0.587037037037037 0.022222222222222223 0.023148148148148147
1 0.39537037037037037 0.6805555555555556 0.023148148148148147 0.023148148148148147
1 0.3925925925925926 0.7185185185185186 0.023148148148148147 0.024074074074074074
1 0.34814814814814815 0.6601851851851852 0.022222222222222223 0.022222222222222223
1 0.4351851851851852 0.7444444444444445 0.023148148148148147 0.024074074074074074
1 0.425 0.575925925925926 0.022222222222222223 0.023148148148148147
1 0.38425925925925924 0.6462962962962963 0.021296296296296296 0.023148148148148147
1 0.33240740740740743 0.6018518518518519 0.022222222222222223 0.022222222222222223
3 0.4703703703703704 0.7037037037037037 0.025 0.026851851851851852
3 0.4666666666666667 0.7638888888888888 0.026851851851851852 0.027777777777777776
3 0.4787037037037037 0.837037037037037 0.025925925925925925 0.027777777777777776
1 0.4166666666666667 0.7657407407407407 0.022222222222222223 0.024074074074074074
1 0.49166666666666664 0.7962962962962963 0.023148148148148147 0.024074074074074074
3 0.5407407407407407 0.7398148148148148 0.025925925925925925 0.027777777777777776
1 0.5814814814814815 0.7712962962962963 0.024074074074074074 0.025
1 0.6416666666666667 0.7194444444444444 0.023148148148148147 0.025925925925925925
1 0.6398148148148148 0.7675925925925926 0.024074074074074074 0.025
1 0.5166666666666667 0.662962962962963 0.023148148148148147 0.023148148148148147
1 0.5148148148148148 0.5944444444444444 0.023148148148148147 0.024074074074074074
1 0.5796296296296296 0.6 0.023148148148148147 0.024074074074074074
1 0.5740740740740741 0.5768518518518518 0.024074074074074074 0.024074074074074074
1 0.4981481481481482 0.562037037037037 0.022222222222222223 0.023148148148148147
1 0.5111111111111111 0.5342592592592592 0.023148148148148147 0.023148148148148147
1 0.5333333333333333 0.5138888888888888 0.023148148148148147 0.023148148148148147
1 0.5722222222222222 0.5287037037037037 0.022222222222222223 0.022222222222222223
1 0.5990740740740741 0.5268518518518519 0.023148148148148147 0.023148148148148147
1 0.6148148148148148 0.5509259259259259 0.023148148148148147 0.024074074074074074
1 0.6259259259259259 0.5824074074074074 0.023148148148148147 0.024074074074074074
1 0.6296296296296297 0.5259259259259259 0.024074074074074074 0.024074074074074074
1 0.6203703703703703 0.46296296296296297 0.024074074074074074 0.024074074074074074
1 0.537962962962963 0.4287037037037037 0.024074074074074074 0.023148148148148147
1 0.5324074074074074 0.35 0.023148148148148147 0.023148148148148147
1 0.5962962962962963 0.29444444444444445 0.023148148148148147 0.024074074074074074
1 0.5564814814814815 0.27314814814814814 0.023148148148148147 0.024074074074074074
1 0.5444444444444444 0.2518518518518518 0.024074074074074074 0.023148148148148147
1 0.5092592592592593 0.040740740740740744 0.024074074074074074 0.024074074074074074
1 0.5944444444444444 0.10648148148148148 0.024074074074074074 0.024074074074074074
1 0.7111111111111111 0.32314814814814813 0.024074074074074074 0.025
1 0.6805555555555556 0.4388888888888889 0.024074074074074074 0.024074074074074074
1 0.6990740740740741 0.4685185185185185 0.024074074074074074 0.024074074074074074
1 0.7305555555555555 0.35648148148148145 0.025 0.024074074074074074
1 0.6574074074074074 0.4925925925925926 0.023148148148148147 0.023148148148148147
1 0.7166666666666667 0.5120370370370371 0.024074074074074074 0.024074074074074074
1 0.6768518518518518 0.5416666666666666 0.024074074074074074 0.024074074074074074
0 0.20925925925925926 0.6407407407407407 0.018518518518518517 0.019444444444444445
0 0.2657407407407407 0.7638888888888888 0.018518518518518517 0.019444444444444445
0 0.21296296296296297 0.7398148148148148 0.018518518518518517 0.019444444444444445
0 0.2796296296296296 0.7074074074074074 0.019444444444444445 0.019444444444444445
0 0.29259259259259257 0.6861111111111111 0.018518518518518517 0.019444444444444445
0 0.2740740740740741 0.6259259259259259 0.019444444444444445 0.018518518518518517
0 0.25462962962962965 0.6194444444444445 0.018518518518518517 0.018518518518518517
0 0.29907407407407405 0.5851851851851851 0.018518518518518517 0.020370370370370372
0 0.19166666666666668 0.5666666666666667 0.018518518518518517 0.018518518518518517
0 0.20833333333333334 0.525 0.018518518518518517 0.018518518518518517
0 0.18888888888888888 0.5092592592592593 0.018518518518518517 0.018518518518518517
0 0.2796296296296296 0.5296296296296297 0.018518518518518517 0.019444444444444445
0 0.29074074074074074 0.4703703703703704 0.018518518518518517 0.019444444444444445
0 0.26851851851851855 0.48055555555555557 0.018518518518518517 0.019444444444444445
0 0.19166666666666668 0.40555555555555556 0.019444444444444445 0.018518518518518517
0 0.2759259259259259 0.41388888888888886 0.018518518518518517 0.019444444444444445
0 0.21944444444444444 0.3435185185185185 0.018518518518518517 0.019444444444444445
0 0.2222222222222222 0.3111111111111111 0.018518518518518517 0.019444444444444445
0 0.2833333333333333 0.23703703703703705 0.017592592592592594 0.018518518518518517
0 0.2574074074074074 0.2074074074074074 0.019444444444444445 0.018518518518518517
0 0.2962962962962963 0.20092592592592592 0.018518518518518517 0.018518518518518517
0 0.4166666666666667 0.07407407407407407 0.019444444444444445 0.019444444444444445
0 0.3638888888888889 0.08518518518518518 0.018518518518518517 0.019444444444444445
0 0.35 0.10277777777777777 0.019444444444444445 0.019444444444444445
0 0.3398148148148148 0.05277777777777778 0.019444444444444445 0.019444444444444445
0 0.33055555555555555 0.11388888888888889 0.019444444444444445 0.019444444444444445
0 0.3527777777777778 0.225 0.019444444444444445 0.019444444444444445
0 0.3648148148148148 0.2601851851851852 0.018518518518518517 0.019444444444444445
0 0.4101851851851852 0.2759259259259259 0.018518518518518517 0.019444444444444445
0 0.412962962962963 0.30648148148148147 0.019444444444444445 0.019444444444444445
0 0.37777777777777777 0.34074074074074073 0.018518518518518517 0.019444444444444445
0 0.4 0.35462962962962963 0.018518518518518517 0.018518518518518517
0 0.4083333333333333 0.37962962962962965 0.018518518518518517 0.019444444444444445
0 0.41388888888888886 0.4842592592592593 0.018518518518518517 0.019444444444444445
0 0.31666666666666665 0.44537037037037036 0.018518518518518517 0.018518518518518517
0 0.35185185185185186 0.47962962962962963 0.018518518518518517 0.019444444444444445
0 0.33240740740740743 0.5055555555555555 0.018518518518518517 0.018518518518518517
0 0.4111111111111111 0.5333333333333333 0.018518518518518517 0.019444444444444445
0 0.4064814814814815 0.5592592592592592 0.018518518518518517 0.020370370370370372
0 0.3592592592592593 0.5583333333333333 0.018518518518518517 0.019444444444444445
0 0.3527777777777778 0.5814814814814815 0.018518518518518517 0.019444444444444445
0 0.3101851851851852 0.5564814814814815 0.018518518518518517 0.019444444444444445
0 0.32592592592592595 0.6481481481481481 0.018518518518518517 0.018518518518518517
0 0.35648148148148145 0.7166666666666667 0.018518518518518517 0.019444444444444445
0 0.30462962962962964 0.7287037037037037 0.018518518518518517 0.019444444444444445
0 0.3055555555555556 0.7944444444444444 0.018518518518518517 0.019444444444444445
0 0.4046296296296296 0.8546296296296296 0.019444444444444445 0.021296296296296296
0 0.4212962962962963 0.8212962962962963 0.018518518518518517 0.019444444444444445
0 0.4777777777777778 0.7351851851851852 0.019444444444444445 0.020370370370370372
0 0.44351851851851853 0.774074074074074 0.018518518518518517 0.020370370370370372
0 0.49074074074074076 0.8657407407407407 0.019444444444444445 0.020370370370370372
0 0.4842592592592593 0.6842592592592592 0.019444444444444445 0.019444444444444445
0 0.5203703703703704 0.6277777777777778 0.019444444444444445 0.019444444444444445
0 0.5027777777777778 0.6166666666666667 0.020370370370370372 0.019444444444444445
0 0.4925925925925926 0.5944444444444444 0.019444444444444445 0.020370370370370372
0 0.47962962962962963 0.5787037037037037 0.019444444444444445 0.019444444444444445
0 0.4824074074074074 0.6194444444444445 0.019444444444444445 0.019444444444444445
0 0.47314814814814815 0.6555555555555556 0.019444444444444445 0.019444444444444445
0 0.41944444444444445 0.5990740740740741 0.019444444444444445 0.019444444444444445
0 0.46296296296296297 0.5509259259259259 0.018518518518518517 0.019444444444444445
0 0.49537037037037035 0.5175925925925926 0.019444444444444445 0.019444444444444445
0 0.4898148148148148 0.48518518518518516 0.019444444444444445 0.020370370370370372
0 0.4666666666666667 0.4685185185185185 0.019444444444444445 0.019444444444444445
0 0.48055555555555557 0.42592592592592593 0.019444444444444445 0.019444444444444445
0 0.5138888888888888 0.42685185185185187 0.019444444444444445 0.019444444444444445
0 0.5277777777777778 0.4074074074074074 0.019444444444444445 0.019444444444444445
0 0.5296296296296297 0.38055555555555554 0.020370370370370372 0.020370370370370372
0 0.49537037037037035 0.40555555555555556 0.018518518518518517 0.020370370370370372
0 0.4759259259259259 0.3888888888888889 0.018518518518518517 0.019444444444444445
0 0.4537037037037037 0.3787037037037037 0.019444444444444445 0.018518518518518517
0 0.42777777777777776 0.36574074074074076 0.019444444444444445 0.019444444444444445
0 0.475 0.29907407407407405 0.018518518518518517 0.019444444444444445
0 0.4935185185185185 0.2601851851851852 0.019444444444444445 0.020370370370370372
0 0.5166666666666667 0.2 0.019444444444444445 0.019444444444444445
0 0.48055555555555557 0.20092592592592592 0.019444444444444445 0.020370370370370372
0 0.47685185185185186 0.14814814814814814 0.020370370370370372 0.020370370370370372
0 0.45 0.07222222222222222 0.020370370370370372 0.020370370370370372
0 0.5351851851851852 0.06666666666666667 0.020370370370370372 0.019444444444444445
0 0.6083333333333333 0.040740740740740744 0.020370370370370372 0.020370370370370372
0 0.5842592592592593 0.0824074074074074 0.021296296296296296 0.019444444444444445
0 0.5722222222222222 0.10185185185185185 0.020370370370370372 0.021296296296296296
0 0.5768518518518518 0.13796296296296295 0.020370370370370372 0.020370370370370372
0 0.6277777777777778 0.1259259259259259 0.020370370370370372 0.021296296296296296
0 0.5787037037037037 0.21388888888888888 0.019444444444444445 0.020370370370370372
0 0.600925925925926 0.20925925925925926 0.019444444444444445 0.020370370370370372
0 0.6398148148148148 0.18333333333333332 0.020370370370370372 0.020370370370370372
0 0.6240740740740741 0.23333333333333334 0.019444444444444445 0.020370370370370372
2 0.49166666666666664 0.09814814814814815 0.021296296296296296 0.022222222222222223
0 0.6481481481481481 0.24722222222222223 0.020370370370370372 0.021296296296296296
0 0.6148148148148148 0.275 0.020370370370370372 0.020370370370370372
0 0.6546296296296297 0.2740740740740741 0.020370370370370372 0.021296296296296296
0 0.5416666666666666 0.30092592592592593 0.019444444444444445 0.019444444444444445
0 0.5537037037037037 0.4009259259259259 0.019444444444444445 0.020370370370370372
0 0.5935185185185186 0.38981481481481484 0.019444444444444445 0.019444444444444445
0 0.6481481481481481 0.39351851851851855 0.019444444444444445 0.019444444444444445
0 0.5953703703703703 0.44351851851851853 0.019444444444444445 0.020370370370370372
0 0.5944444444444444 0.47685185185185186 0.020370370370370372 0.019444444444444445
0 0.6481481481481481 0.5990740740740741 0.020370370370370372 0.020370370370370372
0 0.637962962962963 0.6268518518518519 0.019444444444444445 0.020370370370370372
0 0.6027777777777777 0.6361111111111111 0.019444444444444445 0.020370370370370372
0 0.5601851851851852 0.6231481481481481 0.019444444444444445 0.019444444444444445
0 0.5407407407407407 0.7083333333333334 0.019444444444444445 0.020370370370370372
0 0.6268518518518519 0.8 0.019444444444444445 0.021296296296296296
0 0.5981481481481481 0.7935185185185185 0.020370370370370372 0.021296296296296296
0 0.5435185185185185 0.8268518518518518 0.020370370370370372 0.020370370370370372
0 0.6620370370370371 0.30277777777777776 0.020370370370370372 0.020370370370370372
0 0.7342592592592593 0.3925925925925926 0.020370370370370372 0.020370370370370372
0 0.7 0.26666666666666666 0.021296296296296296 0.020370370370370372
0 0.700925925925926 0.19814814814814816 0.022222222222222223 0.020370370370370372
3 0.18333333333333332 0.6518518518518519 0.025 0.025
3 0.19722222222222222 0.6111111111111112 0.024074074074074074 0.025925925925925925
1 0.37037037037037035 0.8629629629629629 0.022222222222222223 0.024074074074074074
3 0.337037037037037 0.812037037037037 0.025925925925925925 0.027777777777777776
3 0.34814814814814815 0.7768518518518519 0.025925925925925925 0.025925925925925925
3 0.3287037037037037 0.7175925925925926 0.025925925925925925 0.025
3 0.31574074074074077 0.6685185185185185 0.025 0.025925925925925925
3 0.24074074074074073 0.7537037037037037 0.024074074074074074 0.025925925925925925
3 0.23703703703703705 0.5972222222222222 0.025 0.025925925925925925
3 0.27314814814814814 0.5972222222222222 0.024074074074074074 0.025
3 0.2833333333333333 0.5638888888888889 0.025 0.025925925925925925
3 0.17592592592592593 0.5333333333333333 0.024074074074074074 0.025
3 0.375 0.5972222222222222 0.025 0.025
3 0.1814814814814815 0.4759259259259259 0.025 0.025
3 0.21666666666666667 0.4861111111111111 0.025 0.025
3 0.23055555555555557 0.44166666666666665 0.024074074074074074 0.025925925925925925
3 0.2851851851851852 0.4444444444444444 0.025 0.025925925925925925
3 0.31574074074074077 0.4824074074074074 0.025925925925925925 0.025925925925925925
3 0.3509259259259259 0.44537037037037036 0.024074074074074074 0.026851851851851852
3 0.34074074074074073 0.41759259259259257 0.025925925925925925 0.025
3 0.37592592592592594 0.38333333333333336 0.025 0.025925925925925925
3 0.34629629629629627 0.3814814814814815 0.025925925925925925 0.025925925925925925
1 0.31296296296296294 0.35648148148148145 0.022222222222222223 0.023148148148148147
3 0.27870370370370373 0.35462962962962963 0.025925925925925925 0.025
3 0.2574074074074074 0.3287037037037037 0.025 0.025925925925925925
3 0.18611111111111112 0.3648148148148148 0.024074074074074074 0.024074074074074074
3 0.28425925925925927 0.29814814814814816 0.025925925925925925 0.025
3 0.2935185185185185 0.25925925925925924 0.024074074074074074 0.025
3 0.33055555555555555 0.24814814814814815 0.025 0.025
3 0.2851851851851852 0.11203703703703703 0.025 0.025925925925925925
3 0.3148148148148148 0.1388888888888889 0.025 0.025925925925925925
3 0.37407407407407406 0.025925925925925925 0.025 0.027777777777777776
3 0.34814814814814815 0.2898148148148148 0.025 0.025925925925925925
3 0.5416666666666666 0.030555555555555555 0.027777777777777776 0.028703703703703703
3 0.5574074074074075 0.0787037037037037 0.026851851851851852 0.027777777777777776
3 0.5092592592592593 0.07407407407407407 0.025925925925925925 0.027777777777777776
3 0.5277777777777778 0.11203703703703703 0.026851851851851852 0.026851851851851852
3 0.5324074074074074 0.15185185185185185 0.025925925925925925 0.027777777777777776
3 0.5046296296296297 0.14629629629629629 0.025925925925925925 0.025925925925925925
3 0.38333333333333336 0.22870370370370371 0.025925925925925925 0.026851851851851852
3 0.41388888888888886 0.24537037037037038 0.025925925925925925 0.025925925925925925
3 0.44351851851851853 0.27870370370370373 0.025 0.025925925925925925
3 0.5175925925925926 0.24814814814814815 0.025925925925925925 0.027777777777777776
3 0.5212962962962963 0.2851851851851852 0.025925925925925925 0.026851851851851852
3 0.5685185185185185 0.3101851851851852 0.027777777777777776 0.027777777777777776
3 0.5768518518518518 0.18611111111111112 0.027777777777777776 0.026851851851851852
3 0.5944444444444444 0.33240740740740743 0.025925925925925925 0.026851851851851852
3 0.562037037037037 0.36944444444444446 0.025925925925925925 0.026851851851851852
3 0.487962962962963 0.32314814814814813 0.027777777777777776 0.026851851851851852
3 0.48148148148148145 0.3592592592592593 0.025925925925925925 0.026851851851851852
3 0.4564814814814815 0.4111111111111111 0.025925925925925925 0.025925925925925925
3 0.3861111111111111 0.4398148148148148 0.025 0.025925925925925925
3 0.6305555555555555 0.4287037037037037 0.027777777777777776 0.025925925925925925
3 0.6231481481481481 0.4962962962962963 0.025925925925925925 0.027777777777777776
3 0.5731481481481482 0.4638888888888889 0.027777777777777776 0.026851851851851852
3 0.5638888888888889 0.4981481481481482 0.025925925925925925 0.025925925925925925
3 0.525 0.45740740740740743 0.025925925925925925 0.027777777777777776
3 0.4888888888888889 0.45185185185185184 0.025 0.025925925925925925
3 0.42685185185185187 0.45925925925925926 0.025 0.025925925925925925
3 0.4444444444444444 0.4824074074074074 0.025 0.025
3 0.4351851851851852 0.5157407407407407 0.025 0.025925925925925925
3 0.3990740740740741 0.5101851851851852 0.025 0.025925925925925925
3 0.4361111111111111 0.5453703703703704 0.025 0.025925925925925925
3 0.5231481481481481 0.5685185185185185 0.025925925925925925 0.026851851851851852
3 0.5435185185185185 0.5444444444444444 0.026851851851851852 0.025925925925925925
3 0.6148148148148148 0.6101851851851852 0.025925925925925925 0.026851851851851852
3 0.6194444444444445 0.6546296296296297 0.027777777777777776 0.026851851851851852
3 0.5898148148148148 0.6824074074074075 0.025925925925925925 0.026851851851851852
3 0.562037037037037 0.6638888888888889 0.025925925925925925 0.025925925925925925
3 0.5388888888888889 0.6824074074074075 0.025925925925925925 0.026851851851851852
3 0.5064814814814815 0.6916666666666667 0.025925925925925925 0.027777777777777776
3 0.4046296296296296 0.6212962962962963 0.025925925925925925 0.025
3 0.4083333333333333 0.65 0.025 0.025925925925925925
3 0.44907407407407407 0.6685185185185185 0.025925925925925925 0.025925925925925925
3 0.4222222222222222 0.7175925925925926 0.025925925925925925 0.025925925925925925
3 0.39166666666666666 0.7462962962962963 0.025 0.026851851851851852
3 0.3962962962962963 0.787962962962963 0.025 0.026851851851851852
3 0.5046296296296297 0.7268518518518519 0.025925925925925925 0.028703703703703703
1 0.5611111111111111 0.7972222222222223 0.025 0.024074074074074074
3 0.5722222222222222 0.8574074074074074 0.025925925925925925 0.027777777777777776
3 0.5259259259259259 0.8592592592592593 0.025925925925925925 0.028703703703703703
3 0.5120370370370371 0.825 0.025925925925925925 0.027777777777777776
1 0.43425925925925923 0.8453703703703703 0.022222222222222223 0.024074074074074074
3 0.662962962962963 0.6842592592592592 0.026851851851851852 0.027777777777777776
3 0.6611111111111111 0.6481481481481481 0.026851851851851852 0.027777777777777776
3 0.674074074074074 0.612037037037037 0.027777777777777776 0.027777777777777776
3 0.6675925925925926 0.5675925925925925 0.027777777777777776 0.027777777777777776
3 0.7203703703703703 0.5472222222222223 0.027777777777777776 0.028703703703703703
3 0.7574074074074074 0.43796296296296294 0.028703703703703703 0.028703703703703703
3 0.6268518518518519 0.337037037037037 0.027777777777777776 0.027777777777777776
3 0.7444444444444445 0.32222222222222224 0.02962962962962963 0.027777777777777776
3 0.7111111111111111 0.24259259259259258 0.028703703703703703 0.027777777777777776
3 0.6787037037037037 0.1712962962962963 0.027777777777777776 0.027777777777777776
3 0.6481481481481481 0.15185185185185185 0.02962962962962963 0.027777777777777776
3 0.6518518518518519 0.11388888888888889 0.027777777777777776 0.027777777777777776
3 0.6416666666666667 0.08703703703703704 0.027777777777777776 0.027777777777777776
1 0.3074074074074074 0.22962962962962963 0.021296296296296296 0.023148148148148147
1 0.25833333333333336 0.16111111111111112 0.023148148148148147 0.022222222222222223
3 0.38333333333333336 0.5435185185185185 0.024074074074074074 0.025925925925925925
3 0.4148148148148148 0.33240740740740743 0.025 0.027777777777777776
3 0.512962962962963 0.4935185185185185 0.025925925925925925 0.027777777777777776
3 0.45555555555555555 0.5814814814814815 0.025925925925925925 0.025925925925925925