3 0.6685185185185185 0.5351851851851852 0.023148148148148147 0.023148148148148147
3 0.7222222222222222 0.5518518518518518 0.023148148148148147 0.024074074074074074
3 0.712037037037037 0.5824074074074074 0.024074074074074074 0.023148148148148147
3 0.7731481481481481 0.587037037037037 0.023148148148148147 0.023148148148148147
3 0.7231481481481481 0.6907407407407408 0.025 0.023148148148148147
3 0.7055555555555556 0.7240740740740741 0.024074074074074074 0.025
3 0.7361111111111112 0.7277777777777777 0.024074074074074074 0.024074074074074074
3 0.6555555555555556 0.8203703703703704 0.025 0.024074074074074074
3 0.6768518518518518 0.7851851851851852 0.023148148148148147 0.025
3 0.7324074074074074 0.7805555555555556 0.025 0.025
3 0.7888888888888889 0.6620370370370371 0.023148148148148147 0.024074074074074074
3 0.8018518518518518 0.6074074074074074 0.023148148148148147 0.024074074074074074
3 0.825925925925926 0.5333333333333333 0.023148148148148147 0.024074074074074074
1 0.7685185185185185 0.49722222222222223 0.021296296296296296 0.022222222222222223
1 0.7777777777777778 0.6925925925925925 0.021296296296296296 0.020370370370370372
1 0.6046296296296296 0.6777777777777778 0.022222222222222223 0.021296296296296296
1 0.587037037037037 0.7064814814814815 0.021296296296296296 0.020370370370370372
1 0.5907407407407408 0.7546296296296297 0.021296296296296296 0.021296296296296296
1 0.6305555555555555 0.7611111111111111 0.021296296296296296 0.021296296296296296
0 0.6101851851851852 0.8074074074074075 0.018518518518518517 0.018518518518518517
3 0.6157407407407407 0.7296296296296296 0.024074074074074074 0.025
1 0.6574074074074074 0.5675925925925925 0.021296296296296296 0.021296296296296296
1 0.5944444444444444 0.5555555555555556 0.021296296296296296 0.020370370370370372
1 0.6018518518518519 0.5842592592592593 0.020370370370370372 0.020370370370370372
3 0.6509259259259259 0.4740740740740741 0.023148148148148147 0.024074074074074074
3 0.6231481481481481 0.42777777777777776 0.024074074074074074 0.024074074074074074
1 0.6861111111111111 0.43425925925925923 0.020370370370370372 0.021296296296296296
1 0.7185185185185186 0.38055555555555554 0.020370370370370372 0.022222222222222223
1 0.6388888888888888 0.40370370370370373 0.021296296296296296 0.020370370370370372
1 0.6611111111111111 0.37962962962962965 0.020370370370370372 0.021296296296296296
1 0.7305555555555555 0.34074074074074073 0.020370370370370372 0.021296296296296296
0 0.7166666666666667 0.3111111111111111 0.017592592592592594 0.016666666666666666
1 0.5675925925925925 0.4203703703703704 0.021296296296296296 0.021296296296296296
1 0.5712962962962963 0.32685185185185184 0.020370370370370372 0.020370370370370372
1 0.5398148148148149 0.43148148148148147 0.021296296296296296 0.021296296296296296
1 0.6138888888888889 0.29444444444444445 0.020370370370370372 0.021296296296296296
1 0.5370370370370371 0.774074074074074 0.021296296296296296 0.021296296296296296
1 0.32314814814814813 0.6472222222222223 0.022222222222222223 0.022222222222222223
1 0.30648148148148147 0.6083333333333333 0.021296296296296296 0.021296296296296296
1 0.3138888888888889 0.5203703703703704 0.022222222222222223 0.022222222222222223
1 0.32685185185185184 0.42407407407407405 0.022222222222222223 0.021296296296296296
1 0.45555555555555555 0.4074074074074074 0.021296296296296296 0.021296296296296296
1 0.44351851851851853 0.675 0.021296296296296296 0.020370370370370372
1 0.4 0.4111111111111111 0.021296296296296296 0.021296296296296296
1 0.45185185185185184 0.4648148148148148 0.021296296296296296 0.021296296296296296
1 0.43796296296296294 0.13333333333333333 0.020370370370370372 0.021296296296296296
1 0.5055555555555555 0.29074074074074074 0.020370370370370372 0.021296296296296296
3 0.6157407407407407 0.5425925925925926 0.023148148148148147 0.024074074074074074
2 0.8037037037037037 0.7064814814814815 0.018518518518518517 0.018518518518518517
2 0.8138888888888889 0.6324074074074074 0.018518518518518517 0.018518518518518517
2 0.7083333333333334 0.7944444444444444 0.020370370370370372 0.017592592592592594
2 0.6296296296296297 0.7953703703703704 0.019444444444444445 0.018518518518518517
2 0.6564814814814814 0.7546296296296297 0.019444444444444445 0.018518518518518517
2 0.6685185185185185 0.7314814814814815 0.019444444444444445 0.019444444444444445
2 0.6527777777777778 0.7018518518518518 0.018518518518518517 0.019444444444444445
2 0.6361111111111111 0.6675925925925926 0.018518518518518517 0.019444444444444445
2 0.7064814814814815 0.6129629629629629 0.019444444444444445 0.018518518518518517
2 0.7333333333333333 0.6194444444444445 0.018518518518518517 0.018518518518518517
2 0.7592592592592593 0.6092592592592593 0.018518518518518517 0.017592592592592594
2 0.799074074074074 0.5768518518518518 0.019444444444444445 0.019444444444444445
2 0.8027777777777778 0.55 0.018518518518518517 0.018518518518518517
2 0.7898148148148149 0.5259259259259259 0.018518518518518517 0.019444444444444445
2 0.8074074074074075 0.4777777777777778 0.018518518518518517 0.018518518518518517
2 0.7851851851851852 0.46574074074074073 0.019444444444444445 0.017592592592592594
2 0.7907407407407407 0.44074074074074077 0.016666666666666666 0.017592592592592594
2 0.7648148148148148 0.3814814814814815 0.018518518518518517 0.018518518518518517
2 0.7407407407407407 0.43796296296296294 0.016666666666666666 0.018518518518518517
2 0.7138888888888889 0.44814814814814813 0.018518518518518517 0.017592592592592594
2 0.7203703703703703 0.5138888888888888 0.017592592592592594 0.019444444444444445
2 0.687962962962963 0.5120370370370371 0.018518518518518517 0.017592592592592594
2 0.6851851851851852 0.5861111111111111 0.020370370370370372 0.018518518518518517
2 0.6296296296296297 0.6074074074074074 0.020370370370370372 0.019444444444444445
2 0.6268518518518519 0.5768518518518518 0.018518518518518517 0.018518518518518517
2 0.6314814814814815 0.5212962962962963 0.017592592592592594 0.017592592592592594
2 0.6601851851851852 0.5064814814814815 0.019444444444444445 0.019444444444444445
2 0.6324074074074074 0.4527777777777778 0.018518518518518517 0.018518518518518517
2 0.6666666666666666 0.35185185185185186 0.019444444444444445 0.016666666666666666
2 0.7055555555555556 0.3509259259259259 0.019444444444444445 0.019444444444444445
2 0.5222222222222223 0.7462962962962963 0.019444444444444445 0.019444444444444445
2 0.4981481481481482 0.6564814814814814 0.019444444444444445 0.019444444444444445
2 0.4703703703703704 0.6546296296296297 0.019444444444444445 0.019444444444444445
2 0.3972222222222222 0.6972222222222222 0.020370370370370372 0.020370370370370372
2 0.4 0.5907407407407408 0.019444444444444445 0.017592592592592594
2 0.3972222222222222 0.5675925925925925 0.018518518518518517 0.017592592592592594
2 0.47129629629629627 0.6111111111111112 0.019444444444444445 0.019444444444444445
2 0.4722222222222222 0.5666666666666667 0.019444444444444445 0.022222222222222223
2 0.5157407407407407 0.5425925925925926 0.018518518518518517 0.019444444444444445
2 0.5555555555555556 0.7064814814814815 0.018518518518518517 0.019444444444444445
2 0.5462962962962963 0.6425925925925926 0.019444444444444445 0.019444444444444445
2 0.5777777777777777 0.600925925925926 0.019444444444444445 0.019444444444444445
2 0.5787037037037037 0.5361111111111111 0.020370370370370372 0.019444444444444445
2 0.48333333333333334 0.45740740740740743 0.019444444444444445 0.019444444444444445
2 0.5 0.48148148148148145 0.018518518518518517 0.019444444444444445
2 0.5203703703703704 0.37592592592592594 0.019444444444444445 0.019444444444444445
2 0.5462962962962963 0.39444444444444443 0.019444444444444445 0.017592592592592594
2 0.5768518518518518 0.38981481481481484 0.019444444444444445 0.020370370370370372
2 0.5972222222222222 0.3675925925925926 0.019444444444444445 0.018518518518518517
2 0.4824074074074074 0.35555555555555557 0.017592592592592594 0.019444444444444445
2 0.4564814814814815 0.3537037037037037 0.018518518518518517 0.019444444444444445
2 0.4324074074074074 0.3990740740740741 0.020370370370370372 0.017592592592592594
2 0.4083333333333333 0.3814814814814815 0.020370370370370372 0.018518518518518517
2 0.40185185185185185 0.46944444444444444 0.020370370370370372 0.019444444444444445
2 0.37777777777777777 0.5175925925925926 0.020370370370370372 0.019444444444444445
2 0.3537037037037037 0.6675925925925926 0.019444444444444445 0.019444444444444445
2 0.6675925925925926 0.25925925925925924 0.018518518518518517 0.018518518518518517
2 0.6361111111111111 0.29259259259259257 0.020370370370370372 0.018518518518518517
2 0.6046296296296296 0.32037037037037036 0.019444444444444445 0.017592592592592594
2 0.6101851851851852 0.26944444444444443 0.019444444444444445 0.017592592592592594
2 0.6351851851851852 0.22314814814814815 0.017592592592592594 0.018518518518518517
2 0.5953703703703703 0.24259259259259258 0.019444444444444445 0.020370370370370372
2 0.587037037037037 0.19537037037037036 0.018518518518518517 0.019444444444444445
2 0.4583333333333333 0.32685185185185184 0.019444444444444445 0.019444444444444445
2 0.4722222222222222 0.21666666666666667 0.018518518518518517 0.019444444444444445
2 0.5037037037037037 0.19814814814814816 0.018518518518518517 0.020370370370370372
2 0.5472222222222223 0.15555555555555556 0.020370370370370372 0.020370370370370372
2 0.4398148148148148 0.16111111111111112 0.019444444444444445 0.019444444444444445
2 0.41203703703703703 0.17592592592592593 0.019444444444444445 0.020370370370370372
2 0.40555555555555556 0.2638888888888889 0.019444444444444445 0.019444444444444445
2 0.42592592592592593 0.28703703703703703 0.018518518518518517 0.019444444444444445
2 0.2935185185185185 0.20833333333333334 0.020370370370370372 0.018518518518518517
2 0.3148148148148148 0.2814814814814815 0.019444444444444445 0.019444444444444445
2 0.2796296296296296 0.30277777777777776 0.019444444444444445 0.018518518518518517
2 0.28055555555555556 0.3435185185185185 0.019444444444444445 0.019444444444444445
2 0.3212962962962963 0.38796296296296295 0.019444444444444445 0.019444444444444445
2 0.2777777777777778 0.4074074074074074 0.019444444444444445 0.019444444444444445
2 0.3490740740740741 0.4101851851851852 0.019444444444444445 0.018518518518518517
2 0.36574074074074076 0.4425925925925926 0.020370370370370372 0.020370370370370372
2 0.3398148148148148 0.48703703703703705 0.019444444444444445 0.019444444444444445
2 0.3074074074074074 0.5527777777777778 0.020370370370370372 0.020370370370370372
2 0.27870370370370373 0.5416666666666666 0.019444444444444445 0.019444444444444445
2 0.3398148148148148 0.6259259259259259 0.019444444444444445 0.019444444444444445
1 0.31851851851851853 0.1574074074074074 0.022222222222222223 0.023148148148148147
1 0.3212962962962963 0.18981481481481483 0.021296296296296296 0.022222222222222223
1 0.3416666666666667 0.23333333333333334 0.023148148148148147 0.022222222222222223
1 0.3111111111111111 0.24259259259259258 0.022222222222222223 0.022222222222222223
1 0.3388888888888889 0.30462962962962964 0.021296296296296296 0.022222222222222223
1 0.34444444444444444 0.3509259259259259 0.021296296296296296 0.022222222222222223
1 0.43425925925925923 0.36944444444444446 0.020370370370370372 0.021296296296296296
1 0.4074074074074074 0.2212962962962963 0.021296296296296296 0.020370370370370372
1 0.4398148148148148 0.2601851851851852 0.020370370370370372 0.021296296296296296
1 0.30277777777777776 0.44074074074074077 0.021296296296296296 0.021296296296296296
1 0.262037037037037 0.46944444444444444 0.022222222222222223 0.020370370370370372
1 0.29074074074074074 0.4824074074074074 0.022222222222222223 0.021296296296296296
1 0.31851851851851853 0.4648148148148148 0.021296296296296296 0.021296296296296296
1 0.31666666666666665 0.5796296296296296 0.021296296296296296 0.021296296296296296
1 0.4027777777777778 0.5222222222222223 0.021296296296296296 0.020370370370370372
1 0.37777777777777777 0.37777777777777777 0.021296296296296296 0.021296296296296296
1 0.4185185185185185 0.6648148148148149 0.021296296296296296 0.020370370370370372
1 0.3398148148148148 0.5509259259259259 0.021296296296296296 0.022222222222222223
1 0.537962962962963 0.6648148148148149 0.021296296296296296 0.020370370370370372
1 0.5527777777777778 0.6037037037037037 0.021296296296296296 0.021296296296296296
1 0.5685185185185185 0.5638888888888889 0.020370370370370372 0.020370370370370372
1 0.4981481481481482 0.6074074074074074 0.022222222222222223 0.021296296296296296
1 0.42592592592592593 0.4601851851851852 0.021296296296296296 0.021296296296296296
1 0.42592592592592593 0.4287037037037037 0.022222222222222223 0.022222222222222223
1 0.5592592592592592 0.45092592592592595 0.021296296296296296 0.021296296296296296
1 0.575925925925926 0.35648148148148145 0.020370370370370372 0.020370370370370372
1 0.5435185185185185 0.33611111111111114 0.021296296296296296 0.021296296296296296
1 0.4787037037037037 0.2953703703703704 0.021296296296296296 0.020370370370370372
1 0.45740740740740743 0.18796296296296297 0.021296296296296296 0.021296296296296296
1 0.48148148148148145 0.1787037037037037 0.021296296296296296 0.021296296296296296
1 0.6083333333333333 0.3962962962962963 0.021296296296296296 0.021296296296296296
1 0.6268518518518519 0.34444444444444444 0.020370370370370372 0.021296296296296296
1 0.6861111111111111 0.37407407407407406 0.020370370370370372 0.021296296296296296
1 0.7407407407407407 0.5305555555555556 0.021296296296296296 0.021296296296296296
1 0.6824074074074075 0.6314814814814815 0.020370370370370372 0.021296296296296296
1 0.6935185185185185 0.674074074074074 0.021296296296296296 0.020370370370370372
1 0.7185185185185186 0.7564814814814815 0.023148148148148147 0.022222222222222223
1 0.7601851851851852 0.6388888888888888 0.021296296296296296 0.021296296296296296
1 0.7574074074074074 0.46574074074074073 0.019444444444444445 0.020370370370370372
0 0.8268518518518518 0.5601851851851852 0.016666666666666666 0.016666666666666666
0 0.8268518518518518 0.5888888888888889 0.016666666666666666 0.018518518518518517
0 0.8203703703703704 0.6694444444444444 0.018518518518518517 0.017592592592592594
0 0.8037037037037037 0.5064814814814815 0.016666666666666666 0.017592592592592594
0 0.7796296296296297 0.6287037037037037 0.018518518518518517 0.017592592592592594
0 0.7583333333333333 0.675 0.018518518518518517 0.018518518518518517
0 0.7138888888888889 0.6425925925925926 0.018518518518518517 0.017592592592592594
0 0.7351851851851852 0.5953703703703703 0.016666666666666666 0.016666666666666666
0 0.7472222222222222 0.562037037037037 0.017592592592592594 0.017592592592592594
0 0.7657407407407407 0.5268518518518519 0.016666666666666666 0.016666666666666666
0 0.7444444444444445 0.49537037037037035 0.017592592592592594 0.017592592592592594
0 0.7305555555555555 0.46944444444444444 0.016666666666666666 0.017592592592592594
0 0.7453703703703703 0.4 0.016666666666666666 0.016666666666666666
0 0.7592592592592593 0.7111111111111111 0.017592592592592594 0.017592592592592594
0 0.7814814814814814 0.7268518518518519 0.017592592592592594 0.017592592592592594
0 0.7574074074074074 0.7481481481481481 0.018518518518518517 0.018518518518518517
0 0.6842592592592592 0.8166666666666667 0.018518518518518517 0.017592592592592594
0 0.6555555555555556 0.7925925925925926 0.018518518518518517 0.016666666666666666
0 0.6842592592592592 0.7537037037037037 0.016666666666666666 0.017592592592592594
0 0.7018518518518518 0.7712962962962963 0.018518518518518517 0.017592592592592594
0 0.6444444444444445 0.7277777777777777 0.016666666666666666 0.016666666666666666
0 0.6796296296296296 0.7111111111111111 0.017592592592592594 0.017592592592592594
0 0.6259259259259259 0.700925925925926 0.018518518518518517 0.017592592592592594
0 0.6527777777777778 0.5944444444444444 0.016666666666666666 0.017592592592592594
0 0.6851851851851852 0.5592592592592592 0.017592592592592594 0.018518518518518517
0 0.7018518518518518 0.5314814814814814 0.016666666666666666 0.017592592592592594
0 0.6453703703703704 0.5444444444444444 0.017592592592592594 0.017592592592592594
0 0.6324074074074074 0.4962962962962963 0.016666666666666666 0.016666666666666666
0 0.6675925925925926 0.45 0.016666666666666666 0.016666666666666666
0 0.6537037037037037 0.43333333333333335 0.016666666666666666 0.016666666666666666
0 0.6981481481481482 0.4 0.016666666666666666 0.018518518518518517
0 0.6861111111111111 0.28888888888888886 0.016666666666666666 0.017592592592592594
0 0.6407407407407407 0.26851851851851855 0.016666666666666666 0.017592592592592594
0 0.6287037037037037 0.3175925925925926 0.017592592592592594 0.017592592592592594
0 0.5972222222222222 0.2222222222222222 0.017592592592592594 0.016666666666666666
0 0.5638888888888889 0.20462962962962963 0.017592592592592594 0.016666666666666666
0 0.5537037037037037 0.275 0.016666666666666666 0.016666666666666666
0 0.5925925925925926 0.3425925925925926 0.017592592592592594 0.017592592592592594
0 0.5509259259259259 0.30462962962962964 0.017592592592592594 0.017592592592592594
0 0.6092592592592593 0.4666666666666667 0.017592592592592594 0.017592592592592594
0 0.5842592592592593 0.4564814814814815 0.016666666666666666 0.016666666666666666
0 0.5638888888888889 0.5055555555555555 0.018518518518518517 0.017592592592592594
0 0.5416666666666666 0.5712962962962963 0.016666666666666666 0.018518518518518517
0 0.6018518518518519 0.6129629629629629 0.016666666666666666 0.016666666666666666
0 0.5962962962962963 0.649074074074074 0.017592592592592594 0.017592592592592594
0 0.5722222222222222 0.6842592592592592 0.017592592592592594 0.016666666666666666
0 0.537962962962963 0.7212962962962963 0.017592592592592594 0.016666666666666666
0 0.5527777777777778 0.75 0.017592592592592594 0.017592592592592594
0 0.5425925925925926 0.8009259259259259 0.016666666666666666 0.017592592592592594
0 0.5907407407407408 0.7962962962962963 0.018518518518518517 0.017592592592592594
0 0.6268518518518519 0.8314814814814815 0.017592592592592594 0.018518518518518517
0 0.6027777777777777 0.8351851851851851 0.017592592592592594 0.017592592592592594
0 0.6268518518518519 0.8537037037037037 0.018518518518518517 0.018518518518518517
0 0.5083333333333333 0.7981481481481482 0.018518518518518517 0.017592592592592594
0 0.49166666666666664 0.7425925925925926 0.018518518518518517 0.017592592592592594
0 0.4546296296296296 0.7027777777777777 0.018518518518518517 0.017592592592592594
0 0.5333333333333333 0.6898148148148148 0.017592592592592594 0.016666666666666666
0 0.44074074074074077 0.6481481481481481 0.018518518518518517 0.018518518518518517
0 0.41944444444444445 0.6046296296296296 0.018518518518518517 0.016666666666666666
0 0.525 0.5935185185185186 0.017592592592592594 0.016666666666666666
0 0.47962962962962963 0.5879629629629629 0.017592592592592594 0.016666666666666666
0 0.5055555555555555 0.5157407407407407 0.016666666666666666 0.017592592592592594
0 0.5157407407407407 0.45185185185185184 0.016666666666666666 0.016666666666666666
0 0.4981481481481482 0.375 0.016666666666666666 0.016666666666666666
0 0.4666666666666667 0.3787037037037037 0.017592592592592594 0.017592592592592594
0 0.4888888888888889 0.32592592592592595 0.017592592592592594 0.016666666666666666
0 0.4527777777777778 0.3055555555555556 0.017592592592592594 0.017592592592592594
0 0.46296296296296297 0.2759259259259259 0.017592592592592594 0.018518518518518517
0 0.5027777777777778 0.23425925925925925 0.016666666666666666 0.017592592592592594
0 0.5259259259259259 0.17407407407407408 0.017592592592592594 0.017592592592592594
0 0.5268518518518519 0.14166666666666666 0.016666666666666666 0.017592592592592594
0 0.387037037037037 0.18981481481481483 0.018518518518518517 0.018518518518518517
0 0.3824074074074074 0.16574074074074074 0.017592592592592594 0.017592592592592594
0 0.375 0.1398148148148148 0.016666666666666666 0.017592592592592594
0 0.3425925925925926 0.20555555555555555 0.017592592592592594 0.018518518518518517
0 0.3712962962962963 0.24814814814814815 0.018518518518518517 0.018518518518518517
0 0.37222222222222223 0.2796296296296296 0.017592592592592594 0.017592592592592594
0 0.375 0.4101851851851852 0.017592592592592594 0.017592592592592594
0 0.37407407407407406 0.35185185185185186 0.018518518518518517 0.016666666666666666
0 0.34074074074074073 0.44814814814814813 0.018518518518518517 0.018518518518518517
0 0.3648148148148148 0.4666666666666667 0.017592592592592594 0.017592592592592594
0 0.3398148148148148 0.5212962962962963 0.018518518518518517 0.016666666666666666
0 0.37407407407407406 0.5731481481481482 0.018518518518518517 0.017592592592592594
0 0.4083333333333333 0.4962962962962963 0.017592592592592594 0.016666666666666666
0 0.37407407407407406 0.6037037037037037 0.016666666666666666 0.017592592592592594
0 0.362962962962963 0.6342592592592593 0.018518518518518517 0.017592592592592594
0 0.3768518518518518 0.6833333333333333 0.018518518518518517 0.017592592592592594
0 0.275 0.5148148148148148 0.019444444444444445 0.017592592592592594
0 0.3175925925925926 0.49444444444444446 0.018518518518518517 0.017592592592592594
0 0.3074074074074074 0.4074074074074074 0.018518518518518517 0.017592592592592594
0 0.28703703703703703 0.2611111111111111 0.018518518518518517 0.017592592592592594
3 0.4064814814814815 0.14444444444444443 0.023148148148148147 0.024074074074074074
3 0.34629629629629627 0.14814814814814814 0.024074074074074074 0.024074074074074074
3 0.43796296296296294 0.21851851851851853 0.024074074074074074 0.024074074074074074
3 0.39537037037037037 0.29444444444444445 0.023148148148148147 0.023148148148148147
3 0.425 0.32037037037037036 0.023148148148148147 0.024074074074074074
3 0.39444444444444443 0.32592592592592595 0.024074074074074074 0.023148148148148147
3 0.4064814814814815 0.35185185185185186 0.025 0.023148148148148147
3 0.36018518518518516 0.32407407407407407 0.025 0.025
3 0.37222222222222223 0.22037037037037038 0.024074074074074074 0.023148148148148147
3 0.3453703703703704 0.26481481481481484 0.024074074074074074 0.023148148148148147
1 0.3037037037037037 0.3194444444444444 0.022222222222222223 0.021296296296296296
3 0.3111111111111111 0.35555555555555557 0.025 0.023148148148148147
3 0.2861111111111111 0.3787037037037037 0.026851851851851852 0.024074074074074074
3 0.3472222222222222 0.38425925925925924 0.024074074074074074 0.025
3 0.39444444444444443 0.44722222222222224 0.024074074074074074 0.024074074074074074
3 0.26851851851851855 0.44074074074074077 0.025 0.024074074074074074
3 0.28703703703703703 0.5805555555555556 0.025 0.025
3 0.3824074074074074 0.5425925925925926 0.023148148148148147 0.023148148148148147
3 0.3824074074074074 0.49166666666666664 0.024074074074074074 0.024074074074074074
3 0.3490740740740741 0.5898148148148148 0.025 0.023148148148148147
3 0.38425925925925924 0.6546296296296297 0.024074074074074074 0.023148148148148147
3 0.3962962962962963 0.6212962962962963 0.025 0.023148148148148147
3 0.41759259259259257 0.6342592592592593 0.024074074074074074 0.024074074074074074
1 0.42685185185185187 0.7 0.021296296296296296 0.022222222222222223
3 0.4638888888888889 0.7314814814814815 0.023148148148148147 0.025
3 0.4824074074074074 0.6916666666666667 0.025 0.023148148148148147
1 0.5101851851851852 0.6814814814814815 0.021296296296296296 0.021296296296296296
3 0.5111111111111111 0.7138888888888889 0.025 0.023148148148148147
3 0.5074074074074074 0.7694444444444445 0.025 0.025
3 0.5657407407407408 0.7851851851851852 0.024074074074074074 0.023148148148148147
3 0.6092592592592593 0.7777777777777778 0.025 0.023148148148148147
3 0.5703703703703704 0.7287037037037037 0.023148148148148147 0.024074074074074074
3 0.5703703703703704 0.6564814814814814 0.024074074074074074 0.023148148148148147
3 0.5787037037037037 0.625 0.024074074074074074 0.024074074074074074
3 0.5175925925925926 0.6268518518518519 0.023148148148148147 0.025
3 0.4898148148148148 0.6324074074074074 0.025 0.023148148148148147
3 0.4462962962962963 0.6212962962962963 0.023148148148148147 0.023148148148148147
1 0.45555555555555555 0.5907407407407408 0.020370370370370372 0.021296296296296296
3 0.43148148148148147 0.5740740740740741 0.025 0.023148148148148147
3 0.4166666666666667 0.5481481481481482 0.023148148148148147 0.024074074074074074
3 0.4546296296296296 0.549074074074074 0.024074074074074074 0.022222222222222223
1 0.4462962962962963 0.5222222222222223 0.020370370370370372 0.020370370370370372
3 0.4888888888888889 0.537962962962963 0.024074074074074074 0.023148148148148147
3 0.49907407407407406 0.5694444444444444 0.024074074074074074 0.024074074074074074
3 0.549074074074074 0.5453703703703704 0.024074074074074074 0.023148148148148147
3 0.5972222222222222 0.512962962962963 0.023148148148148147 0.023148148148148147
3 0.5361111111111111 0.5138888888888888 0.023148148148148147 0.023148148148148147
3 0.47685185185185186 0.5101851851851852 0.024074074074074074 0.024074074074074074
3 0.44074074074074077 0.49444444444444446 0.023148148148148147 0.024074074074074074
3 0.5324074074074074 0.48148148148148145 0.023148148148148147 0.023148148148148147
3 0.5712962962962963 0.4824074074074074 0.023148148148148147 0.024074074074074074
3 0.6083333333333333 0.4898148148148148 0.024074074074074074 0.023148148148148147
3 0.5916666666666667 0.43148148148148147 0.023148148148148147 0.023148148148148147
3 0.5175925925925926 0.4046296296296296 0.024074074074074074 0.025
3 0.4981481481481482 0.43148148148148147 0.023148148148148147 0.024074074074074074
3 0.48333333333333334 0.40185185185185185 0.024074074074074074 0.024074074074074074
3 0.46296296296296297 0.43703703703703706 0.024074074074074074 0.023148148148148147
1 0.47314814814814815 0.4824074074074074 0.023148148148148147 0.020370370370370372
1 0.4638888888888889 0.24537037037037038 0.020370370370370372 0.022222222222222223
3 0.49074074074074076 0.262037037037037 0.023148148148148147 0.023148148148148147
3 0.5157407407407407 0.34074074074074073 0.023148148148148147 0.024074074074074074
3 0.5212962962962963 0.31203703703703706 0.022222222222222223 0.025
3 0.5268518518518519 0.2657407407407407 0.023148148148148147 0.024074074074074074
1 0.5333333333333333 0.23703703703703705 0.021296296296296296 0.021296296296296296
3 0.5657407407407408 0.2361111111111111 0.023148148148148147 0.023148148148148147
3 0.5768518518518518 0.26481481481481484 0.023148148148148147 0.024074074074074074
3 0.5777777777777777 0.30092592592592593 0.024074074074074074 0.023148148148148147
3 0.55 0.362962962962963 0.023148148148148147 0.024074074074074074
3 0.4703703703703704 0.14907407407407408 0.023148148148148147 0.024074074074074074
3 0.5 0.14907407407407408 0.024074074074074074 0.024074074074074074
3 0.5324074074074074 0.20462962962962963 0.023148148148148147 0.024074074074074074
0 0.5518518518518518 0.18333333333333332 0.016666666666666666 0.018518518518518517
3 0.6222222222222222 0.24722222222222223 0.023148148148148147 0.023148148148148147
3 0.6824074074074075 0.3212962962962963 0.023148148148148147 0.023148148148148147
1 0.6564814814814814 0.3296296296296296 0.020370370370370372 0.020370370370370372
3 0.6277777777777778 0.37407407407407406 0.022222222222222223 0.024074074074074074
3 0.6694444444444444 0.40925925925925927 0.023148148148148147 0.024074074074074074
3 0.7212962962962963 0.4166666666666667 0.023148148148148147 0.024074074074074074
3 0.7648148148148148 0.42777777777777776 0.023148148148148147 0.023148148148148147
3 0.6824074074074075 0.4722222222222222 0.023148148148148147 0.023148148148148147
3 0.7074074074074074 0.487962962962963 0.023148148148148147 0.023148148148148147
3 0.6259259259259259 0.6416666666666667 0.023148148148148147 0.023148148148148147
3 0.6481481481481481 0.6231481481481481 0.025 0.023148148148148147
1 0.6620370370370371 0.6509259259259259 0.020370370370370372 0.022222222222222223
1 0.6657407407407407 0.6796296296296296 0.020370370370370372 0.021296296296296296
1 0.35 0.1814814814814815 0.021296296296296296 0.022222222222222223
0 0.32222222222222224 0.21851851851851853 0.019444444444444445 0.018518518518518517
1 0.7722222222222223 0.5564814814814815 0.024074074074074074 0.025
1 0.7398148148148148 0.6583333333333333 0.021296296296296296 0.022222222222222223