1 0.24074074074074073 0.5453703703703704 0.032407407407407406 0.03148148148148148
1 0.2601851851851852 0.4925925925925926 0.032407407407407406 0.03148148148148148
1 0.262037037037037 0.44166666666666665 0.03148148148148148 0.03148148148148148
1 0.22962962962962963 0.3814814814814815 0.03333333333333333 0.032407407407407406
1 0.2351851851851852 0.31203703703703706 0.032407407407407406 0.032407407407407406
1 0.2074074074074074 0.3277777777777778 0.032407407407407406 0.032407407407407406
1 0.3148148148148148 0.31574074074074077 0.03148148148148148 0.02962962962962963
1 0.2824074074074074 0.31851851851851853 0.03148148148148148 0.032407407407407406
1 0.33611111111111114 0.3648148148148148 0.032407407407407406 0.032407407407407406
1 0.33611111111111114 0.3972222222222222 0.032407407407407406 0.032407407407407406
1 0.30648148148148147 0.4074074074074074 0.032407407407407406 0.03148148148148148
1 0.2935185185185185 0.4361111111111111 0.03333333333333333 0.03148148148148148
1 0.3685185185185185 0.4777777777777778 0.03148148148148148 0.02962962962962963
1 0.30185185185185187 0.5324074074074074 0.032407407407407406 0.02962962962962963
1 0.31851851851851853 0.612037037037037 0.03148148148148148 0.030555555555555555
1 0.287962962962963 0.6157407407407407 0.03148148148148148 0.03148148148148148
1 0.30185185185185187 0.6703703703703704 0.03148148148148148 0.030555555555555555
1 0.40370370370370373 0.6333333333333333 0.02962962962962963 0.02962962962962963
1 0.4305555555555556 0.6129629629629629 0.02962962962962963 0.02962962962962963
1 0.42962962962962964 0.6990740740740741 0.02962962962962963 0.02962962962962963
1 0.44722222222222224 0.6731481481481482 0.028703703703703703 0.028703703703703703
1 0.49074074074074076 0.6222222222222222 0.030555555555555555 0.03148148148148148
1 0.42407407407407405 0.4777777777777778 0.02962962962962963 0.030555555555555555
1 0.3925925925925926 0.3888888888888889 0.032407407407407406 0.030555555555555555
1 0.47962962962962963 0.35 0.03148148148148148 0.02962962962962963
1 0.49537037037037035 0.40555555555555556 0.02962962962962963 0.02962962962962963
1 0.5018518518518519 0.4398148148148148 0.030555555555555555 0.032407407407407406
1 0.5564814814814815 0.425 0.03148148148148148 0.02962962962962963
1 0.5425925925925926 0.4638888888888889 0.03148148148148148 0.03148148148148148
1 0.6407407407407407 0.4601851851851852 0.02962962962962963 0.02962962962962963
1 0.6074074074074074 0.45 0.030555555555555555 0.02962962962962963
1 0.5740740740740741 0.5 0.03148148148148148 0.02962962962962963
1 0.6027777777777777 0.487962962962963 0.030555555555555555 0.02962962962962963
1 0.5324074074074074 0.3990740740740741 0.030555555555555555 0.02962962962962963
1 0.46574074074074073 0.38055555555555554 0.030555555555555555 0.03148148148148148
1 0.44907407407407407 0.41388888888888886 0.03148148148148148 0.02962962962962963
1 0.425 0.3296296296296296 0.030555555555555555 0.032407407407407406
1 0.6259259259259259 0.4203703703703704 0.02962962962962963 0.028703703703703703
1 0.5898148148148148 0.41759259259259257 0.030555555555555555 0.02962962962962963
0 0.6675925925925926 0.4666666666666667 0.025 0.025
0 0.6222222222222222 0.5740740740740741 0.024074074074074074 0.025
0 0.5657407407407408 0.600925925925926 0.025 0.025
0 0.5444444444444444 0.6296296296296297 0.025 0.024074074074074074
0 0.5277777777777778 0.5296296296296297 0.024074074074074074 0.024074074074074074
0 0.5407407407407407 0.36666666666666664 0.025 0.025
0 0.5287037037037037 0.43148148148148147 0.025 0.025
0 0.49074074074074076 0.48703703703703705 0.025 0.025
0 0.47962962962962963 0.5398148148148149 0.025 0.024074074074074074
0 0.487962962962963 0.7027777777777777 0.025 0.024074074074074074
0 0.49444444444444446 0.649074074074074 0.024074074074074074 0.024074074074074074
0 0.4583333333333333 0.6481481481481481 0.025 0.024074074074074074
0 0.47314814814814815 0.6694444444444444 0.024074074074074074 0.025
0 0.47962962962962963 0.5972222222222222 0.025 0.024074074074074074
0 0.4601851851851852 0.5574074074074075 0.025 0.024074074074074074
0 0.4351851851851852 0.5601851851851852 0.024074074074074074 0.025
0 0.40925925925925927 0.5592592592592592 0.025 0.025
0 0.4212962962962963 0.5842592592592593 0.024074074074074074 0.025
0 0.40370370370370373 0.6046296296296296 0.025 0.025
0 0.38981481481481484 0.5305555555555556 0.025 0.025
0 0.3962962962962963 0.4842592592592593 0.025 0.025
0 0.41759259259259257 0.44537037037037036 0.025 0.025
0 0.4166666666666667 0.4185185185185185 0.025925925925925925 0.025
0 0.3925925925925926 0.43148148148148147 0.026851851851851852 0.025
0 0.44537037037037036 0.3574074074074074 0.025 0.025
0 0.4601851851851852 0.32407407407407407 0.025925925925925925 0.026851851851851852
0 0.37222222222222223 0.28055555555555556 0.025925925925925925 0.025925925925925925
0 0.4 0.3037037037037037 0.025 0.025925925925925925
0 0.3685185185185185 0.3472222222222222 0.025 0.025925925925925925
0 0.3435185185185185 0.33611111111111114 0.025925925925925925 0.025
0 0.3425925925925926 0.45925925925925926 0.025925925925925925 0.025
0 0.3277777777777778 0.48055555555555557 0.025 0.025
0 0.3416666666666667 0.5564814814814815 0.025 0.025
0 0.3472222222222222 0.6055555555555555 0.025 0.024074074074074074
0 0.34814814814814815 0.6305555555555555 0.025925925925925925 0.025
0 0.3148148148148148 0.5574074074074075 0.025925925925925925 0.025
0 0.30092592592592593 0.48055555555555557 0.025 0.025925925925925925
0 0.287962962962963 0.5027777777777778 0.025 0.025
0 0.30925925925925923 0.37222222222222223 0.026851851851851852 0.025
1 0.2935185185185185 0.2824074074074074 0.03333333333333333 0.03148148148148148
0 0.262037037037037 0.2953703703703704 0.027777777777777776 0.025925925925925925
0 0.2574074074074074 0.3333333333333333 0.025 0.026851851851851852
0 0.23981481481481481 0.3537037037037037 0.025925925925925925 0.025925925925925925
0 0.25925925925925924 0.38333333333333336 0.025925925925925925 0.025925925925925925
0 0.28703703703703703 0.3861111111111111 0.025925925925925925 0.025925925925925925
0 0.21203703703703702 0.40555555555555556 0.026851851851851852 0.025925925925925925
0 0.24351851851851852 0.4675925925925926 0.025925925925925925 0.025
0 0.23703703703703705 0.5101851851851852 0.025 0.025
0 0.275 0.5898148148148148 0.025 0.025
0 0.25555555555555554 0.5703703703703704 0.025 0.025
0 0.2388888888888889 0.5907407407407408 0.025 0.025
0 0.2574074074074074 0.6092592592592593 0.025 0.025
0 0.2601851851851852 0.6351851851851852 0.025 0.024074074074074074
0 0.26851851851851855 0.6583333333333333 0.025 0.025925925925925925
0 0.22685185185185186 0.6657407407407407 0.025925925925925925 0.025
0 0.21666666666666667 0.6064814814814815 0.025 0.025
0 0.362962962962963 0.687962962962963 0.025925925925925925 0.025
0 0.1925925925925926 0.5916666666666667 0.026851851851851852 0.025
0 0.20277777777777778 0.5018518518518519 0.025925925925925925 0.025
0 0.17777777777777778 0.375 0.028703703703703703 0.026851851851851852
0 0.1638888888888889 0.462037037037037 0.027777777777777776 0.025925925925925925
1 0.27685185185185185 0.3574074074074074 0.03148148148148148 0.03148148148148148
3 0.14722222222222223 0.5287037037037037 0.03518518518518519 0.03518518518518519
3 0.18055555555555555 0.4083333333333333 0.03518518518518519 0.03611111111111111
3 0.19074074074074074 0.549074074074074 0.03611111111111111 0.03518518518518519
3 0.24351851851851852 0.412962962962963 0.03611111111111111 0.03425925925925926
3 0.33240740740740743 0.28425925925925927 0.03611111111111111 0.037037037037037035
3 0.3638888888888889 0.41759259259259257 0.03425925925925926 0.03425925925925926
3 0.34814814814814815 0.5037037037037037 0.03333333333333333 0.03333333333333333
3 0.36203703703703705 0.5787037037037037 0.03518518518518519 0.03333333333333333
3 0.28425925925925927 0.5592592592592592 0.03518518518518519 0.03333333333333333
3 0.26851851851851855 0.5268518518518519 0.03425925925925926 0.03518518518518519
3 0.3212962962962963 0.6444444444444445 0.03333333333333333 0.03333333333333333
3 0.3314814814814815 0.6842592592592592 0.03518518518518519 0.032407407407407406
3 0.3972222222222222 0.6962962962962963 0.03333333333333333 0.03333333333333333
1 0.41388888888888886 0.6638888888888889 0.02962962962962963 0.028703703703703703
3 0.45092592592592595 0.5861111111111111 0.03518518518518519 0.032407407407407406
3 0.44722222222222224 0.4527777777777778 0.03333333333333333 0.03425925925925926
3 0.40370370370370373 0.3592592592592593 0.03518518518518519 0.03425925925925926
3 0.5064814814814815 0.3731481481481482 0.03333333333333333 0.03518518518518519
3 0.575 0.4564814814814815 0.03333333333333333 0.03425925925925926
3 0.6342592592592593 0.4925925925925926 0.03333333333333333 0.03333333333333333
3 0.6407407407407407 0.5259259259259259 0.03333333333333333 0.03333333333333333
3 0.600925925925926 0.5212962962962963 0.03333333333333333 0.03333333333333333
3 0.5953703703703703 0.5898148148148148 0.03333333333333333 0.032407407407407406
3 0.5657407407407408 0.5703703703703704 0.03425925925925926 0.03518518518518519
3 0.5009259259259259 0.5157407407407407 0.032407407407407406 0.032407407407407406
3 0.4648148148148148 0.5120370370370371 0.03333333333333333 0.03333333333333333
1 0.5185185185185185 0.6092592592592593 0.02962962962962963 0.028703703703703703
3 0.4305555555555556 0.3861111111111111 0.03518518518518519 0.03518518518518519
0 0.47314814814814815 0.43796296296296294 0.025 0.023148148148148147
0 0.5527777777777778 0.5194444444444445 0.024074074074074074 0.025
1 0.5296296296296297 0.49537037037037035 0.030555555555555555 0.030555555555555555
1 0.5055555555555555 0.5481481481481482 0.02962962962962963 0.02962962962962963
1 0.4601851851851852 0.6203703703703703 0.02962962962962963 0.028703703703703703
2 0.23055555555555557 0.44351851851851853 0.025925925925925925 0.026851851851851852
2 0.21851851851851853 0.47962962962962963 0.026851851851851852 0.026851851851851852
2 0.1814814814814815 0.5194444444444445 0.027777777777777776 0.026851851851851852
2 0.2037037037037037 0.4351851851851852 0.027777777777777776 0.027777777777777776
2 0.21481481481481482 0.5287037037037037 0.028703703703703703 0.025925925925925925
2 0.22962962962962963 0.6342592592592593 0.027777777777777776 0.026851851851851852
2 0.25092592592592594 0.6805555555555556 0.026851851851851852 0.026851851851851852
2 0.2796296296296296 0.6907407407407408 0.026851851851851852 0.025925925925925925
2 0.2898148148148148 0.6435185185185185 0.027777777777777776 0.025925925925925925
2 0.30185185185185187 0.5842592592592593 0.025925925925925925 0.025925925925925925
2 0.3314814814814815 0.5842592592592593 0.027777777777777776 0.027777777777777776
2 0.33240740740740743 0.5314814814814814 0.025925925925925925 0.027777777777777776
2 0.31574074074074077 0.5055555555555555 0.027777777777777776 0.026851851851851852
2 0.27685185185185185 0.4675925925925926 0.02962962962962963 0.027777777777777776
2 0.31574074074074077 0.4564814814814815 0.027777777777777776 0.027777777777777776
2 0.3296296296296296 0.4287037037037037 0.027777777777777776 0.027777777777777776
2 0.275 0.41203703703703703 0.026851851851851852 0.027777777777777776
2 0.31296296296296294 0.34444444444444444 0.028703703703703703 0.027777777777777776
2 0.3648148148148148 0.3111111111111111 0.02962962962962963 0.027777777777777776
2 0.38796296296296295 0.3287037037037037 0.028703703703703703 0.027777777777777776
2 0.44074074074074077 0.29444444444444445 0.027777777777777776 0.028703703703703703
2 0.3638888888888889 0.37777777777777777 0.027777777777777776 0.027777777777777776
2 0.3675925925925926 0.44907407407407407 0.027777777777777776 0.027777777777777776
2 0.39444444444444443 0.4583333333333333 0.02962962962962963 0.028703703703703703
2 0.37962962962962965 0.5046296296296297 0.026851851851851852 0.027777777777777776
2 0.4074074074074074 0.5101851851851852 0.027777777777777776 0.025925925925925925
2 0.1814814814814815 0.34444444444444444 0.028703703703703703 0.027777777777777776
2 0.36203703703703705 0.5361111111111111 0.027777777777777776 0.025
2 0.3824074074074074 0.5564814814814815 0.025925925925925925 0.025925925925925925
2 0.39351851851851855 0.5824074074074074 0.026851851851851852 0.025925925925925925
2 0.3731481481481482 0.6444444444444445 0.026851851851851852 0.025
2 0.3527777777777778 0.6611111111111111 0.028703703703703703 0.025925925925925925
2 0.38055555555555554 0.6712962962962963 0.027777777777777776 0.025
2 0.4185185185185185 0.5351851851851852 0.027777777777777776 0.027777777777777776
2 0.4462962962962963 0.5361111111111111 0.026851851851851852 0.026851851851851852
2 0.4351851851851852 0.5092592592592593 0.028703703703703703 0.026851851851851852
2 0.45185185185185184 0.48518518518518516 0.027777777777777776 0.027777777777777776
2 0.4324074074074074 0.6425925925925926 0.027777777777777776 0.025925925925925925
2 0.4759259259259259 0.4648148148148148 0.025 0.025
2 0.5666666666666667 0.3824074074074074 0.026851851851851852 0.025925925925925925
2 0.5101851851851852 0.4685185185185185 0.027777777777777776 0.026851851851851852
2 0.5740740740740741 0.5361111111111111 0.026851851851851852 0.025925925925925925
2 0.5953703703703703 0.5583333333333333 0.025 0.025
2 0.5712962962962963 0.6324074074074074 0.026851851851851852 0.025
2 0.549074074074074 0.5462962962962963 0.027777777777777776 0.026851851851851852
2 0.5287037037037037 0.5648148148148148 0.027777777777777776 0.025
2 0.5388888888888889 0.5907407407407408 0.025925925925925925 0.025
2 0.5064814814814815 0.5824074074074074 0.026851851851851852 0.025
2 0.48518518518518516 0.5685185185185185 0.026851851851851852 0.025925925925925925
2 0.5231481481481481 0.6555555555555556 0.025925925925925925 0.025925925925925925
2 0.5268518518518519 0.687962962962963 0.025 0.025925925925925925
1 0.15462962962962962 0.43148148148148147 0.03148148148148148 0.032407407407407406
1 0.1925925925925926 0.462037037037037 0.032407407407407406 0.03148148148148148
1 0.17407407407407408 0.4888888888888889 0.03148148148148148 0.02962962962962963
1 0.16296296296296298 0.5694444444444444 0.032407407407407406 0.030555555555555555
1 0.2 0.6351851851851852 0.030555555555555555 0.02962962962962963
1 0.21944444444444444 0.5685185185185185 0.03148148148148148 0.03148148148148148
2 0.20462962962962963 0.3648148148148148 0.028703703703703703 0.026851851851851852
1 0.5 0.6777777777777778 0.02962962962962963 0.02962962962962963
1 0.37407407407407406 0.6111111111111112 0.03148148148148148 0.030555555555555555