3 0.5861111111111111 0.6814814814814815 0.018518518518518517 0.019444444444444445
2 0.4027777777777778 0.3648148148148148 0.013888888888888888 0.013888888888888888
2 0.4398148148148148 0.3509259259259259 0.012962962962962963 0.013888888888888888
2 0.3685185185185185 0.3925925925925926 0.013888888888888888 0.013888888888888888
2 0.40555555555555556 0.4 0.013888888888888888 0.013888888888888888
2 0.30277777777777776 0.5157407407407407 0.014814814814814815 0.013888888888888888
2 0.3 0.49074074074074076 0.014814814814814815 0.014814814814814815
2 0.32685185185185184 0.40925925925925927 0.013888888888888888 0.013888888888888888
2 0.34629629629629627 0.4546296296296296 0.013888888888888888 0.013888888888888888
2 0.3509259259259259 0.4842592592592593 0.013888888888888888 0.014814814814814815
2 0.36574074074074076 0.5472222222222223 0.014814814814814815 0.014814814814814815
2 0.3527777777777778 0.6194444444444445 0.014814814814814815 0.013888888888888888
2 0.3611111111111111 0.65 0.013888888888888888 0.01574074074074074
2 0.38981481481481484 0.5398148148148149 0.014814814814814815 0.013888888888888888
2 0.3888888888888889 0.6611111111111111 0.01574074074074074 0.013888888888888888
2 0.42777777777777776 0.5268518518518519 0.013888888888888888 0.014814814814814815
2 0.4305555555555556 0.3972222222222222 0.013888888888888888 0.013888888888888888
2 0.4351851851851852 0.6824074074074075 0.013888888888888888 0.013888888888888888
2 0.4324074074074074 0.6453703703703704 0.013888888888888888 0.013888888888888888
2 0.45740740740740743 0.6314814814814815 0.013888888888888888 0.013888888888888888
2 0.4537037037037037 0.5796296296296296 0.013888888888888888 0.014814814814814815
2 0.44722222222222224 0.5361111111111111 0.013888888888888888 0.013888888888888888
2 0.45555555555555555 0.5175925925925926 0.014814814814814815 0.013888888888888888
2 0.4546296296296296 0.38425925925925924 0.013888888888888888 0.014814814814814815
2 0.46574074074074073 0.4166666666666667 0.014814814814814815 0.013888888888888888
2 0.5166666666666667 0.35185185185185186 0.013888888888888888 0.013888888888888888
2 0.5064814814814815 0.3814814814814815 0.014814814814814815 0.013888888888888888
2 0.4981481481481482 0.4361111111111111 0.013888888888888888 0.013888888888888888
2 0.5074074074074074 0.4583333333333333 0.013888888888888888 0.012962962962962963
2 0.5027777777777778 0.4824074074074074 0.013888888888888888 0.013888888888888888
2 0.4824074074074074 0.49537037037037035 0.013888888888888888 0.013888888888888888
2 0.47314814814814815 0.5666666666666667 0.014814814814814815 0.013888888888888888
2 0.48518518518518516 0.6277777777777778 0.013888888888888888 0.014814814814814815
2 0.5101851851851852 0.6601851851851852 0.013888888888888888 0.013888888888888888
2 0.5157407407407407 0.6101851851851852 0.014814814814814815 0.013888888888888888
2 0.5296296296296297 0.5462962962962963 0.014814814814814815 0.014814814814814815
2 0.5425925925925926 0.6407407407407407 0.014814814814814815 0.013888888888888888
2 0.5481481481481482 0.7018518518518518 0.014814814814814815 0.013888888888888888
2 0.5324074074074074 0.7185185185185186 0.014814814814814815 0.013888888888888888
2 0.5842592592592593 0.6407407407407407 0.013888888888888888 0.014814814814814815
2 0.6018518518518519 0.6453703703703704 0.013888888888888888 0.014814814814814815
2 0.6083333333333333 0.6972222222222222 0.013888888888888888 0.013888888888888888
2 0.6 0.5481481481481482 0.014814814814814815 0.012962962962962963
2 0.6046296296296296 0.587037037037037 0.014814814814814815 0.013888888888888888
2 0.6361111111111111 0.6 0.014814814814814815 0.013888888888888888
2 0.6435185185185185 0.7018518518518518 0.013888888888888888 0.013888888888888888
2 0.6462962962962963 0.7203703703703703 0.013888888888888888 0.014814814814814815
2 0.5574074074074075 0.3175925925925926 0.014814814814814815 0.013888888888888888
2 0.5518518518518518 0.5425925925925926 0.014814814814814815 0.013888888888888888
2 0.5694444444444444 0.43703703703703706 0.01574074074074074 0.013888888888888888
2 0.5907407407407408 0.37592592592592594 0.014814814814814815 0.013888888888888888
2 0.5916666666666667 0.3537037037037037 0.014814814814814815 0.013888888888888888
2 0.6064814814814815 0.3175925925925926 0.014814814814814815 0.013888888888888888
2 0.6231481481481481 0.3287037037037037 0.014814814814814815 0.013888888888888888
2 0.637962962962963 0.3175925925925926 0.014814814814814815 0.014814814814814815
2 0.637962962962963 0.38981481481481484 0.013888888888888888 0.013888888888888888
2 0.6287037037037037 0.4148148148148148 0.013888888888888888 0.012962962962962963
2 0.6157407407407407 0.43148148148148147 0.013888888888888888 0.014814814814814815
2 0.6194444444444445 0.4583333333333333 0.014814814814814815 0.013888888888888888
2 0.6138888888888889 0.5009259259259259 0.013888888888888888 0.013888888888888888
2 0.6675925925925926 0.3453703703703704 0.014814814814814815 0.014814814814814815
2 0.6888888888888889 0.3416666666666667 0.013888888888888888 0.014814814814814815
2 0.7064814814814815 0.3537037037037037 0.014814814814814815 0.014814814814814815
2 0.7185185185185186 0.39166666666666666 0.013888888888888888 0.013888888888888888
2 0.7175925925925926 0.41388888888888886 0.014814814814814815 0.014814814814814815
2 0.7055555555555556 0.4305555555555556 0.013888888888888888 0.014814814814814815
2 0.6796296296296296 0.43796296296296294 0.013888888888888888 0.012962962962962963
2 0.6564814814814814 0.4777777777777778 0.013888888888888888 0.012962962962962963
2 0.6805555555555556 0.4842592592592593 0.014814814814814815 0.014814814814814815
2 0.6583333333333333 0.5203703703703704 0.014814814814814815 0.012962962962962963
2 0.7509259259259259 0.36018518518518516 0.013888888888888888 0.013888888888888888
2 0.7231481481481481 0.4981481481481482 0.013888888888888888 0.013888888888888888
2 0.7518518518518519 0.49537037037037035 0.013888888888888888 0.014814814814814815
2 0.7777777777777778 0.49444444444444446 0.014814814814814815 0.014814814814814815
2 0.6805555555555556 0.5555555555555556 0.01574074074074074 0.013888888888888888
2 0.7268518518518519 0.5675925925925925 0.014814814814814815 0.014814814814814815
2 0.6759259259259259 0.5944444444444444 0.013888888888888888 0.014814814814814815
2 0.7462962962962963 0.6027777777777777 0.014814814814814815 0.013888888888888888
2 0.6666666666666666 0.6138888888888889 0.013888888888888888 0.013888888888888888
2 0.6759259259259259 0.6768518518518518 0.013888888888888888 0.014814814814814815
2 0.7111111111111111 0.7166666666666667 0.013888888888888888 0.014814814814814815
2 0.7305555555555555 0.6842592592592592 0.014814814814814815 0.014814814814814815
2 0.7481481481481481 0.700925925925926 0.013888888888888888 0.013888888888888888
2 0.7648148148148148 0.6601851851851852 0.014814814814814815 0.014814814814814815
2 0.7962962962962963 0.625 0.016666666666666666 0.01574074074074074
2 0.8425925925925926 0.6027777777777777 0.014814814814814815 0.013888888888888888
2 0.8453703703703703 0.5768518518518518 0.01574074074074074 0.013888888888888888
2 0.8101851851851852 0.5407407407407407 0.014814814814814815 0.014814814814814815
2 0.7907407407407407 0.5083333333333333 0.014814814814814815 0.014814814814814815
2 0.8537037037037037 0.5388888888888889 0.01574074074074074 0.013888888888888888
2 0.8555555555555555 0.4981481481481482 0.014814814814814815 0.013888888888888888
2 0.8324074074074074 0.4842592592592593 0.013888888888888888 0.013888888888888888
2 0.8333333333333334 0.43796296296296294 0.013888888888888888 0.014814814814814815
2 0.8 0.3888888888888889 0.014814814814814815 0.01574074074074074
2 0.7981481481481482 0.362962962962963 0.016666666666666666 0.014814814814814815
1 0.325 0.4648148148148148 0.017592592592592594 0.016666666666666666
1 0.32592592592592595 0.48518518518518516 0.016666666666666666 0.01574074074074074
1 0.3351851851851852 0.5333333333333333 0.017592592592592594 0.016666666666666666
1 0.32592592592592595 0.5851851851851851 0.016666666666666666 0.016666666666666666
1 0.325 0.6092592592592593 0.016666666666666666 0.016666666666666666
1 0.37777777777777777 0.6083333333333333 0.016666666666666666 0.016666666666666666
1 0.412962962962963 0.6166666666666667 0.017592592592592594 0.016666666666666666
1 0.3731481481481482 0.5203703703703704 0.017592592592592594 0.01574074074074074
1 0.4101851851851852 0.5027777777777778 0.016666666666666666 0.01574074074074074
1 0.36944444444444446 0.4981481481481482 0.017592592592592594 0.01574074074074074
1 0.4148148148148148 0.48055555555555557 0.016666666666666666 0.01574074074074074
1 0.38333333333333336 0.4444444444444444 0.017592592592592594 0.017592592592592594
1 0.45185185185185184 0.5574074074074075 0.017592592592592594 0.01574074074074074
1 0.4425925925925926 0.6 0.016666666666666666 0.016666666666666666
1 0.45925925925925926 0.4666666666666667 0.01574074074074074 0.01574074074074074
1 0.4898148148148148 0.4074074074074074 0.01574074074074074 0.01574074074074074
1 0.48333333333333334 0.44814814814814813 0.017592592592592594 0.01574074074074074
1 0.5222222222222223 0.4361111111111111 0.01574074074074074 0.01574074074074074
1 0.5287037037037037 0.3731481481481482 0.01574074074074074 0.016666666666666666
1 0.5722222222222222 0.39166666666666666 0.01574074074074074 0.01574074074074074
1 0.5425925925925926 0.3509259259259259 0.01574074074074074 0.01574074074074074
3 0.5740740740740741 0.4898148148148148 0.018518518518518517 0.018518518518518517
1 0.5472222222222223 0.4888888888888889 0.01574074074074074 0.01574074074074074
1 0.5277777777777778 0.4740740740740741 0.016666666666666666 0.01574074074074074
1 0.5277777777777778 0.4981481481481482 0.01574074074074074 0.01574074074074074
1 0.4935185185185185 0.5805555555555556 0.017592592592592594 0.016666666666666666
1 0.5157407407407407 0.5888888888888889 0.01574074074074074 0.01574074074074074
1 0.5537037037037037 0.6240740740740741 0.016666666666666666 0.01574074074074074
1 0.5694444444444444 0.7018518518518518 0.01574074074074074 0.01574074074074074
1 0.4935185185185185 0.6935185185185185 0.017592592592592594 0.016666666666666666
1 0.4666666666666667 0.6731481481481482 0.01574074074074074 0.016666666666666666
1 0.47685185185185186 0.7111111111111111 0.01574074074074074 0.016666666666666666
1 0.5268518518518519 0.687962962962963 0.017592592592592594 0.01574074074074074
1 0.5555555555555556 0.6777777777777778 0.01574074074074074 0.017592592592592594
1 0.5453703703703704 0.562037037037037 0.01574074074074074 0.01574074074074074
1 0.5268518518518519 0.5722222222222222 0.016666666666666666 0.01574074074074074
1 0.4861111111111111 0.5527777777777778 0.01574074074074074 0.01574074074074074
1 0.5925925925925926 0.7166666666666667 0.01574074074074074 0.017592592592592594
1 0.6259259259259259 0.7101851851851851 0.01574074074074074 0.017592592592592594
1 0.6731481481481482 0.637962962962963 0.01574074074074074 0.01574074074074074
1 0.6592592592592592 0.6527777777777778 0.01574074074074074 0.01574074074074074
1 0.6416666666666667 0.5796296296296296 0.01574074074074074 0.01574074074074074
1 0.6935185185185185 0.5666666666666667 0.01574074074074074 0.017592592592592594
1 0.6546296296296297 0.4981481481481482 0.017592592592592594 0.01574074074074074
1 0.6305555555555555 0.5157407407407407 0.016666666666666666 0.01574074074074074
1 0.6416666666666667 0.35 0.01574074074074074 0.01574074074074074
1 0.6157407407407407 0.3490740740740741 0.01574074074074074 0.01574074074074074
3 0.7481481481481481 0.33611111111111114 0.019444444444444445 0.019444444444444445
3 0.6842592592592592 0.3194444444444444 0.018518518518518517 0.018518518518518517
1 0.6574074074074074 0.38055555555555554 0.016666666666666666 0.016666666666666666
1 0.7388888888888889 0.3990740740740741 0.01574074074074074 0.01574074074074074
1 0.7462962962962963 0.4203703703703704 0.01574074074074074 0.016666666666666666
1 0.7444444444444445 0.4583333333333333 0.014814814814814815 0.01574074074074074
1 0.7185185185185186 0.475 0.01574074074074074 0.014814814814814815
1 0.7212962962962963 0.524074074074074 0.01574074074074074 0.01574074074074074
1 0.7361111111111112 0.5444444444444444 0.01574074074074074 0.01574074074074074
1 0.7861111111111111 0.5287037037037037 0.01574074074074074 0.01574074074074074
1 0.7712962962962963 0.5564814814814815 0.017592592592592594 0.01574074074074074
1 0.7694444444444445 0.6 0.016666666666666666 0.01574074074074074
1 0.7666666666666667 0.6833333333333333 0.01574074074074074 0.016666666666666666
1 0.7833333333333333 0.6694444444444444 0.017592592592592594 0.016666666666666666
1 0.7925925925925926 0.6509259259259259 0.01574074074074074 0.01574074074074074
1 0.7231481481481481 0.6657407407407407 0.014814814814814815 0.01574074074074074
1 0.7287037037037037 0.7092592592592593 0.01574074074074074 0.016666666666666666
1 0.6824074074074075 0.7018518518518518 0.01574074074074074 0.016666666666666666
1 0.8148148148148148 0.5777777777777777 0.01574074074074074 0.016666666666666666
1 0.8527777777777777 0.6324074074074074 0.01574074074074074 0.016666666666666666
1 0.8768518518518519 0.5425925925925926 0.01574074074074074 0.016666666666666666
1 0.8092592592592592 0.4648148148148148 0.01574074074074074 0.01574074074074074
1 0.8537037037037037 0.4527777777777778 0.01574074074074074 0.016666666666666666
1 0.8425925925925926 0.40185185185185185 0.01574074074074074 0.01574074074074074
0 0.8842592592592593 0.562037037037037 0.012962962962962963 0.012962962962962963
0 0.8342592592592593 0.5518518518518518 0.013888888888888888 0.013888888888888888
0 0.8305555555555556 0.5703703703703704 0.012962962962962963 0.012962962962962963
0 0.8138888888888889 0.5574074074074075 0.012962962962962963 0.012962962962962963
0 0.8009259259259259 0.5685185185185185 0.012962962962962963 0.012037037037037037
0 0.7925925925925926 0.5916666666666667 0.012962962962962963 0.012962962962962963
0 0.7833333333333333 0.6111111111111112 0.012037037037037037 0.012962962962962963
0 0.8268518518518518 0.5953703703703703 0.012962962962962963 0.012962962962962963
0 0.8398148148148148 0.5074074074074074 0.012962962962962963 0.013888888888888888
0 0.8157407407407408 0.5203703703703704 0.012962962962962963 0.012962962962962963
0 0.7675925925925926 0.5092592592592593 0.012037037037037037 0.012962962962962963
0 0.8138888888888889 0.48148148148148145 0.013888888888888888 0.012962962962962963
0 0.7962962962962963 0.4888888888888889 0.012962962962962963 0.012962962962962963
0 0.7657407407407407 0.4787037037037037 0.013888888888888888 0.013888888888888888
0 0.8148148148148148 0.43425925925925923 0.012962962962962963 0.012962962962962963
0 0.7888888888888889 0.4222222222222222 0.012037037037037037 0.013888888888888888
0 0.8064814814814815 0.4101851851851852 0.012962962962962963 0.012962962962962963
0 0.7638888888888888 0.4111111111111111 0.013888888888888888 0.012962962962962963
0 0.7018518518518518 0.4046296296296296 0.013888888888888888 0.013888888888888888
0 0.6814814814814815 0.3861111111111111 0.013888888888888888 0.012962962962962963
0 0.6620370370370371 0.3611111111111111 0.012962962962962963 0.012962962962962963
0 0.6518518518518519 0.3314814814814815 0.012962962962962963 0.012962962962962963
0 0.6333333333333333 0.3675925925925926 0.012962962962962963 0.012962962962962963
0 0.6101851851851852 0.36944444444444446 0.012962962962962963 0.012037037037037037
0 0.6462962962962963 0.4101851851851852 0.012962962962962963 0.012962962962962963
0 0.6601851851851852 0.42962962962962964 0.013888888888888888 0.013888888888888888
0 0.6398148148148148 0.4537037037037037 0.012962962962962963 0.012962962962962963
0 0.600925925925926 0.44907407407407407 0.012962962962962963 0.012962962962962963
0 0.6287037037037037 0.5370370370370371 0.013888888888888888 0.013888888888888888
0 0.6388888888888888 0.5555555555555556 0.012962962962962963 0.012962962962962963
0 0.675 0.5064814814814815 0.013888888888888888 0.012962962962962963
0 0.6768518518518518 0.4638888888888889 0.012962962962962963 0.012962962962962963
0 0.7277777777777777 0.43425925925925923 0.013888888888888888 0.013888888888888888
0 0.6990740740740741 0.5212962962962963 0.013888888888888888 0.013888888888888888
0 0.7166666666666667 0.5481481481481482 0.012962962962962963 0.012962962962962963
0 0.7564814814814815 0.5814814814814815 0.012037037037037037 0.012962962962962963
0 0.7324074074074074 0.5833333333333334 0.012962962962962963 0.013888888888888888
0 0.7342592592592593 0.6231481481481481 0.013888888888888888 0.012962962962962963
0 0.7620370370370371 0.6416666666666667 0.012962962962962963 0.013888888888888888
0 0.7472222222222222 0.675 0.012962962962962963 0.013888888888888888
0 0.7166666666666667 0.6935185185185185 0.013888888888888888 0.013888888888888888
0 0.700925925925926 0.7 0.012962962962962963 0.012962962962962963
0 0.6953703703703704 0.637962962962963 0.012962962962962963 0.013888888888888888
0 0.6638888888888889 0.7092592592592593 0.012962962962962963 0.012962962962962963
0 0.6601851851851852 0.6888888888888889 0.013888888888888888 0.013888888888888888
0 0.6222222222222222 0.687037037037037 0.013888888888888888 0.012962962962962963
0 0.6166666666666667 0.6351851851851852 0.012962962962962963 0.012962962962962963
0 0.6537037037037037 0.6324074074074074 0.013888888888888888 0.012962962962962963
0 0.7092592592592593 0.5787037037037037 0.013888888888888888 0.012962962962962963
0 0.6092592592592593 0.725925925925926 0.012962962962962963 0.012962962962962963
0 0.6027777777777777 0.6675925925925926 0.012962962962962963 0.012962962962962963
0 0.5814814814814815 0.6592592592592592 0.012962962962962963 0.012962962962962963
0 0.5351851851851852 0.6694444444444444 0.012962962962962963 0.013888888888888888
0 0.5101851851851852 0.6768518518518518 0.012962962962962963 0.012962962962962963
0 0.5111111111111111 0.7148148148148148 0.012962962962962963 0.013888888888888888
0 0.4824074074074074 0.6481481481481481 0.013888888888888888 0.013888888888888888
0 0.5027777777777778 0.6351851851851852 0.013888888888888888 0.012962962962962963
0 0.5370370370370371 0.6129629629629629 0.012962962962962963 0.012962962962962963
0 0.4648148148148148 0.6129629629629629 0.012962962962962963 0.012962962962962963
0 0.6231481481481481 0.587037037037037 0.013888888888888888 0.013888888888888888
0 0.5879629629629629 0.5027777777777778 0.013888888888888888 0.012962962962962963
0 0.5777777777777777 0.5481481481481482 0.013888888888888888 0.013888888888888888
0 0.5351851851851852 0.5212962962962963 0.013888888888888888 0.012962962962962963
0 0.4685185185185185 0.5361111111111111 0.013888888888888888 0.013888888888888888
0 0.475 0.5120370370370371 0.013888888888888888 0.012962962962962963
0 0.5731481481481482 0.4564814814814815 0.014814814814814815 0.012962962962962963
0 0.5583333333333333 0.4722222222222222 0.013888888888888888 0.012962962962962963
0 0.4777777777777778 0.43148148148148147 0.013888888888888888 0.013888888888888888
0 0.5777777777777777 0.4101851851851852 0.012962962962962963 0.012962962962962963
0 0.46944444444444444 0.39814814814814814 0.013888888888888888 0.012962962962962963
0 0.46574074074074073 0.36944444444444446 0.012962962962962963 0.012962962962962963
0 0.46574074074074073 0.3472222222222222 0.013888888888888888 0.012962962962962963
0 0.4925925925925926 0.3314814814814815 0.012962962962962963 0.012962962962962963
1 0.5175925925925926 0.33055555555555555 0.016666666666666666 0.01574074074074074
0 0.5416666666666666 0.3333333333333333 0.013888888888888888 0.012962962962962963
0 0.5648148148148148 0.33796296296296297 0.013888888888888888 0.012962962962962963
0 0.43796296296296294 0.37407407407407406 0.013888888888888888 0.013888888888888888
0 0.3907407407407407 0.3925925925925926 0.013888888888888888 0.013888888888888888
0 0.3685185185185185 0.41203703703703703 0.013888888888888888 0.013888888888888888
0 0.33425925925925926 0.4305555555555556 0.014814814814814815 0.013888888888888888
0 0.3731481481481482 0.4666666666666667 0.012962962962962963 0.012962962962962963
0 0.4388888888888889 0.4527777777777778 0.013888888888888888 0.012962962962962963
0 0.4166666666666667 0.4398148148148148 0.012962962962962963 0.013888888888888888
0 0.4361111111111111 0.5037037037037037 0.013888888888888888 0.012962962962962963
0 0.4101851851851852 0.525 0.013888888888888888 0.012962962962962963
0 0.39166666666666666 0.5074074074074074 0.013888888888888888 0.013888888888888888
0 0.34444444444444444 0.5675925925925925 0.012962962962962963 0.013888888888888888
0 0.4212962962962963 0.5953703703703703 0.013888888888888888 0.012962962962962963
0 0.3675925925925926 0.5768518518518518 0.013888888888888888 0.012962962962962963
0 0.44351851851851853 0.6601851851851852 0.012962962962962963 0.013888888888888888
0 0.33055555555555555 0.6324074074074074 0.013888888888888888 0.013888888888888888
0 0.3055555555555556 0.5768518518518518 0.014814814814814815 0.012962962962962963
0 0.3101851851851852 0.4203703703703704 0.013888888888888888 0.012962962962962963
3 0.30833333333333335 0.44074074074074077 0.019444444444444445 0.018518518518518517
3 0.3 0.4648148148148148 0.019444444444444445 0.018518518518518517
3 0.3416666666666667 0.5092592592592593 0.018518518518518517 0.018518518518518517
0 0.30648148148148147 0.5388888888888889 0.013888888888888888 0.012962962962962963
3 0.325 0.5583333333333333 0.019444444444444445 0.018518518518518517
3 0.3490740740740741 0.5916666666666667 0.018518518518518517 0.019444444444444445
1 0.37777777777777777 0.637962962962963 0.01574074074074074 0.01574074074074074
3 0.3972222222222222 0.5972222222222222 0.019444444444444445 0.018518518518518517
3 0.3861111111111111 0.5638888888888889 0.018518518518518517 0.018518518518518517
3 0.35833333333333334 0.4351851851851852 0.019444444444444445 0.019444444444444445
3 0.39166666666666666 0.41944444444444445 0.019444444444444445 0.017592592592592594
3 0.38981481481481484 0.4842592592592593 0.018518518518518517 0.018518518518518517
3 0.4027777777777778 0.45740740740740743 0.018518518518518517 0.019444444444444445
3 0.4166666666666667 0.6675925925925926 0.018518518518518517 0.018518518518518517
3 0.4064814814814815 0.6425925925925926 0.019444444444444445 0.018518518518518517
3 0.43796296296296294 0.6240740740740741 0.018518518518518517 0.018518518518518517
3 0.4305555555555556 0.5712962962962963 0.017592592592592594 0.018518518518518517
3 0.41388888888888886 0.549074074074074 0.018518518518518517 0.018518518518518517
3 0.4083333333333333 0.5722222222222222 0.019444444444444445 0.019444444444444445
3 0.4546296296296296 0.487962962962963 0.018518518518518517 0.018518518518518517
3 0.4351851851851852 0.4759259259259259 0.018518518518518517 0.017592592592592594
3 0.48055555555555557 0.46944444444444444 0.018518518518518517 0.019444444444444445
1 0.44907407407407407 0.40185185185185185 0.016666666666666666 0.01574074074074074
3 0.4425925925925926 0.42962962962962964 0.018518518518518517 0.019444444444444445
3 0.4166666666666667 0.4203703703703704 0.019444444444444445 0.018518518518518517
3 0.4166666666666667 0.3814814814814815 0.019444444444444445 0.017592592592592594
3 0.45555555555555555 0.6981481481481482 0.018518518518518517 0.019444444444444445
3 0.5907407407407408 0.3314814814814815 0.019444444444444445 0.017592592592592594
3 0.5694444444444444 0.36018518518518516 0.018518518518518517 0.018518518518518517
3 0.5481481481481482 0.3962962962962963 0.018518518518518517 0.017592592592592594
3 0.5120370370370371 0.41574074074074074 0.018518518518518517 0.017592592592592594
3 0.4888888888888889 0.3592592592592593 0.018518518518518517 0.017592592592592594
3 0.5416666666666666 0.4601851851851852 0.018518518518518517 0.018518518518518517
3 0.55 0.4351851851851852 0.019444444444444445 0.019444444444444445
3 0.6175925925925926 0.39166666666666666 0.018518518518518517 0.017592592592592594
3 0.5981481481481481 0.40555555555555556 0.019444444444444445 0.018518518518518517
3 0.5907407407407408 0.4287037037037037 0.018518518518518517 0.018518518518518517
3 0.5898148148148148 0.4648148148148148 0.018518518518518517 0.018518518518518517
3 0.6037037037037037 0.47962962962962963 0.018518518518518517 0.018518518518518517
3 0.6296296296296297 0.475 0.018518518518518517 0.018518518518518517
3 0.6388888888888888 0.43425925925925923 0.018518518518518517 0.018518518518518517
3 0.612037037037037 0.525 0.018518518518518517 0.018518518518518517
3 0.5861111111111111 0.524074074074074 0.018518518518518517 0.018518518518518517
3 0.5611111111111111 0.5175925925925926 0.019444444444444445 0.018518518518518517
3 0.5157407407407407 0.5277777777777778 0.017592592592592594 0.017592592592592594
3 0.5018518518518519 0.5064814814814815 0.017592592592592594 0.017592592592592594
3 0.4898148148148148 0.5305555555555556 0.018518518518518517 0.017592592592592594
3 0.5092592592592593 0.5555555555555556 0.018518518518518517 0.018518518518518517
3 0.5657407407407408 0.5666666666666667 0.017592592592592594 0.017592592592592594
3 0.5888888888888889 0.5675925925925925 0.017592592592592594 0.016666666666666666
3 0.6148148148148148 0.5675925925925925 0.017592592592592594 0.019444444444444445
3 0.6351851851851852 0.6212962962962963 0.017592592592592594 0.017592592592592594
3 0.5990740740740741 0.6175925925925926 0.018518518518518517 0.019444444444444445
3 0.587037037037037 0.5944444444444444 0.017592592592592594 0.017592592592592594
3 0.5444444444444444 0.5879629629629629 0.019444444444444445 0.018518518518518517
3 0.4962962962962963 0.6074074074074074 0.018518518518518517 0.019444444444444445
3 0.525 0.6305555555555555 0.018518518518518517 0.018518518518518517
3 0.575925925925926 0.6212962962962963 0.017592592592592594 0.017592592592592594
3 0.562962962962963 0.6453703703703704 0.018518518518518517 0.018518518518518517
3 0.6370370370370371 0.6453703703703704 0.017592592592592594 0.018518518518518517
3 0.6222222222222222 0.6574074074074074 0.018518518518518517 0.019444444444444445
3 0.562037037037037 0.7231481481481481 0.018518518518518517 0.019444444444444445
3 0.6416666666666667 0.675 0.017592592592592594 0.018518518518518517
3 0.6564814814814814 0.5935185185185186 0.018518518518518517 0.017592592592592594
3 0.6601851851851852 0.5703703703703704 0.016666666666666666 0.019444444444444445
1 0.6537037037037037 0.537962962962963 0.01574074074074074 0.01574074074074074
3 0.6777777777777778 0.5268518518518519 0.018518518518518517 0.018518518518518517
3 0.6657407407407407 0.4009259259259259 0.018518518518518517 0.017592592592592594
3 0.6888888888888889 0.7222222222222222 0.019444444444444445 0.019444444444444445
3 0.7185185185185186 0.6398148148148148 0.018518518518518517 0.017592592592592594
3 0.7435185185185185 0.6472222222222223 0.018518518518518517 0.019444444444444445
3 0.700925925925926 0.6768518518518518 0.017592592592592594 0.018518518518518517
1 0.6972222222222222 0.5925925925925926 0.017592592592592594 0.01574074074074074
3 0.7203703703703703 0.600925925925926 0.018518518518518517 0.017592592592592594
3 0.6972222222222222 0.6148148148148148 0.017592592592592594 0.017592592592592594
3 0.7574074074074074 0.6203703703703703 0.019444444444444445 0.018518518518518517
3 0.7796296296296297 0.6324074074074074 0.017592592592592594 0.017592592592592594
1 0.812962962962963 0.6574074074074074 0.01574074074074074 0.01574074074074074
3 0.8148148148148148 0.6351851851851852 0.017592592592592594 0.017592592592592594
3 0.8342592592592593 0.65 0.018518518518518517 0.017592592592592594
3 0.8333333333333334 0.6194444444444445 0.017592592592592594 0.018518518518518517
3 0.8083333333333333 0.6055555555555555 0.017592592592592594 0.019444444444444445
3 0.7787037037037037 0.5768518518518518 0.018518518518518517 0.017592592592592594
3 0.7462962962962963 0.562037037037037 0.018518518518518517 0.019444444444444445
3 0.7611111111111111 0.5305555555555556 0.019444444444444445 0.017592592592592594
3 0.6972222222222222 0.5416666666666666 0.017592592592592594 0.017592592592592594
3 0.7018518518518518 0.4981481481481482 0.017592592592592594 0.017592592592592594
3 0.6944444444444444 0.475 0.018518518518518517 0.018518518518518517
1 0.7398148148148148 0.47962962962962963 0.01574074074074074 0.01574074074074074
3 0.7916666666666666 0.55 0.018518518518518517 0.017592592592592594
3 0.7814814814814814 0.4638888888888889 0.017592592592592594 0.017592592592592594
3 0.8166666666666667 0.5027777777777778 0.017592592592592594 0.017592592592592594
3 0.850925925925926 0.47685185185185186 0.018518518518518517 0.017592592592592594
3 0.850925925925926 0.42592592592592593 0.018518518518518517 0.017592592592592594
3 0.8194444444444444 0.3925925925925926 0.018518518518518517 0.017592592592592594
3 0.7638888888888888 0.3851851851851852 0.018518518518518517 0.019444444444444445
3 0.7638888888888888 0.44166666666666665 0.017592592592592594 0.017592592592592594
3 0.7055555555555556 0.375 0.018518518518518517 0.019444444444444445
3 0.7287037037037037 0.36018518518518516 0.017592592592592594 0.017592592592592594
3 0.7731481481481481 0.3435185185185185 0.018518518518518517 0.017592592592592594
3 0.8342592592592593 0.5277777777777778 0.018518518518518517 0.017592592592592594
3 0.8657407407407407 0.5185185185185185 0.017592592592592594 0.017592592592592594
3 0.8592592592592593 0.5592592592592592 0.017592592592592594 0.018518518518518517
3 0.8657407407407407 0.5842592592592593 0.017592592592592594 0.018518518518518517
3 0.862037037037037 0.6055555555555555 0.018518518518518517 0.017592592592592594
3 0.8296296296296296 0.462037037037037 0.017592592592592594 0.016666666666666666
0 0.7212962962962963 0.32037037037037036 0.013888888888888888 0.012962962962962963
0 0.7231481481481481 0.33611111111111114 0.013888888888888888 0.013888888888888888
1 0.7675925925925926 0.3212962962962963 0.01574074074074074 0.01574074074074074
0 0.8277777777777777 0.4148148148148148 0.012962962962962963 0.012962962962962963
3 0.7935185185185185 0.44351851851851853 0.018518518518518517 0.018518518518518517
0 0.7435185185185185 0.5138888888888888 0.012962962962962963 0.012962962962962963
0 0.737037037037037 0.3824074074074074 0.013888888888888888 0.013888888888888888
1 0.8194444444444444 0.36944444444444446 0.016666666666666666 0.01574074074074074
1 0.7814814814814814 0.4027777777777778 0.01574074074074074 0.01574074074074074
0 0.7777777777777778 0.36574074074074076 0.013888888888888888 0.012962962962962963
0 0.7037037037037037 0.3277777777777778 0.013888888888888888 0.012962962962962963
1 0.6851851851851852 0.36574074074074076 0.01574074074074074 0.01574074074074074
3 0.6842592592592592 0.41759259259259257 0.016666666666666666 0.017592592592592594
1 0.7111111111111111 0.4537037037037037 0.01574074074074074 0.01574074074074074
1 0.6592592592592592 0.4527777777777778 0.01574074074074074 0.01574074074074074
1 0.6324074074074074 0.49537037037037035 0.01574074074074074 0.01574074074074074
0 0.5777777777777777 0.31203703703703706 0.012962962962962963 0.012962962962962963
1 0.5370370370370371 0.4166666666666667 0.016666666666666666 0.01574074074074074
1 0.525 0.3925925925925926 0.01574074074074074 0.014814814814814815
1 0.487962962962963 0.38055555555555554 0.016666666666666666 0.01574074074074074
0 0.562037037037037 0.4148148148148148 0.012962962962962963 0.012037037037037037
0 0.5509259259259259 0.37222222222222223 0.013888888888888888 0.012962962962962963
1 0.46111111111111114 0.4425925925925926 0.01574074074074074 0.017592592592592594
1 0.4888888888888889 0.6685185185185185 0.01574074074074074 0.016666666666666666
1 0.46111111111111114 0.6509259259259259 0.01574074074074074 0.016666666666666666
1 0.47314814814814815 0.5944444444444444 0.01574074074074074 0.01574074074074074
0 0.30925925925925923 0.5944444444444444 0.013888888888888888 0.013888888888888888
0 0.35 0.4148148148148148 0.013888888888888888 0.012962962962962963
1 0.5657407407407408 0.5925925925925926 0.01574074074074074 0.016666666666666666
1 0.6861111111111111 0.6574074074074074 0.017592592592592594 0.019444444444444445
1 0.6175925925925926 0.6055555555555555 0.017592592592592594 0.017592592592592594