2 0.10648148148148148 0.45 0.018518518518518517 0.017592592592592594
2 0.13240740740740742 0.41759259259259257 0.018518518518518517 0.018518518518518517
2 0.13518518518518519 0.44814814814814813 0.018518518518518517 0.017592592592592594
2 0.17222222222222222 0.4740740740740741 0.019444444444444445 0.017592592592592594
2 0.14537037037037037 0.5296296296296297 0.018518518518518517 0.017592592592592594
2 0.12037037037037036 0.5009259259259259 0.017592592592592594 0.017592592592592594
2 0.16944444444444445 0.5203703703703704 0.018518518518518517 0.017592592592592594
2 0.1574074074074074 0.5509259259259259 0.018518518518518517 0.017592592592592594
2 0.1537037037037037 0.6166666666666667 0.017592592592592594 0.016666666666666666
2 0.15833333333333333 0.6601851851851852 0.016666666666666666 0.017592592592592594
2 0.20092592592592592 0.5962962962962963 0.017592592592592594 0.01574074074074074
2 0.2 0.5685185185185185 0.018518518518518517 0.017592592592592594
2 0.19907407407407407 0.5185185185185185 0.018518518518518517 0.017592592592592594
2 0.20925925925925926 0.49537037037037035 0.020370370370370372 0.017592592592592594
2 0.1962962962962963 0.47314814814814815 0.020370370370370372 0.018518518518518517
2 0.22037037037037038 0.4398148148148148 0.018518518518518517 0.017592592592592594
2 0.25277777777777777 0.3509259259259259 0.018518518518518517 0.018518518518518517
2 0.22777777777777777 0.3611111111111111 0.018518518518518517 0.017592592592592594
2 0.2064814814814815 0.362962962962963 0.018518518518518517 0.018518518518518517
2 0.2037037037037037 0.3398148148148148 0.020370370370370372 0.018518518518518517
2 0.2361111111111111 0.6981481481481482 0.017592592592592594 0.01574074074074074
2 0.26481481481481484 0.6583333333333333 0.018518518518518517 0.017592592592592594
2 0.2601851851851852 0.6259259259259259 0.017592592592592594 0.016666666666666666
2 0.24074074074074073 0.6407407407407407 0.018518518518518517 0.017592592592592594
2 0.24074074074074073 0.6148148148148148 0.018518518518518517 0.017592592592592594
2 0.2601851851851852 0.5731481481481482 0.017592592592592594 0.01574074074074074
2 0.2833333333333333 0.5546296296296296 0.017592592592592594 0.017592592592592594
2 0.2935185185185185 0.5259259259259259 0.017592592592592594 0.017592592592592594
2 0.2722222222222222 0.5277777777777778 0.018518518518518517 0.017592592592592594
2 0.27685185185185185 0.4861111111111111 0.018518518518518517 0.016666666666666666
2 0.25833333333333336 0.4740740740740741 0.018518518518518517 0.017592592592592594
2 0.25 0.4935185185185185 0.018518518518518517 0.017592592592592594
2 0.24074074074074073 0.45925925925925926 0.018518518518518517 0.017592592592592594
2 0.2564814814814815 0.4064814814814815 0.019444444444444445 0.018518518518518517
2 0.287962962962963 0.4222222222222222 0.018518518518518517 0.018518518518518517
2 0.29259259259259257 0.3972222222222222 0.018518518518518517 0.017592592592592594
2 0.29259259259259257 0.31666666666666665 0.018518518518518517 0.018518518518518517
2 0.30648148148148147 0.2962962962962963 0.020370370370370372 0.018518518518518517
2 0.31296296296296294 0.45 0.018518518518518517 0.017592592592592594
2 0.34629629629629627 0.3351851851851852 0.020370370370370372 0.020370370370370372
2 0.3731481481481482 0.3416666666666667 0.020370370370370372 0.017592592592592594
2 0.36574074074074076 0.37407407407407406 0.020370370370370372 0.017592592592592594
2 0.3814814814814815 0.42407407407407405 0.018518518518518517 0.018518518518518517
2 0.3592592592592593 0.45925925925925926 0.018518518518518517 0.017592592592592594
2 0.31574074074074077 0.4740740740740741 0.018518518518518517 0.017592592592592594
2 0.3314814814814815 0.5212962962962963 0.018518518518518517 0.017592592592592594
2 0.35555555555555557 0.5185185185185185 0.017592592592592594 0.017592592592592594
2 0.35185185185185186 0.5398148148148149 0.018518518518518517 0.018518518518518517
2 0.3287037037037037 0.5407407407407407 0.017592592592592594 0.017592592592592594
2 0.337037037037037 0.5796296296296296 0.017592592592592594 0.017592592592592594
2 0.38055555555555554 0.6 0.017592592592592594 0.017592592592592594
2 0.36018518518518516 0.6166666666666667 0.018518518518518517 0.017592592592592594
2 0.32037037037037036 0.6518518518518519 0.017592592592592594 0.017592592592592594
2 0.29444444444444445 0.6620370370370371 0.018518518518518517 0.017592592592592594
2 0.30185185185185187 0.6925925925925925 0.017592592592592594 0.017592592592592594
2 0.31851851851851853 0.6796296296296296 0.018518518518518517 0.017592592592592594
2 0.34814814814814815 0.6916666666666667 0.018518518518518517 0.016666666666666666
2 0.3648148148148148 0.6537037037037037 0.018518518518518517 0.017592592592592594
2 0.33055555555555555 0.22870370370370371 0.020370370370370372 0.020370370370370372
2 0.3907407407407407 0.25277777777777777 0.018518518518518517 0.020370370370370372
2 0.3990740740740741 0.3037037037037037 0.020370370370370372 0.018518518518518517
2 0.42685185185185187 0.29907407407407405 0.020370370370370372 0.019444444444444445
2 0.44907407407407407 0.2851851851851852 0.018518518518518517 0.019444444444444445
2 0.48055555555555557 0.30648148148148147 0.020370370370370372 0.018518518518518517
2 0.4824074074074074 0.3287037037037037 0.018518518518518517 0.019444444444444445
2 0.45555555555555555 0.33240740740740743 0.018518518518518517 0.019444444444444445
2 0.4009259259259259 0.41388888888888886 0.020370370370370372 0.019444444444444445
2 0.425 0.4305555555555556 0.018518518518518517 0.017592592592592594
2 0.5546296296296296 0.32407407407407407 0.020370370370370372 0.018518518518518517
2 0.5314814814814814 0.34444444444444444 0.020370370370370372 0.017592592592592594
2 0.5287037037037037 0.3675925925925926 0.019444444444444445 0.019444444444444445
2 0.49166666666666664 0.40185185185185185 0.018518518518518517 0.018518518518518517
2 0.5083333333333333 0.42407407407407405 0.018518518518518517 0.018518518518518517
2 0.524074074074074 0.44351851851851853 0.018518518518518517 0.018518518518518517
2 0.49074074074074076 0.4564814814814815 0.018518518518518517 0.017592592592592594
2 0.49166666666666664 0.48148148148148145 0.018518518518518517 0.017592592592592594
2 0.4462962962962963 0.5064814814814815 0.018518518518518517 0.018518518518518517
2 0.49166666666666664 0.5648148148148148 0.018518518518518517 0.017592592592592594
2 0.525 0.5657407407407408 0.018518518518518517 0.017592592592592594
2 0.4861111111111111 0.6083333333333333 0.018518518518518517 0.017592592592592594
2 0.4388888888888889 0.6074074074074074 0.018518518518518517 0.017592592592592594
2 0.40370370370370373 0.5953703703703703 0.018518518518518517 0.017592592592592594
2 0.38796296296296295 0.6407407407407407 0.018518518518518517 0.017592592592592594
2 0.4212962962962963 0.6407407407407407 0.018518518518518517 0.018518518518518517
2 0.44074074074074077 0.6268518518518519 0.017592592592592594 0.016666666666666666
2 0.462037037037037 0.6666666666666666 0.018518518518518517 0.01574074074074074
2 0.49444444444444446 0.6620370370370371 0.018518518518518517 0.017592592592592594
2 0.46296296296296297 0.7083333333333334 0.017592592592592594 0.01574074074074074
2 0.4425925925925926 0.725925925925926 0.017592592592592594 0.016666666666666666
2 0.41388888888888886 0.7287037037037037 0.018518518518518517 0.017592592592592594
2 0.38981481481481484 0.7379629629629629 0.017592592592592594 0.017592592592592594
2 0.5185185185185185 0.6805555555555556 0.018518518518518517 0.017592592592592594
2 0.5518518518518518 0.5666666666666667 0.020370370370370372 0.018518518518518517
2 0.5537037037037037 0.5916666666666667 0.019444444444444445 0.018518518518518517
2 0.5416666666666666 0.6481481481481481 0.018518518518518517 0.018518518518518517
2 0.5648148148148148 0.7046296296296296 0.018518518518518517 0.017592592592592594
2 0.5731481481481482 0.6861111111111111 0.018518518518518517 0.017592592592592594
2 0.5768518518518518 0.6361111111111111 0.018518518518518517 0.017592592592592594
2 0.5787037037037037 0.6018518518518519 0.018518518518518517 0.018518518518518517
2 0.5712962962962963 0.5009259259259259 0.018518518518518517 0.018518518518518517
2 0.6185185185185185 0.48703703703703705 0.019444444444444445 0.017592592592592594
2 0.6129629629629629 0.5287037037037037 0.018518518518518517 0.017592592592592594
2 0.6064814814814815 0.5842592592592593 0.019444444444444445 0.018518518518518517
2 0.6092592592592593 0.6055555555555555 0.018518518518518517 0.017592592592592594
2 0.6166666666666667 0.6259259259259259 0.019444444444444445 0.018518518518518517
2 0.6027777777777777 0.6537037037037037 0.018518518518518517 0.017592592592592594
2 0.5981481481481481 0.6805555555555556 0.018518518518518517 0.017592592592592594
2 0.5648148148148148 0.44351851851851853 0.018518518518518517 0.018518518518518517
2 0.5944444444444444 0.41574074074074074 0.019444444444444445 0.018518518518518517
2 0.5953703703703703 0.43796296296296294 0.018518518518518517 0.018518518518518517
2 0.5962962962962963 0.3611111111111111 0.020370370370370372 0.018518518518518517
2 0.625 0.35462962962962963 0.021296296296296296 0.018518518518518517
2 0.6805555555555556 0.3814814814814815 0.019444444444444445 0.019444444444444445
2 0.662962962962963 0.40555555555555556 0.019444444444444445 0.019444444444444445
2 0.6787037037037037 0.4425925925925926 0.019444444444444445 0.018518518518518517
2 0.700925925925926 0.48703703703703705 0.019444444444444445 0.018518518518518517
2 0.700925925925926 0.5324074074074074 0.018518518518518517 0.018518518518518517
2 0.6777777777777778 0.5277777777777778 0.020370370370370372 0.017592592592592594
2 0.6601851851851852 0.575925925925926 0.020370370370370372 0.018518518518518517
2 0.6935185185185185 0.6129629629629629 0.018518518518518517 0.017592592592592594
2 0.6777777777777778 0.6287037037037037 0.017592592592592594 0.017592592592592594
2 0.6472222222222223 0.6111111111111112 0.018518518518518517 0.018518518518518517
2 0.6416666666666667 0.6342592592592593 0.018518518518518517 0.018518518518518517
2 0.6296296296296297 0.6555555555555556 0.019444444444444445 0.018518518518518517
2 0.6407407407407407 0.7 0.019444444444444445 0.018518518518518517
2 0.674074074074074 0.7046296296296296 0.018518518518518517 0.017592592592592594
2 0.7046296296296296 0.6787037037037037 0.018518518518518517 0.018518518518518517
2 0.7018518518518518 0.6518518518518519 0.020370370370370372 0.018518518518518517
2 0.5768518518518518 0.2351851851851852 0.020370370370370372 0.020370370370370372
2 0.6694444444444444 0.22407407407407406 0.020370370370370372 0.021296296296296296
2 0.6981481481481482 0.19444444444444445 0.020370370370370372 0.022222222222222223
2 0.6972222222222222 0.2212962962962963 0.020370370370370372 0.020370370370370372
2 0.6787037037037037 0.2601851851851852 0.019444444444444445 0.020370370370370372
2 0.6555555555555556 0.28703703703703703 0.020370370370370372 0.021296296296296296
2 0.7851851851851852 0.20092592592592592 0.020370370370370372 0.021296296296296296
2 0.7620370370370371 0.22592592592592592 0.022222222222222223 0.022222222222222223
2 0.712037037037037 0.26666666666666666 0.020370370370370372 0.022222222222222223
2 0.7342592592592593 0.27685185185185185 0.020370370370370372 0.020370370370370372
2 0.7027777777777777 0.30833333333333335 0.020370370370370372 0.020370370370370372
2 0.6962962962962963 0.3425925925925926 0.020370370370370372 0.020370370370370372
2 0.7444444444444445 0.2972222222222222 0.020370370370370372 0.020370370370370372
2 0.8064814814814815 0.262037037037037 0.020370370370370372 0.020370370370370372
2 0.7907407407407407 0.2851851851851852 0.020370370370370372 0.020370370370370372
2 0.7666666666666667 0.3101851851851852 0.020370370370370372 0.020370370370370372
2 0.7490740740740741 0.32222222222222224 0.021296296296296296 0.020370370370370372
2 0.7175925925925926 0.35648148148148145 0.020370370370370372 0.019444444444444445
2 0.712037037037037 0.3962962962962963 0.021296296296296296 0.018518518518518517
2 0.7287037037037037 0.37962962962962965 0.020370370370370372 0.020370370370370372
2 0.7694444444444445 0.35 0.020370370370370372 0.018518518518518517
2 0.7907407407407407 0.36666666666666664 0.018518518518518517 0.019444444444444445
2 0.7648148148148148 0.3731481481481482 0.021296296296296296 0.018518518518518517
2 0.7703703703703704 0.4 0.019444444444444445 0.020370370370370372
2 0.7962962962962963 0.39351851851851855 0.021296296296296296 0.020370370370370372
2 0.725925925925926 0.4740740740740741 0.020370370370370372 0.019444444444444445
2 0.7657407407407407 0.4703703703703704 0.020370370370370372 0.018518518518518517
2 0.8083333333333333 0.5166666666666667 0.020370370370370372 0.018518518518518517
2 0.7574074074074074 0.5203703703703704 0.020370370370370372 0.018518518518518517
2 0.7444444444444445 0.5416666666666666 0.019444444444444445 0.017592592592592594
2 0.7462962962962963 0.7268518518518519 0.020370370370370372 0.018518518518518517
2 0.7277777777777777 0.662962962962963 0.018518518518518517 0.018518518518518517
2 0.7490740740740741 0.6527777777777778 0.019444444444444445 0.017592592592592594
2 0.7962962962962963 0.6675925925925926 0.020370370370370372 0.019444444444444445
2 0.7638888888888888 0.6222222222222222 0.019444444444444445 0.017592592592592594
2 0.725925925925926 0.5981481481481481 0.020370370370370372 0.018518518518518517
2 0.7407407407407407 0.5685185185185185 0.018518518518518517 0.017592592592592594
2 0.7527777777777778 0.5851851851851851 0.020370370370370372 0.017592592592592594
2 0.8092592592592592 0.5824074074074074 0.020370370370370372 0.018518518518518517
2 0.8425925925925926 0.5601851851851852 0.020370370370370372 0.018518518518518517
2 0.887962962962963 0.5259259259259259 0.020370370370370372 0.018518518518518517
2 0.8916666666666667 0.49907407407407406 0.020370370370370372 0.018518518518518517
2 0.8666666666666667 0.5037037037037037 0.021296296296296296 0.018518518518518517
2 0.8555555555555555 0.4824074074074074 0.021296296296296296 0.017592592592592594
2 0.8805555555555555 0.4546296296296296 0.021296296296296296 0.020370370370370372
2 0.8333333333333334 0.36666666666666664 0.021296296296296296 0.018518518518518517
2 0.8564814814814815 0.3055555555555556 0.020370370370370372 0.018518518518518517
2 0.8379629629629629 0.29074074074074074 0.021296296296296296 0.020370370370370372
2 0.8231481481481482 0.3194444444444444 0.021296296296296296 0.020370370370370372
1 0.16203703703703703 0.5907407407407408 0.020370370370370372 0.020370370370370372
1 0.2212962962962963 0.6203703703703703 0.019444444444444445 0.019444444444444445
1 0.24722222222222223 0.674074074074074 0.020370370370370372 0.020370370370370372
1 0.2388888888888889 0.5601851851851852 0.021296296296296296 0.020370370370370372
1 0.21574074074074073 0.5509259259259259 0.020370370370370372 0.020370370370370372
1 0.24351851851851852 0.5175925925925926 0.021296296296296296 0.020370370370370372
1 0.12685185185185185 0.4777777777777778 0.021296296296296296 0.021296296296296296
1 0.24074074074074073 0.38055555555555554 0.020370370370370372 0.020370370370370372
1 0.22314814814814815 0.4 0.021296296296296296 0.020370370370370372
1 0.18055555555555555 0.4027777777777778 0.020370370370370372 0.020370370370370372
1 0.17685185185185184 0.3712962962962963 0.021296296296296296 0.020370370370370372
1 0.32592592592592595 0.31574074074074077 0.021296296296296296 0.021296296296296296
1 0.3148148148148148 0.3416666666666667 0.021296296296296296 0.021296296296296296
1 0.3638888888888889 0.4111111111111111 0.020370370370370372 0.020370370370370372
1 0.3296296296296296 0.4083333333333333 0.020370370370370372 0.020370370370370372
1 0.31296296296296294 0.42685185185185187 0.021296296296296296 0.021296296296296296
1 0.2916666666666667 0.4527777777777778 0.020370370370370372 0.021296296296296296
1 0.35185185185185186 0.48055555555555557 0.021296296296296296 0.020370370370370372
1 0.2740740740740741 0.5064814814814815 0.021296296296296296 0.020370370370370372
1 0.2972222222222222 0.4861111111111111 0.020370370370370372 0.020370370370370372
1 0.3351851851851852 0.6 0.020370370370370372 0.020370370370370372
1 0.33425925925925926 0.7111111111111111 0.019444444444444445 0.018518518518518517
1 0.4046296296296296 0.6296296296296297 0.021296296296296296 0.020370370370370372
1 0.4212962962962963 0.6185185185185185 0.021296296296296296 0.020370370370370372
1 0.45925925925925926 0.6018518518518519 0.021296296296296296 0.019444444444444445
1 0.4583333333333333 0.5666666666666667 0.021296296296296296 0.019444444444444445
1 0.43425925925925923 0.5546296296296296 0.021296296296296296 0.020370370370370372
1 0.4074074074074074 0.5537037037037037 0.020370370370370372 0.020370370370370372
1 0.387037037037037 0.5768518518518518 0.020370370370370372 0.020370370370370372
1 0.425 0.5194444444444445 0.021296296296296296 0.020370370370370372
1 0.45 0.43333333333333335 0.021296296296296296 0.021296296296296296
3 0.4111111111111111 0.2759259259259259 0.025 0.025
1 0.4027777777777778 0.22314814814814815 0.022222222222222223 0.023148148148148147
1 0.46111111111111114 0.24444444444444444 0.022222222222222223 0.022222222222222223
1 0.5472222222222223 0.2037037037037037 0.022222222222222223 0.022222222222222223
1 0.475 0.2740740740740741 0.022222222222222223 0.022222222222222223
1 0.5537037037037037 0.24259259259259258 0.022222222222222223 0.022222222222222223
1 0.5805555555555556 0.30185185185185187 0.022222222222222223 0.022222222222222223
1 0.5703703703703704 0.3592592592592593 0.022222222222222223 0.022222222222222223
1 0.5342592592592592 0.29907407407407405 0.022222222222222223 0.022222222222222223
1 0.5138888888888888 0.32222222222222224 0.021296296296296296 0.022222222222222223
1 0.5268518518518519 0.6203703703703703 0.021296296296296296 0.020370370370370372
1 0.5148148148148148 0.6583333333333333 0.020370370370370372 0.019444444444444445
1 0.5462962962962963 0.6824074074074075 0.020370370370370372 0.019444444444444445
1 0.5925925925925926 0.5138888888888888 0.021296296296296296 0.020370370370370372
1 0.4824074074074074 0.6861111111111111 0.020370370370370372 0.019444444444444445
3 0.45925925925925926 0.687962962962963 0.022222222222222223 0.022222222222222223
1 0.45555555555555555 0.6425925925925926 0.020370370370370372 0.019444444444444445
1 0.4703703703703704 0.6222222222222222 0.020370370370370372 0.020370370370370372
3 0.5416666666666666 0.7287037037037037 0.023148148148148147 0.022222222222222223
1 0.5185185185185185 0.7074074074074074 0.020370370370370372 0.019444444444444445
1 0.6333333333333333 0.7435185185185185 0.020370370370370372 0.019444444444444445
1 0.6166666666666667 0.7138888888888889 0.021296296296296296 0.020370370370370372
3 0.5907407407407408 0.7175925925925926 0.023148148148148147 0.022222222222222223
0 0.6175925925925926 0.6861111111111111 0.017592592592592594 0.017592592592592594
1 0.6444444444444445 0.674074074074074 0.021296296296296296 0.019444444444444445
1 0.6666666666666666 0.649074074074074 0.021296296296296296 0.020370370370370372
1 0.6611111111111111 0.5120370370370371 0.021296296296296296 0.020370370370370372
0 0.6361111111111111 0.5055555555555555 0.017592592592592594 0.017592592592592594
1 0.6527777777777778 0.4305555555555556 0.021296296296296296 0.021296296296296296
0 0.6175925925925926 0.44722222222222224 0.018518518518518517 0.017592592592592594
1 0.6768518518518518 0.31203703703703706 0.022222222222222223 0.022222222222222223
1 0.7314814814814815 0.42407407407407405 0.022222222222222223 0.021296296296296296
1 0.7685185185185185 0.7101851851851851 0.021296296296296296 0.020370370370370372
1 0.6935185185185185 0.725 0.020370370370370372 0.019444444444444445
1 0.8194444444444444 0.49166666666666664 0.022222222222222223 0.021296296296296296
1 0.8527777777777777 0.3888888888888889 0.024074074074074074 0.022222222222222223
0 0.21851851851851853 0.6694444444444444 0.01574074074074074 0.01574074074074074
0 0.1685185185185185 0.6407407407407407 0.01574074074074074 0.014814814814814815
0 0.22037037037037038 0.575 0.016666666666666666 0.016666666666666666
0 0.175 0.5722222222222222 0.017592592592592594 0.01574074074074074
0 0.1425925925925926 0.5703703703703704 0.017592592592592594 0.014814814814814815
0 0.23055555555555557 0.4861111111111111 0.018518518518518517 0.017592592592592594
0 0.14907407407407408 0.4685185185185185 0.016666666666666666 0.017592592592592594
0 0.15555555555555556 0.42407407407407405 0.018518518518518517 0.01574074074074074
0 0.18796296296296297 0.4305555555555556 0.018518518518518517 0.016666666666666666
0 0.2074074074074074 0.4166666666666667 0.017592592592592594 0.01574074074074074
0 0.2 0.44537037037037036 0.017592592592592594 0.017592592592592594
0 0.22870370370370371 0.4203703703703704 0.017592592592592594 0.017592592592592594
0 0.1814814814814815 0.34814814814814815 0.017592592592592594 0.016666666666666666
0 0.1527777777777778 0.36944444444444446 0.017592592592592594 0.017592592592592594
0 0.2324074074074074 0.3296296296296296 0.017592592592592594 0.018518518518518517
0 0.287962962962963 0.2861111111111111 0.017592592592592594 0.017592592592592594
0 0.3351851851851852 0.2611111111111111 0.018518518518518517 0.018518518518518517
0 0.33055555555555555 0.28703703703703703 0.018518518518518517 0.017592592592592594
0 0.3907407407407407 0.32592592592592595 0.017592592592592594 0.017592592592592594
0 0.3537037037037037 0.3537037037037037 0.017592592592592594 0.017592592592592594
0 0.3425925925925926 0.3907407407407407 0.017592592592592594 0.017592592592592594
0 0.3148148148148148 0.39166666666666666 0.018518518518518517 0.017592592592592594
0 0.26851851851851855 0.362962962962963 0.017592592592592594 0.017592592592592594
0 0.2712962962962963 0.38425925925925924 0.018518518518518517 0.017592592592592594
0 0.27314814814814814 0.43703703703703706 0.017592592592592594 0.017592592592592594
0 0.3388888888888889 0.43703703703703706 0.018518518518518517 0.017592592592592594
0 0.36018518518518516 0.43425925925925923 0.017592592592592594 0.017592592592592594
0 0.3768518518518518 0.4759259259259259 0.017592592592592594 0.017592592592592594
0 0.387037037037037 0.5435185185185185 0.016666666666666666 0.01574074074074074
0 0.3787037037037037 0.5583333333333333 0.016666666666666666 0.01574074074074074
0 0.3490740740740741 0.5009259259259259 0.017592592592592594 0.01574074074074074
0 0.35648148148148145 0.5583333333333333 0.017592592592592594 0.016666666666666666
0 0.3648148148148148 0.575 0.016666666666666666 0.016666666666666666
0 0.362962962962963 0.5916666666666667 0.017592592592592594 0.01574074074074074
0 0.32407407407407407 0.562962962962963 0.017592592592592594 0.01574074074074074
0 0.30462962962962964 0.5805555555555556 0.017592592592592594 0.01574074074074074
0 0.26296296296296295 0.5907407407407408 0.01574074074074074 0.016666666666666666
0 0.30648148148148147 0.6314814814814815 0.016666666666666666 0.016666666666666666
0 0.38055555555555554 0.6212962962962963 0.017592592592592594 0.01574074074074074
0 0.3851851851851852 0.6583333333333333 0.016666666666666666 0.017592592592592594
0 0.26296296296296295 0.7 0.017592592592592594 0.01574074074074074
0 0.28703703703703703 0.7101851851851851 0.018518518518518517 0.014814814814814815
0 0.40370370370370373 0.6824074074074075 0.017592592592592594 0.017592592592592594
0 0.42962962962962964 0.6824074074074075 0.018518518518518517 0.016666666666666666
0 0.4703703703703704 0.7388888888888889 0.017592592592592594 0.01574074074074074
0 0.5148148148148148 0.7398148148148148 0.018518518518518517 0.01574074074074074
1 0.5638888888888889 0.6592592592592592 0.021296296296296296 0.020370370370370372
0 0.5787037037037037 0.575 0.017592592592592594 0.016666666666666666
0 0.5351851851851852 0.5944444444444444 0.017592592592592594 0.016666666666666666
0 0.5083333333333333 0.6037037037037037 0.017592592592592594 0.016666666666666666
1 0.48055555555555557 0.6472222222222223 0.020370370370370372 0.020370370370370372
0 0.5574074074074075 0.5472222222222223 0.017592592592592594 0.017592592592592594
0 0.5648148148148148 0.5203703703703704 0.018518518518518517 0.016666666666666666
0 0.5435185185185185 0.5277777777777778 0.018518518518518517 0.016666666666666666
0 0.5342592592592592 0.5009259259259259 0.017592592592592594 0.017592592592592594
0 0.5231481481481481 0.5231481481481481 0.017592592592592594 0.017592592592592594
0 0.512962962962963 0.49444444444444446 0.018518518518518517 0.017592592592592594
0 0.47314814814814815 0.49722222222222223 0.018518518518518517 0.016666666666666666
0 0.4666666666666667 0.5222222222222223 0.017592592592592594 0.017592592592592594
0 0.44166666666666665 0.5361111111111111 0.017592592592592594 0.017592592592592594
0 0.40370370370370373 0.5203703703703704 0.017592592592592594 0.017592592592592594
0 0.3990740740740741 0.47129629629629627 0.018518518518518517 0.017592592592592594
0 0.39444444444444443 0.39351851851851855 0.018518518518518517 0.016666666666666666
0 0.44166666666666665 0.45740740740740743 0.018518518518518517 0.017592592592592594
0 0.4222222222222222 0.4009259259259259 0.018518518518518517 0.017592592592592594
0 0.4074074074074074 0.3435185185185185 0.018518518518518517 0.017592592592592594
0 0.45185185185185184 0.30833333333333335 0.018518518518518517 0.017592592592592594
0 0.4388888888888889 0.3574074074074074 0.018518518518518517 0.017592592592592594
0 0.5277777777777778 0.4166666666666667 0.017592592592592594 0.017592592592592594
0 0.42685185185185187 0.225 0.018518518518518517 0.017592592592592594
0 0.4925925925925926 0.22870370370370371 0.018518518518518517 0.019444444444444445
0 0.5222222222222223 0.21851851851851853 0.018518518518518517 0.019444444444444445
0 0.6101851851851852 0.25 0.018518518518518517 0.018518518518518517
0 0.6166666666666667 0.3351851851851852 0.018518518518518517 0.018518518518518517
0 0.6166666666666667 0.3824074074074074 0.018518518518518517 0.017592592592592594
0 0.5916666666666667 0.39537037037037037 0.018518518518518517 0.017592592592592594
0 0.5509259259259259 0.37592592592592594 0.018518518518518517 0.017592592592592594
0 0.5453703703703704 0.4 0.018518518518518517 0.017592592592592594
0 0.5462962962962963 0.42962962962962964 0.017592592592592594 0.017592592592592594
0 0.5435185185185185 0.4564814814814815 0.018518518518518517 0.017592592592592594
0 0.5425925925925926 0.4787037037037037 0.017592592592592594 0.017592592592592594
0 0.6574074074074074 0.45092592592592595 0.018518518518518517 0.017592592592592594
0 0.6444444444444445 0.3111111111111111 0.020370370370370372 0.019444444444444445
0 0.5916666666666667 0.6203703703703703 0.017592592592592594 0.016666666666666666
0 0.6694444444444444 0.6037037037037037 0.016666666666666666 0.017592592592592594
0 0.6537037037037037 0.7203703703703703 0.017592592592592594 0.016666666666666666
0 0.5990740740740741 0.7398148148148148 0.017592592592592594 0.017592592592592594
0 0.6768518518518518 0.7481481481481481 0.017592592592592594 0.016666666666666666
0 0.7185185185185186 0.7379629629629629 0.018518518518518517 0.016666666666666666
0 0.7407407407407407 0.6888888888888889 0.017592592592592594 0.017592592592592594
0 0.7101851851851851 0.6240740740740741 0.018518518518518517 0.016666666666666666
0 0.6898148148148148 0.5898148148148148 0.018518518518518517 0.016666666666666666
0 0.6796296296296296 0.5574074074074075 0.016666666666666666 0.016666666666666666
0 0.7175925925925926 0.5527777777777778 0.018518518518518517 0.017592592592592594
0 0.7111111111111111 0.575925925925926 0.018518518518518517 0.017592592592592594
0 0.7962962962962963 0.6935185185185185 0.018518518518518517 0.017592592592592594
0 0.7935185185185185 0.6101851851851852 0.018518518518518517 0.017592592592592594
0 0.7666666666666667 0.6037037037037037 0.018518518518518517 0.017592592592592594
0 0.7675925925925926 0.5564814814814815 0.018518518518518517 0.017592592592592594
0 0.7814814814814814 0.5333333333333333 0.019444444444444445 0.016666666666666666
0 0.7305555555555555 0.524074074074074 0.018518518518518517 0.017592592592592594
0 0.7203703703703703 0.5083333333333333 0.019444444444444445 0.017592592592592594
0 0.7861111111111111 0.47962962962962963 0.018518518518518517 0.017592592592592594
1 0.7888888888888889 0.4527777777777778 0.023148148148148147 0.021296296296296296
0 0.7148148148148148 0.45 0.018518518518518517 0.017592592592592594
0 0.7037037037037037 0.41944444444444445 0.017592592592592594 0.017592592592592594
0 0.7481481481481481 0.3972222222222222 0.018518518518518517 0.019444444444444445
0 0.7444444444444445 0.3537037037037037 0.019444444444444445 0.018518518518518517
0 0.7981481481481482 0.31574074074074077 0.019444444444444445 0.018518518518518517
0 0.7731481481481481 0.27037037037037037 0.021296296296296296 0.020370370370370372
0 0.7555555555555555 0.2574074074074074 0.020370370370370372 0.021296296296296296
0 0.7379629629629629 0.2388888888888889 0.020370370370370372 0.019444444444444445
0 0.6472222222222223 0.24814814814814815 0.018518518518518517 0.019444444444444445
0 0.7962962962962963 0.2351851851851852 0.019444444444444445 0.020370370370370372
0 0.6287037037037037 0.21296296296296297 0.018518518518518517 0.019444444444444445
0 0.8435185185185186 0.337037037037037 0.020370370370370372 0.018518518518518517
0 0.8101851851851852 0.34629629629629627 0.018518518518518517 0.018518518518518517
0 0.837037037037037 0.4212962962962963 0.018518518518518517 0.017592592592592594
0 0.8157407407407408 0.4648148148148148 0.019444444444444445 0.017592592592592594
0 0.8351851851851851 0.46944444444444444 0.018518518518518517 0.017592592592592594
0 0.8564814814814815 0.45740740740740743 0.020370370370370372 0.017592592592592594
0 0.8777777777777778 0.4759259259259259 0.020370370370370372 0.018518518518518517
0 0.9148148148148149 0.5194444444444445 0.019444444444444445 0.017592592592592594
0 0.8981481481481481 0.5777777777777777 0.019444444444444445 0.017592592592592594
0 0.8638888888888889 0.549074074074074 0.018518518518518517 0.017592592592592594
0 0.8212962962962963 0.6546296296296297 0.017592592592592594 0.016666666666666666
3 0.2064814814814815 0.6990740740740741 0.022222222222222223 0.021296296296296296
3 0.2074074074074074 0.6435185185185185 0.022222222222222223 0.022222222222222223
3 0.18703703703703703 0.6648148148148149 0.022222222222222223 0.021296296296296296
3 0.18425925925925926 0.6212962962962963 0.022222222222222223 0.022222222222222223
3 0.23703703703703705 0.5907407407407408 0.023148148148148147 0.021296296296296296
1 0.12129629629629629 0.5444444444444444 0.021296296296296296 0.020370370370370372
3 0.18981481481481483 0.5407407407407407 0.023148148148148147 0.022222222222222223
3 0.14722222222222223 0.5 0.023148148148148147 0.023148148148148147
3 0.17962962962962964 0.4981481481481482 0.023148148148148147 0.023148148148148147
3 0.2212962962962963 0.524074074074074 0.022222222222222223 0.023148148148148147
3 0.25462962962962965 0.5398148148148149 0.023148148148148147 0.021296296296296296
1 0.17222222222222222 0.4462962962962963 0.021296296296296296 0.021296296296296296
3 0.1537037037037037 0.39814814814814814 0.024074074074074074 0.023148148148148147
3 0.21851851851851853 0.462037037037037 0.022222222222222223 0.023148148148148147
3 0.2518518518518518 0.43425925925925923 0.023148148148148147 0.022222222222222223
3 0.2518518518518518 0.3074074074074074 0.023148148148148147 0.025925925925925925
3 0.21388888888888888 0.3101851851851852 0.024074074074074074 0.025
3 0.3101851851851852 0.25925925925925924 0.025 0.025925925925925925
3 0.36203703703703705 0.24259259259259258 0.025 0.026851851851851852
3 0.36666666666666664 0.2796296296296296 0.025 0.025
3 0.36574074074074076 0.3111111111111111 0.025 0.025
3 0.32685185185185184 0.36944444444444446 0.023148148148148147 0.025
3 0.2796296296296296 0.34074074074074073 0.024074074074074074 0.024074074074074074
3 0.29444444444444445 0.37222222222222223 0.025 0.025
3 0.4064814814814815 0.37037037037037035 0.025 0.025
3 0.41388888888888886 0.4537037037037037 0.023148148148148147 0.023148148148148147
3 0.38055555555555554 0.45092592592592595 0.023148148148148147 0.025
3 0.3333333333333333 0.462037037037037 0.023148148148148147 0.023148148148148147
3 0.4601851851851852 0.20277777777777778 0.026851851851851852 0.026851851851851852
3 0.42777777777777776 0.3287037037037037 0.023148148148148147 0.025
3 0.5194444444444445 0.25925925925925924 0.025 0.025
3 0.5046296296296297 0.2898148148148148 0.025 0.025
3 0.5046296296296297 0.36203703703703705 0.024074074074074074 0.025
3 0.47129629629629627 0.36944444444444446 0.023148148148148147 0.025
3 0.45092592592592595 0.3888888888888889 0.025 0.025
3 0.4675925925925926 0.41759259259259257 0.024074074074074074 0.024074074074074074
3 0.512962962962963 0.38981481481481484 0.024074074074074074 0.025
3 0.4666666666666667 0.4601851851851852 0.024074074074074074 0.024074074074074074
3 0.5166666666666667 0.46944444444444444 0.025 0.024074074074074074
3 0.3768518518518518 0.524074074074074 0.022222222222222223 0.023148148148148147
3 0.3990740740740741 0.49722222222222223 0.023148148148148147 0.023148148148148147
3 0.42314814814814816 0.4861111111111111 0.023148148148148147 0.023148148148148147
3 0.4527777777777778 0.4824074074074074 0.023148148148148147 0.024074074074074074
3 0.4925925925925926 0.5111111111111111 0.025 0.023148148148148147
3 0.5009259259259259 0.5416666666666666 0.023148148148148147 0.024074074074074074
3 0.5111111111111111 0.5833333333333334 0.024074074074074074 0.023148148148148147
3 0.48055555555555557 0.5861111111111111 0.023148148148148147 0.022222222222222223
3 0.5018518518518519 0.6324074074074074 0.023148148148148147 0.023148148148148147
3 0.43703703703703706 0.5833333333333334 0.023148148148148147 0.024074074074074074
3 0.4101851851851852 0.575925925925926 0.023148148148148147 0.023148148148148147
3 0.37592592592592594 0.6768518518518518 0.023148148148148147 0.022222222222222223
3 0.40925925925925927 0.6592592592592592 0.023148148148148147 0.022222222222222223
1 0.4351851851851852 0.6601851851851852 0.021296296296296296 0.019444444444444445
3 0.4925925925925926 0.7203703703703703 0.023148148148148147 0.023148148148148147
3 0.42685185185185187 0.7046296296296296 0.023148148148148147 0.021296296296296296
3 0.43425925925925923 0.7527777777777778 0.023148148148148147 0.021296296296296296
3 0.39537037037037037 0.7055555555555556 0.023148148148148147 0.022222222222222223
3 0.3685185185185185 0.7175925925925926 0.022222222222222223 0.022222222222222223
3 0.3490740740740741 0.6361111111111111 0.023148148148148147 0.022222222222222223
3 0.3453703703703704 0.662962962962963 0.023148148148148147 0.022222222222222223
1 0.3101851851851852 0.7240740740740741 0.019444444444444445 0.019444444444444445
3 0.32685185185185184 0.6222222222222222 0.023148148148148147 0.022222222222222223
3 0.30833333333333335 0.600925925925926 0.023148148148148147 0.022222222222222223
3 0.32592592592592595 0.49444444444444446 0.022222222222222223 0.022222222222222223
3 0.3037037037037037 0.5083333333333333 0.022222222222222223 0.023148148148148147
3 0.30462962962962964 0.5472222222222223 0.022222222222222223 0.023148148148148147
3 0.2851851851851852 0.575 0.023148148148148147 0.023148148148148147
3 0.2796296296296296 0.6092592592592593 0.023148148148148147 0.023148148148148147
3 0.2824074074074074 0.6425925925925926 0.022222222222222223 0.022222222222222223
3 0.5675925925925925 0.7462962962962963 0.022222222222222223 0.022222222222222223
3 0.5583333333333333 0.6175925925925926 0.025 0.024074074074074074
3 0.5861111111111111 0.5444444444444444 0.024074074074074074 0.023148148148148147
3 0.625 0.5583333333333333 0.025 0.022222222222222223
3 0.6370370370370371 0.5314814814814814 0.025 0.023148148148148147
3 0.6314814814814815 0.5879629629629629 0.025 0.023148148148148147
1 0.6574074074074074 0.549074074074074 0.021296296296296296 0.021296296296296296
3 0.5685185185185185 0.4740740740740741 0.025 0.023148148148148147
3 0.6018518518518519 0.4666666666666667 0.025 0.025
3 0.6425925925925926 0.48333333333333334 0.025 0.025
1 0.6777777777777778 0.4925925925925926 0.021296296296296296 0.021296296296296296
3 0.674074074074074 0.4675925925925926 0.025 0.024074074074074074
3 0.6259259259259259 0.412962962962963 0.025 0.025
3 0.5703703703703704 0.4046296296296296 0.024074074074074074 0.025
3 0.6453703703703704 0.375 0.025 0.025
3 0.65 0.34074074074074073 0.025 0.025925925925925925
3 0.5851851851851851 0.33055555555555555 0.025 0.025
3 0.6157407407407407 0.29814814814814816 0.025 0.025
1 0.625 0.26944444444444443 0.022222222222222223 0.022222222222222223
3 0.5944444444444444 0.26851851851851855 0.025 0.026851851851851852
3 0.5555555555555556 0.2740740740740741 0.025 0.026851851851851852
1 0.6722222222222223 0.19537037037037036 0.023148148148148147 0.025
3 0.7240740740740741 0.20277777777777778 0.025925925925925925 0.027777777777777776
3 0.7092592592592593 0.24351851851851852 0.026851851851851852 0.026851851851851852
3 0.8361111111111111 0.2657407407407407 0.026851851851851852 0.026851851851851852
1 0.7222222222222222 0.32222222222222224 0.022222222222222223 0.022222222222222223
3 0.8231481481481482 0.4 0.025925925925925925 0.025
3 0.7953703703703704 0.4287037037037037 0.026851851851851852 0.025
3 0.7592592592592593 0.4212962962962963 0.025 0.025
3 0.7601851851851852 0.44814814814814813 0.025 0.023148148148148147
3 0.8314814814814815 0.4444444444444444 0.026851851851851852 0.025
3 0.7435185185185185 0.49722222222222223 0.025 0.025
1 0.7805555555555556 0.5027777777777778 0.022222222222222223 0.021296296296296296
3 0.825 0.5370370370370371 0.025925925925925925 0.025
3 0.8425925925925926 0.512962962962963 0.025 0.023148148148148147
3 0.7953703703703704 0.5518518518518518 0.025 0.024074074074074074
3 0.7833333333333333 0.5768518518518518 0.025 0.024074074074074074
3 0.8351851851851851 0.587037037037037 0.026851851851851852 0.025
3 0.8203703703703704 0.6175925925925926 0.025 0.023148148148148147
3 0.7935185185185185 0.6407407407407407 0.025 0.023148148148148147
3 0.7324074074074074 0.625 0.024074074074074074 0.022222222222222223
3 0.6768518518518518 0.6731481481481482 0.025 0.023148148148148147
3 0.7157407407407408 0.7055555555555556 0.025 0.023148148148148147
3 0.8472222222222222 0.6398148148148148 0.025 0.023148148148148147
3 0.8675925925925926 0.5805555555555556 0.026851851851851852 0.025
3 0.8712962962962963 0.4148148148148148 0.026851851851851852 0.025
1 0.8898148148148148 0.55 0.022222222222222223 0.021296296296296296
1 0.8222222222222222 0.6787037037037037 0.021296296296296296 0.020370370370370372
1 0.7694444444444445 0.6805555555555556 0.021296296296296296 0.020370370370370372
1 0.8675925925925926 0.6129629629629629 0.022222222222222223 0.021296296296296296
1 0.2740740740740741 0.6814814814814815 0.019444444444444445 0.019444444444444445
1 0.2722222222222222 0.4601851851851852 0.020370370370370372 0.020370370370370372
1 0.4351851851851852 0.25925925925925924 0.021296296296296296 0.022222222222222223
1 0.37037037037037035 0.4962962962962963 0.021296296296296296 0.022222222222222223
1 0.5287037037037037 0.5435185185185185 0.023148148148148147 0.021296296296296296
3 0.4685185185185185 0.5435185185185185 0.025 0.024074074074074074