2 0.4981481481481482 0.1574074074074074 0.021296296296296296 0.020370370370370372
2 0.5472222222222223 0.20092592592592592 0.020370370370370372 0.021296296296296296
2 0.44907407407407407 0.2074074074074074 0.019444444444444445 0.019444444444444445
2 0.425 0.2212962962962963 0.018518518518518517 0.018518518518518517
2 0.36944444444444446 0.23703703703703705 0.020370370370370372 0.020370370370370372
2 0.34074074074074073 0.2361111111111111 0.018518518518518517 0.020370370370370372
2 0.3175925925925926 0.22870370370370371 0.021296296296296296 0.018518518518518517
2 0.32592592592592595 0.2074074074074074 0.020370370370370372 0.019444444444444445
2 0.21296296296296297 0.25 0.021296296296296296 0.020370370370370372
2 0.35 0.2898148148148148 0.020370370370370372 0.020370370370370372
2 0.38981481481481484 0.2953703703703704 0.020370370370370372 0.020370370370370372
2 0.37222222222222223 0.3175925925925926 0.020370370370370372 0.020370370370370372
2 0.47314814814814815 0.30462962962962964 0.021296296296296296 0.019444444444444445
2 0.49537037037037035 0.275 0.020370370370370372 0.020370370370370372
2 0.4703703703703704 0.25925925925925924 0.018518518518518517 0.019444444444444445
2 0.5361111111111111 0.25092592592592594 0.020370370370370372 0.018518518518518517
2 0.5657407407407408 0.2564814814814815 0.019444444444444445 0.020370370370370372
2 0.5925925925925926 0.25462962962962965 0.018518518518518517 0.020370370370370372
2 0.6157407407407407 0.2851851851851852 0.020370370370370372 0.020370370370370372
2 0.6083333333333333 0.3074074074074074 0.019444444444444445 0.019444444444444445
2 0.5805555555555556 0.29907407407407405 0.020370370370370372 0.018518518518518517
2 0.6824074074074075 0.33055555555555555 0.019444444444444445 0.020370370370370372
2 0.6518518518518519 0.3398148148148148 0.020370370370370372 0.020370370370370372
2 0.6407407407407407 0.36203703703703705 0.021296296296296296 0.018518518518518517
2 0.7101851851851851 0.3814814814814815 0.018518518518518517 0.019444444444444445
2 0.7425925925925926 0.387037037037037 0.022222222222222223 0.020370370370370372
2 0.7361111111111112 0.2564814814814815 0.017592592592592594 0.019444444444444445
2 0.6888888888888889 0.43425925925925923 0.021296296296296296 0.020370370370370372
2 0.6814814814814815 0.4564814814814815 0.020370370370370372 0.018518518518518517
2 0.6481481481481481 0.45092592592592595 0.018518518518518517 0.020370370370370372
2 0.6046296296296296 0.43333333333333335 0.020370370370370372 0.020370370370370372
2 0.5981481481481481 0.4074074074074074 0.020370370370370372 0.020370370370370372
2 0.5907407407407408 0.3787037037037037 0.020370370370370372 0.019444444444444445
2 0.5666666666666667 0.43333333333333335 0.021296296296296296 0.019444444444444445
2 0.5574074074074075 0.4583333333333333 0.020370370370370372 0.019444444444444445
2 0.5 0.46574074074074073 0.020370370370370372 0.019444444444444445
2 0.5101851851851852 0.37962962962962965 0.020370370370370372 0.019444444444444445
2 0.4925925925925926 0.35462962962962963 0.020370370370370372 0.019444444444444445
2 0.4685185185185185 0.3574074074074074 0.021296296296296296 0.020370370370370372
2 0.4287037037037037 0.3824074074074074 0.021296296296296296 0.020370370370370372
2 0.39814814814814814 0.44074074074074077 0.020370370370370372 0.020370370370370372
2 0.3851851851851852 0.462037037037037 0.021296296296296296 0.020370370370370372
2 0.3592592592592593 0.4527777777777778 0.020370370370370372 0.019444444444444445
2 0.37222222222222223 0.43333333333333335 0.021296296296296296 0.020370370370370372
2 0.3787037037037037 0.3787037037037037 0.019444444444444445 0.018518518518518517
2 0.387037037037037 0.35555555555555557 0.019444444444444445 0.020370370370370372
2 0.3314814814814815 0.375 0.021296296296296296 0.021296296296296296
2 0.3175925925925926 0.35555555555555557 0.020370370370370372 0.019444444444444445
2 0.30648148148148147 0.3351851851851852 0.018518518518518517 0.020370370370370372
2 0.29444444444444445 0.3074074074074074 0.021296296296296296 0.018518518518518517
2 0.25277777777777777 0.3296296296296296 0.021296296296296296 0.020370370370370372
2 0.2564814814814815 0.35648148148148145 0.021296296296296296 0.019444444444444445
2 0.2324074074074074 0.3768518518518518 0.020370370370370372 0.020370370370370372
2 0.22777777777777777 0.32037037037037036 0.021296296296296296 0.020370370370370372
2 0.20185185185185187 0.27870370370370373 0.021296296296296296 0.018518518518518517
2 0.20092592592592592 0.36574074074074076 0.022222222222222223 0.021296296296296296
2 0.2074074074074074 0.42685185185185187 0.023148148148148147 0.020370370370370372
2 0.1935185185185185 0.4583333333333333 0.023148148148148147 0.023148148148148147
2 0.1712962962962963 0.27037037037037037 0.021296296296296296 0.020370370370370372
2 0.15925925925925927 0.32592592592592595 0.021296296296296296 0.021296296296296296
2 0.16944444444444445 0.3648148148148148 0.020370370370370372 0.019444444444444445
2 0.1712962962962963 0.39166666666666666 0.021296296296296296 0.022222222222222223
2 0.13148148148148148 0.4583333333333333 0.022222222222222223 0.021296296296296296
2 0.27037037037037037 0.45740740740740743 0.023148148148148147 0.020370370370370372
2 0.30462962962962964 0.44814814814814813 0.021296296296296296 0.021296296296296296
2 0.3296296296296296 0.42407407407407405 0.021296296296296296 0.019444444444444445
2 0.30648148148148147 0.41574074074074074 0.021296296296296296 0.020370370370370372
2 0.3 0.3712962962962963 0.020370370370370372 0.020370370370370372
2 0.6333333333333333 0.5111111111111111 0.020370370370370372 0.020370370370370372
2 0.6861111111111111 0.5157407407407407 0.020370370370370372 0.021296296296296296
2 0.7657407407407407 0.4935185185185185 0.022222222222222223 0.020370370370370372
2 0.8018518518518518 0.5444444444444444 0.021296296296296296 0.021296296296296296
2 0.762962962962963 0.45092592592592595 0.021296296296296296 0.022222222222222223
2 0.787962962962963 0.43425925925925923 0.019444444444444445 0.021296296296296296
2 0.8138888888888889 0.46111111111111114 0.021296296296296296 0.020370370370370372
2 0.837037037037037 0.45092592592592595 0.020370370370370372 0.021296296296296296
2 0.8731481481481481 0.4888888888888889 0.021296296296296296 0.021296296296296296
2 0.9453703703703704 0.47962962962962963 0.021296296296296296 0.021296296296296296
2 0.9851851851851852 0.4287037037037037 0.020370370370370372 0.020370370370370372
2 0.9712962962962963 0.4083333333333333 0.021296296296296296 0.020370370370370372
2 0.9490740740740741 0.42962962962962964 0.019444444444444445 0.021296296296296296
2 0.9046296296296297 0.46296296296296297 0.020370370370370372 0.020370370370370372
2 0.8759259259259259 0.4583333333333333 0.021296296296296296 0.020370370370370372
2 0.8861111111111111 0.4388888888888889 0.021296296296296296 0.020370370370370372
2 0.8324074074074074 0.42314814814814816 0.021296296296296296 0.021296296296296296
2 0.8166666666666667 0.4027777777777778 0.021296296296296296 0.020370370370370372
2 0.8740740740740741 0.40370370370370373 0.021296296296296296 0.020370370370370372
2 0.8972222222222223 0.4 0.021296296296296296 0.020370370370370372
2 0.9268518518518518 0.3861111111111111 0.021296296296296296 0.021296296296296296
2 0.9490740740740741 0.3685185185185185 0.020370370370370372 0.021296296296296296
2 0.9453703703703704 0.30648148148148147 0.021296296296296296 0.019444444444444445
2 0.9157407407407407 0.3194444444444444 0.020370370370370372 0.020370370370370372
2 0.8768518518518519 0.35648148148148145 0.021296296296296296 0.019444444444444445
2 0.8787037037037037 0.37777777777777777 0.019444444444444445 0.019444444444444445
2 0.8351851851851851 0.3731481481481482 0.021296296296296296 0.020370370370370372
2 0.8555555555555555 0.33796296296296297 0.020370370370370372 0.021296296296296296
2 0.825925925925926 0.31851851851851853 0.020370370370370372 0.020370370370370372
2 0.7944444444444444 0.33425925925925926 0.020370370370370372 0.020370370370370372
2 0.8287037037037037 0.28425925925925927 0.019444444444444445 0.020370370370370372
2 0.8555555555555555 0.29074074074074074 0.020370370370370372 0.020370370370370372
2 0.8638888888888889 0.2675925925925926 0.019444444444444445 0.019444444444444445
2 0.9675925925925926 0.587037037037037 0.021296296296296296 0.023148148148148147
2 0.9666666666666667 0.6388888888888888 0.020370370370370372 0.023148148148148147
2 0.9546296296296296 0.6648148148148149 0.021296296296296296 0.022222222222222223
2 0.9361111111111111 0.6324074074074074 0.021296296296296296 0.021296296296296296
2 0.9324074074074075 0.6064814814814815 0.021296296296296296 0.021296296296296296
2 0.862037037037037 0.6092592592592593 0.021296296296296296 0.021296296296296296
2 0.8962962962962963 0.6833333333333333 0.021296296296296296 0.021296296296296296
2 0.8388888888888889 0.6 0.020370370370370372 0.021296296296296296
2 0.8453703703703703 0.5574074074074075 0.021296296296296296 0.021296296296296296
2 0.7722222222222223 0.5481481481481482 0.021296296296296296 0.020370370370370372
2 0.8 0.6240740740740741 0.022222222222222223 0.021296296296296296
2 0.8555555555555555 0.6962962962962963 0.020370370370370372 0.022222222222222223
2 0.7916666666666666 0.7212962962962963 0.022222222222222223 0.023148148148148147
2 0.7935185185185185 0.675 0.021296296296296296 0.021296296296296296
2 0.7870370370370371 0.6527777777777778 0.021296296296296296 0.023148148148148147
2 0.7564814814814815 0.5962962962962963 0.020370370370370372 0.020370370370370372
2 0.7333333333333333 0.5824074074074074 0.020370370370370372 0.019444444444444445
2 0.6648148148148149 0.5564814814814815 0.021296296296296296 0.020370370370370372
2 0.6990740740740741 0.6277777777777778 0.022222222222222223 0.021296296296296296
2 0.7592592592592593 0.6777777777777778 0.021296296296296296 0.022222222222222223
2 0.7648148148148148 0.7481481481481481 0.020370370370370372 0.023148148148148147
2 0.7388888888888889 0.7518518518518519 0.023148148148148147 0.022222222222222223
2 0.7064814814814815 0.7611111111111111 0.021296296296296296 0.021296296296296296
2 0.7129629629629629 0.7305555555555555 0.021296296296296296 0.023148148148148147
2 0.6638888888888889 0.7796296296296297 0.021296296296296296 0.023148148148148147
2 0.6277777777777778 0.7601851851851852 0.021296296296296296 0.022222222222222223
2 0.7185185185185186 0.6814814814814815 0.021296296296296296 0.023148148148148147
2 0.6972222222222222 0.6925925925925925 0.022222222222222223 0.022222222222222223
2 0.6712962962962963 0.6601851851851852 0.020370370370370372 0.021296296296296296
2 0.6555555555555556 0.6842592592592592 0.020370370370370372 0.020370370370370372
2 0.6324074074074074 0.7027777777777777 0.021296296296296296 0.023148148148148147
2 0.6305555555555555 0.6648148148148149 0.021296296296296296 0.020370370370370372
2 0.6314814814814815 0.637962962962963 0.020370370370370372 0.021296296296296296
2 0.6370370370370371 0.6138888888888889 0.021296296296296296 0.021296296296296296
2 0.5851851851851851 0.5722222222222222 0.020370370370370372 0.021296296296296296
2 0.6 0.6222222222222222 0.021296296296296296 0.021296296296296296
2 0.5777777777777777 0.6 0.021296296296296296 0.020370370370370372
2 0.5842592592592593 0.6583333333333333 0.020370370370370372 0.021296296296296296
2 0.6046296296296296 0.6888888888888889 0.020370370370370372 0.021296296296296296
2 0.5879629629629629 0.7185185185185186 0.020370370370370372 0.021296296296296296
2 0.5583333333333333 0.7138888888888889 0.023148148148148147 0.021296296296296296
2 0.5398148148148149 0.7324074074074074 0.020370370370370372 0.023148148148148147
2 0.5018518518518519 0.6842592592592592 0.023148148148148147 0.021296296296296296
2 0.5388888888888889 0.6583333333333333 0.020370370370370372 0.023148148148148147
2 0.48148148148148145 0.6537037037037037 0.021296296296296296 0.023148148148148147
2 0.49722222222222223 0.5898148148148148 0.023148148148148147 0.020370370370370372
2 0.5583333333333333 0.5601851851851852 0.021296296296296296 0.021296296296296296
2 0.5222222222222223 0.5453703703703704 0.021296296296296296 0.021296296296296296
2 0.4444444444444444 0.6444444444444445 0.020370370370370372 0.021296296296296296
2 0.42592592592592593 0.6925925925925925 0.020370370370370372 0.021296296296296296
2 0.39444444444444443 0.7046296296296296 0.022222222222222223 0.021296296296296296
2 0.35555555555555557 0.6990740740740741 0.021296296296296296 0.021296296296296296
2 0.32314814814814813 0.6944444444444444 0.020370370370370372 0.022222222222222223
2 0.3055555555555556 0.6259259259259259 0.021296296296296296 0.021296296296296296
2 0.41203703703703703 0.5981481481481481 0.021296296296296296 0.021296296296296296
2 0.4398148148148148 0.5925925925925926 0.020370370370370372 0.020370370370370372
2 0.44814814814814813 0.5694444444444444 0.021296296296296296 0.020370370370370372
2 0.41388888888888886 0.5407407407407407 0.021296296296296296 0.021296296296296296
2 0.387037037037037 0.5370370370370371 0.020370370370370372 0.021296296296296296
2 0.35 0.4962962962962963 0.020370370370370372 0.020370370370370372
2 0.35833333333333334 0.5472222222222223 0.021296296296296296 0.020370370370370372
2 0.37592592592592594 0.5842592592592593 0.022222222222222223 0.020370370370370372
2 0.3435185185185185 0.5879629629629629 0.021296296296296296 0.021296296296296296
2 0.2962962962962963 0.5675925925925925 0.021296296296296296 0.022222222222222223
2 0.2796296296296296 0.5981481481481481 0.020370370370370372 0.021296296296296296
2 0.25277777777777777 0.6064814814814815 0.021296296296296296 0.021296296296296296
2 0.262037037037037 0.5685185185185185 0.022222222222222223 0.021296296296296296
2 0.22962962962962963 0.5518518518518518 0.021296296296296296 0.021296296296296296
2 0.24259259259259258 0.5138888888888888 0.021296296296296296 0.021296296296296296
2 0.22685185185185186 0.4935185185185185 0.020370370370370372 0.021296296296296296
2 0.21296296296296297 0.5222222222222223 0.020370370370370372 0.019444444444444445
2 0.17685185185185184 0.5842592592592593 0.021296296296296296 0.021296296296296296
2 0.11203703703703703 0.5074074074074074 0.021296296296296296 0.021296296296296296
1 0.17685185185185184 0.30648148148148147 0.023148148148148147 0.022222222222222223
1 0.24166666666666667 0.2935185185185185 0.023148148148148147 0.021296296296296296
0 0.26481481481481484 0.28425925925925927 0.018518518518518517 0.018518518518518517
1 0.27314814814814814 0.25555555555555554 0.023148148148148147 0.022222222222222223
1 0.2833333333333333 0.22592592592592592 0.022222222222222223 0.021296296296296296
1 0.362962962962963 0.34814814814814815 0.024074074074074074 0.022222222222222223
1 0.3175925925925926 0.27037037037037037 0.023148148148148147 0.022222222222222223
1 0.3435185185185185 0.25925925925925924 0.022222222222222223 0.022222222222222223
1 0.43703703703703706 0.2518518518518518 0.023148148148148147 0.022222222222222223
1 0.4564814814814815 0.337037037037037 0.023148148148148147 0.021296296296296296
1 0.4222222222222222 0.32037037037037036 0.023148148148148147 0.022222222222222223
1 0.45925925925925926 0.23333333333333334 0.023148148148148147 0.021296296296296296
1 0.7185185185185186 0.21851851851851853 0.022222222222222223 0.021296296296296296
1 0.5731481481481482 0.18055555555555555 0.022222222222222223 0.022222222222222223
1 0.5898148148148148 0.225 0.021296296296296296 0.021296296296296296
1 0.6222222222222222 0.2537037037037037 0.023148148148148147 0.021296296296296296
1 0.6722222222222223 0.29907407407407405 0.021296296296296296 0.022222222222222223
1 0.7157407407407408 0.31851851851851853 0.023148148148148147 0.022222222222222223
1 0.7101851851851851 0.25555555555555554 0.024074074074074074 0.022222222222222223
3 0.49907407407407406 0.24537037037037038 0.025925925925925925 0.024074074074074074
1 0.6203703703703703 0.2212962962962963 0.022222222222222223 0.021296296296296296
1 0.8074074074074075 0.36666666666666664 0.023148148148148147 0.022222222222222223
1 0.7435185185185185 0.47129629629629627 0.024074074074074074 0.022222222222222223
1 0.6842592592592592 0.37037037037037035 0.022222222222222223 0.022222222222222223
1 0.5351851851851852 0.39444444444444443 0.023148148148148147 0.022222222222222223
1 0.47129629629629627 0.4703703703703704 0.023148148148148147 0.023148148148148147
1 0.412962962962963 0.40185185185185185 0.023148148148148147 0.022222222222222223
1 0.3194444444444444 0.39537037037037037 0.023148148148148147 0.023148148148148147
1 0.2814814814814815 0.3925925925925926 0.024074074074074074 0.023148148148148147
1 0.3398148148148148 0.34814814814814815 0.022222222222222223 0.022222222222222223
1 0.25555555555555554 0.4351851851851852 0.024074074074074074 0.023148148148148147
1 0.42407407407407405 0.425 0.023148148148148147 0.022222222222222223
1 0.3537037037037037 0.38425925925925924 0.023148148148148147 0.021296296296296296
1 0.39814814814814814 0.33240740740740743 0.022222222222222223 0.022222222222222223
3 0.2962962962962963 0.4703703703703704 0.026851851851851852 0.025
3 0.2361111111111111 0.4666666666666667 0.027777777777777776 0.026851851851851852
3 0.16296296296296298 0.4787037037037037 0.027777777777777776 0.025925925925925925
1 0.23425925925925925 0.4166666666666667 0.024074074074074074 0.022222222222222223
1 0.2037037037037037 0.49166666666666664 0.024074074074074074 0.023148148148148147
3 0.2601851851851852 0.5407407407407407 0.027777777777777776 0.025925925925925925
1 0.22870370370370371 0.5814814814814815 0.025 0.024074074074074074
1 0.28055555555555556 0.6416666666666667 0.025925925925925925 0.023148148148148147
1 0.2324074074074074 0.6398148148148148 0.025 0.024074074074074074
1 0.337037037037037 0.5166666666666667 0.023148148148148147 0.023148148148148147
1 0.40555555555555556 0.5148148148148148 0.024074074074074074 0.023148148148148147
1 0.4 0.5796296296296296 0.024074074074074074 0.023148148148148147
1 0.42314814814814816 0.5740740740740741 0.024074074074074074 0.024074074074074074
1 0.43796296296296294 0.4981481481481482 0.023148148148148147 0.022222222222222223
1 0.46574074074074073 0.5111111111111111 0.023148148148148147 0.023148148148148147
1 0.4861111111111111 0.5333333333333333 0.023148148148148147 0.023148148148148147
1 0.47129629629629627 0.5722222222222222 0.022222222222222223 0.022222222222222223
1 0.47314814814814815 0.5990740740740741 0.023148148148148147 0.023148148148148147
1 0.44907407407407407 0.6148148148148148 0.024074074074074074 0.023148148148148147
1 0.41759259259259257 0.6259259259259259 0.024074074074074074 0.023148148148148147
1 0.4740740740740741 0.6296296296296297 0.024074074074074074 0.024074074074074074
1 0.5370370370370371 0.6203703703703703 0.024074074074074074 0.024074074074074074
1 0.5712962962962963 0.537962962962963 0.023148148148148147 0.024074074074074074
1 0.65 0.5324074074074074 0.023148148148148147 0.023148148148148147
1 0.7055555555555556 0.5962962962962963 0.024074074074074074 0.023148148148148147
1 0.7268518518518519 0.5564814814814815 0.024074074074074074 0.023148148148148147
1 0.7481481481481481 0.5444444444444444 0.023148148148148147 0.024074074074074074
1 0.9592592592592593 0.5092592592592593 0.024074074074074074 0.024074074074074074
1 0.8935185185185185 0.5944444444444444 0.024074074074074074 0.024074074074074074
1 0.6768518518518518 0.7111111111111111 0.025 0.024074074074074074
1 0.5611111111111111 0.6805555555555556 0.024074074074074074 0.024074074074074074
1 0.5314814814814814 0.6990740740740741 0.024074074074074074 0.024074074074074074
1 0.6435185185185185 0.7305555555555555 0.024074074074074074 0.025
1 0.5074074074074074 0.6574074074074074 0.023148148148148147 0.023148148148148147
1 0.487962962962963 0.7166666666666667 0.024074074074074074 0.024074074074074074
1 0.4583333333333333 0.6768518518518518 0.024074074074074074 0.024074074074074074
0 0.3592592592592593 0.20925925925925926 0.019444444444444445 0.018518518518518517
0 0.2361111111111111 0.2657407407407407 0.019444444444444445 0.018518518518518517
0 0.2601851851851852 0.21296296296296297 0.019444444444444445 0.018518518518518517
0 0.29259259259259257 0.2796296296296296 0.019444444444444445 0.019444444444444445
0 0.3138888888888889 0.29259259259259257 0.019444444444444445 0.018518518518518517
0 0.37407407407407406 0.2740740740740741 0.018518518518518517 0.019444444444444445
0 0.38055555555555554 0.25462962962962965 0.018518518518518517 0.018518518518518517
0 0.4148148148148148 0.29907407407407405 0.020370370370370372 0.018518518518518517
0 0.43333333333333335 0.19166666666666668 0.018518518518518517 0.018518518518518517
0 0.475 0.20833333333333334 0.018518518518518517 0.018518518518518517
0 0.49074074074074076 0.18888888888888888 0.018518518518518517 0.018518518518518517
0 0.4703703703703704 0.2796296296296296 0.019444444444444445 0.018518518518518517
0 0.5296296296296297 0.29074074074074074 0.019444444444444445 0.018518518518518517
0 0.5194444444444445 0.26851851851851855 0.019444444444444445 0.018518518518518517
0 0.5944444444444444 0.19166666666666668 0.018518518518518517 0.019444444444444445
0 0.5861111111111111 0.2759259259259259 0.019444444444444445 0.018518518518518517
0 0.6564814814814814 0.21944444444444444 0.019444444444444445 0.018518518518518517
0 0.6888888888888889 0.2222222222222222 0.019444444444444445 0.018518518518518517
0 0.762962962962963 0.2833333333333333 0.018518518518518517 0.017592592592592594
0 0.7925925925925926 0.2574074074074074 0.018518518518518517 0.019444444444444445
0 0.799074074074074 0.2962962962962963 0.018518518518518517 0.018518518518518517
0 0.9259259259259259 0.4166666666666667 0.019444444444444445 0.019444444444444445
0 0.9148148148148149 0.3638888888888889 0.019444444444444445 0.018518518518518517
0 0.8972222222222223 0.35 0.019444444444444445 0.019444444444444445
0 0.9472222222222222 0.3398148148148148 0.019444444444444445 0.019444444444444445
0 0.8861111111111111 0.33055555555555555 0.019444444444444445 0.019444444444444445
0 0.775 0.3527777777777778 0.019444444444444445 0.019444444444444445
0 0.7398148148148148 0.3648148148148148 0.019444444444444445 0.018518518518518517
0 0.7240740740740741 0.4101851851851852 0.019444444444444445 0.018518518518518517
0 0.6935185185185185 0.412962962962963 0.019444444444444445 0.019444444444444445
0 0.6592592592592592 0.37777777777777777 0.019444444444444445 0.018518518518518517
0 0.6453703703703704 0.4 0.018518518518518517 0.018518518518518517
0 0.6203703703703703 0.4083333333333333 0.019444444444444445 0.018518518518518517
0 0.5157407407407407 0.41388888888888886 0.019444444444444445 0.018518518518518517
0 0.5546296296296296 0.31666666666666665 0.018518518518518517 0.018518518518518517
0 0.5203703703703704 0.35185185185185186 0.019444444444444445 0.018518518518518517
0 0.49444444444444446 0.33240740740740743 0.018518518518518517 0.018518518518518517
0 0.4666666666666667 0.4111111111111111 0.019444444444444445 0.018518518518518517
0 0.44074074074074077 0.4064814814814815 0.020370370370370372 0.018518518518518517
0 0.44166666666666665 0.3592592592592593 0.019444444444444445 0.018518518518518517
0 0.4185185185185185 0.3527777777777778 0.019444444444444445 0.018518518518518517
0 0.44351851851851853 0.3101851851851852 0.019444444444444445 0.018518518518518517
0 0.35185185185185186 0.32592592592592595 0.018518518518518517 0.018518518518518517
0 0.2833333333333333 0.35648148148148145 0.019444444444444445 0.018518518518518517
0 0.2712962962962963 0.30462962962962964 0.019444444444444445 0.018518518518518517
0 0.20555555555555555 0.3055555555555556 0.019444444444444445 0.018518518518518517
0 0.14537037037037037 0.4046296296296296 0.021296296296296296 0.019444444444444445
0 0.1787037037037037 0.4212962962962963 0.019444444444444445 0.018518518518518517
0 0.26481481481481484 0.4777777777777778 0.020370370370370372 0.019444444444444445
0 0.22592592592592592 0.44351851851851853 0.020370370370370372 0.018518518518518517
0 0.13425925925925927 0.49074074074074076 0.020370370370370372 0.019444444444444445
0 0.31574074074074077 0.4842592592592593 0.019444444444444445 0.019444444444444445
0 0.37222222222222223 0.5203703703703704 0.019444444444444445 0.019444444444444445
0 0.38333333333333336 0.5027777777777778 0.019444444444444445 0.020370370370370372
0 0.40555555555555556 0.4925925925925926 0.020370370370370372 0.019444444444444445
0 0.4212962962962963 0.47962962962962963 0.019444444444444445 0.019444444444444445
0 0.38055555555555554 0.4824074074074074 0.019444444444444445 0.019444444444444445
0 0.34444444444444444 0.47314814814814815 0.019444444444444445 0.019444444444444445
0 0.4009259259259259 0.41944444444444445 0.019444444444444445 0.019444444444444445
0 0.44907407407407407 0.46296296296296297 0.019444444444444445 0.018518518518518517
0 0.4824074074074074 0.49537037037037035 0.019444444444444445 0.019444444444444445
0 0.5148148148148148 0.4898148148148148 0.020370370370370372 0.019444444444444445
0 0.5314814814814814 0.4666666666666667 0.019444444444444445 0.019444444444444445
0 0.5740740740740741 0.48055555555555557 0.019444444444444445 0.019444444444444445
0 0.5731481481481482 0.5138888888888888 0.019444444444444445 0.019444444444444445
0 0.5925925925925926 0.5277777777777778 0.019444444444444445 0.019444444444444445
0 0.6194444444444445 0.5296296296296297 0.020370370370370372 0.020370370370370372
0 0.5944444444444444 0.49537037037037035 0.020370370370370372 0.018518518518518517
0 0.6111111111111112 0.4759259259259259 0.019444444444444445 0.018518518518518517
0 0.6212962962962963 0.4537037037037037 0.018518518518518517 0.019444444444444445
0 0.6342592592592593 0.42777777777777776 0.019444444444444445 0.019444444444444445
0 0.700925925925926 0.475 0.019444444444444445 0.018518518518518517
0 0.7398148148148148 0.4935185185185185 0.020370370370370372 0.019444444444444445
0 0.8 0.5166666666666667 0.019444444444444445 0.019444444444444445
0 0.799074074074074 0.48055555555555557 0.020370370370370372 0.019444444444444445
0 0.8518518518518519 0.47685185185185186 0.020370370370370372 0.020370370370370372
0 0.9277777777777778 0.45 0.020370370370370372 0.020370370370370372
0 0.9333333333333333 0.5351851851851852 0.019444444444444445 0.020370370370370372
0 0.9592592592592593 0.6083333333333333 0.020370370370370372 0.020370370370370372
0 0.9175925925925926 0.5842592592592593 0.019444444444444445 0.021296296296296296
0 0.8981481481481481 0.5722222222222222 0.021296296296296296 0.020370370370370372
0 0.862037037037037 0.5768518518518518 0.020370370370370372 0.020370370370370372
0 0.8740740740740741 0.6277777777777778 0.021296296296296296 0.020370370370370372
0 0.7861111111111111 0.5787037037037037 0.020370370370370372 0.019444444444444445
0 0.7907407407407407 0.600925925925926 0.020370370370370372 0.019444444444444445
0 0.8166666666666667 0.6398148148148148 0.020370370370370372 0.020370370370370372
0 0.7666666666666667 0.6240740740740741 0.020370370370370372 0.019444444444444445
2 0.9018518518518519 0.49166666666666664 0.022222222222222223 0.021296296296296296
0 0.7527777777777778 0.6481481481481481 0.021296296296296296 0.020370370370370372
0 0.725 0.6148148148148148 0.020370370370370372 0.020370370370370372
0 0.725925925925926 0.6546296296296297 0.021296296296296296 0.020370370370370372
0 0.6990740740740741 0.5416666666666666 0.019444444444444445 0.019444444444444445
0 0.5990740740740741 0.5537037037037037 0.020370370370370372 0.019444444444444445
0 0.6101851851851852 0.5935185185185186 0.019444444444444445 0.019444444444444445
0 0.6064814814814815 0.6481481481481481 0.019444444444444445 0.019444444444444445
0 0.5564814814814815 0.5953703703703703 0.020370370370370372 0.019444444444444445
0 0.5231481481481481 0.5944444444444444 0.019444444444444445 0.020370370370370372
0 0.4009259259259259 0.6481481481481481 0.020370370370370372 0.020370370370370372
0 0.3731481481481482 0.637962962962963 0.020370370370370372 0.019444444444444445
0 0.3638888888888889 0.6027777777777777 0.020370370370370372 0.019444444444444445
0 0.3768518518518518 0.5601851851851852 0.019444444444444445 0.019444444444444445
0 0.2916666666666667 0.5407407407407407 0.020370370370370372 0.019444444444444445
0 0.2 0.6268518518518519 0.021296296296296296 0.019444444444444445
0 0.2064814814814815 0.5981481481481481 0.021296296296296296 0.020370370370370372
0 0.17314814814814813 0.5435185185185185 0.020370370370370372 0.020370370370370372
0 0.6972222222222222 0.6620370370370371 0.020370370370370372 0.020370370370370372
0 0.6074074074074074 0.7342592592592593 0.020370370370370372 0.020370370370370372
0 0.7333333333333333 0.7 0.020370370370370372 0.021296296296296296
0 0.8018518518518518 0.700925925925926 0.020370370370370372 0.022222222222222223
3 0.34814814814814815 0.18333333333333332 0.025 0.025
3 0.3888888888888889 0.19722222222222222 0.025925925925925925 0.024074074074074074
1 0.13703703703703704 0.37037037037037035 0.024074074074074074 0.022222222222222223
3 0.18796296296296297 0.337037037037037 0.027777777777777776 0.025925925925925925
3 0.22314814814814815 0.34814814814814815 0.025925925925925925 0.025925925925925925
3 0.2824074074074074 0.3287037037037037 0.025 0.025925925925925925
3 0.3314814814814815 0.31574074074074077 0.025925925925925925 0.025
3 0.2462962962962963 0.24074074074074073 0.025925925925925925 0.024074074074074074
3 0.4027777777777778 0.23703703703703705 0.025925925925925925 0.025
3 0.4027777777777778 0.27314814814814814 0.025 0.024074074074074074
3 0.4361111111111111 0.2833333333333333 0.025925925925925925 0.025
3 0.4666666666666667 0.17592592592592593 0.025 0.024074074074074074
3 0.4027777777777778 0.375 0.025 0.025
3 0.524074074074074 0.1814814814814815 0.025 0.025
3 0.5138888888888888 0.21666666666666667 0.025 0.025
3 0.5583333333333333 0.23055555555555557 0.025925925925925925 0.024074074074074074
3 0.5555555555555556 0.2851851851851852 0.025925925925925925 0.025
3 0.5175925925925926 0.31574074074074077 0.025925925925925925 0.025925925925925925
3 0.5546296296296296 0.3509259259259259 0.026851851851851852 0.024074074074074074
3 0.5824074074074074 0.34074074074074073 0.025 0.025925925925925925
3 0.6166666666666667 0.37592592592592594 0.025925925925925925 0.025
3 0.6185185185185185 0.34629629629629627 0.025925925925925925 0.025925925925925925
1 0.6435185185185185 0.31296296296296294 0.023148148148148147 0.022222222222222223
3 0.6453703703703704 0.27870370370370373 0.025 0.025925925925925925
3 0.6712962962962963 0.2574074074074074 0.025925925925925925 0.025
3 0.6351851851851852 0.18611111111111112 0.024074074074074074 0.024074074074074074
3 0.7018518518518518 0.28425925925925927 0.025 0.025925925925925925
3 0.7407407407407407 0.2935185185185185 0.025 0.024074074074074074
3 0.7518518518518519 0.33055555555555555 0.025 0.025
3 0.887962962962963 0.2851851851851852 0.025925925925925925 0.025
3 0.8611111111111112 0.3148148148148148 0.025925925925925925 0.025
3 0.9740740740740741 0.37407407407407406 0.027777777777777776 0.025
3 0.7101851851851851 0.34814814814814815 0.025925925925925925 0.025
3 0.9694444444444444 0.5416666666666666 0.028703703703703703 0.027777777777777776
3 0.9212962962962963 0.5574074074074075 0.027777777777777776 0.026851851851851852
3 0.9259259259259259 0.5092592592592593 0.027777777777777776 0.025925925925925925
3 0.887962962962963 0.5277777777777778 0.026851851851851852 0.026851851851851852
3 0.8481481481481481 0.5324074074074074 0.027777777777777776 0.025925925925925925
3 0.8537037037037037 0.5046296296296297 0.025925925925925925 0.025925925925925925
3 0.7712962962962963 0.38333333333333336 0.026851851851851852 0.025925925925925925
3 0.7546296296296297 0.41388888888888886 0.025925925925925925 0.025925925925925925
3 0.7212962962962963 0.44351851851851853 0.025925925925925925 0.025
3 0.7518518518518519 0.5175925925925926 0.027777777777777776 0.025925925925925925
3 0.7148148148148148 0.5212962962962963 0.026851851851851852 0.025925925925925925
3 0.6898148148148148 0.5685185185185185 0.027777777777777776 0.027777777777777776
3 0.8138888888888889 0.5768518518518518 0.026851851851851852 0.027777777777777776
3 0.6675925925925926 0.5944444444444444 0.026851851851851852 0.025925925925925925
3 0.6305555555555555 0.562037037037037 0.026851851851851852 0.025925925925925925
3 0.6768518518518518 0.487962962962963 0.026851851851851852 0.027777777777777776
3 0.6407407407407407 0.48148148148148145 0.026851851851851852 0.025925925925925925
3 0.5888888888888889 0.4564814814814815 0.025925925925925925 0.025925925925925925
3 0.5601851851851852 0.3861111111111111 0.025925925925925925 0.025
3 0.5712962962962963 0.6305555555555555 0.025925925925925925 0.027777777777777776
3 0.5037037037037037 0.6231481481481481 0.027777777777777776 0.025925925925925925
3 0.5361111111111111 0.5731481481481482 0.026851851851851852 0.027777777777777776
3 0.5018518518518519 0.5638888888888889 0.025925925925925925 0.025925925925925925
3 0.5425925925925926 0.525 0.027777777777777776 0.025925925925925925
3 0.5481481481481482 0.4888888888888889 0.025925925925925925 0.025
3 0.5407407407407407 0.42685185185185187 0.025925925925925925 0.025
3 0.5175925925925926 0.4444444444444444 0.025 0.025
3 0.4842592592592593 0.4351851851851852 0.025925925925925925 0.025
3 0.4898148148148148 0.3990740740740741 0.025925925925925925 0.025
3 0.4546296296296296 0.4361111111111111 0.025925925925925925 0.025
3 0.43148148148148147 0.5231481481481481 0.026851851851851852 0.025925925925925925
3 0.45555555555555555 0.5435185185185185 0.025925925925925925 0.026851851851851852
3 0.38981481481481484 0.6148148148148148 0.026851851851851852 0.025925925925925925
3 0.3453703703703704 0.6194444444444445 0.026851851851851852 0.027777777777777776
3 0.3175925925925926 0.5898148148148148 0.026851851851851852 0.025925925925925925
3 0.33611111111111114 0.562037037037037 0.025925925925925925 0.025925925925925925
3 0.3175925925925926 0.5388888888888889 0.026851851851851852 0.025925925925925925
3 0.30833333333333335 0.5064814814814815 0.027777777777777776 0.025925925925925925
3 0.3787037037037037 0.4046296296296296 0.025 0.025925925925925925
3 0.35 0.4083333333333333 0.025925925925925925 0.025
3 0.3314814814814815 0.44907407407407407 0.025925925925925925 0.025925925925925925
3 0.2824074074074074 0.4222222222222222 0.025925925925925925 0.025925925925925925
3 0.2537037037037037 0.39166666666666666 0.026851851851851852 0.025
3 0.21203703703703702 0.3962962962962963 0.026851851851851852 0.025
3 0.27314814814814814 0.5046296296296297 0.028703703703703703 0.025925925925925925
1 0.20277777777777778 0.5611111111111111 0.024074074074074074 0.025
3 0.1425925925925926 0.5722222222222222 0.027777777777777776 0.025925925925925925
3 0.14074074074074075 0.5259259259259259 0.028703703703703703 0.025925925925925925
3 0.175 0.5120370370370371 0.027777777777777776 0.025925925925925925
1 0.15462962962962962 0.43425925925925923 0.024074074074074074 0.022222222222222223
3 0.31574074074074077 0.662962962962963 0.027777777777777776 0.026851851851851852
3 0.35185185185185186 0.6611111111111111 0.027777777777777776 0.026851851851851852
3 0.38796296296296295 0.674074074074074 0.027777777777777776 0.027777777777777776
3 0.4324074074074074 0.6675925925925926 0.027777777777777776 0.027777777777777776
3 0.4527777777777778 0.7203703703703703 0.028703703703703703 0.027777777777777776
3 0.562037037037037 0.7574074074074074 0.028703703703703703 0.028703703703703703
3 0.662962962962963 0.6268518518518519 0.027777777777777776 0.027777777777777776
3 0.6777777777777778 0.7444444444444445 0.027777777777777776 0.02962962962962963
3 0.7574074074074074 0.7111111111111111 0.027777777777777776 0.028703703703703703
3 0.8287037037037037 0.6787037037037037 0.027777777777777776 0.027777777777777776
3 0.8481481481481481 0.6481481481481481 0.027777777777777776 0.02962962962962963
3 0.8861111111111111 0.6518518518518519 0.027777777777777776 0.027777777777777776
3 0.912962962962963 0.6416666666666667 0.027777777777777776 0.027777777777777776
1 0.7703703703703704 0.3074074074074074 0.023148148148148147 0.021296296296296296
1 0.8388888888888889 0.25833333333333336 0.022222222222222223 0.023148148148148147
3 0.4564814814814815 0.38333333333333336 0.025925925925925925 0.024074074074074074
3 0.6675925925925926 0.4148148148148148 0.027777777777777776 0.025
3 0.5064814814814815 0.512962962962963 0.027777777777777776 0.025925925925925925
3 0.4185185185185185 0.45555555555555555 0.025925925925925925 0.025925925925925925