1 0.524074074074074 0.32314814814814813 0.03796296296296296 0.037037037037037035
1 0.5046296296296297 0.24537037037037038 0.03888888888888889 0.037037037037037035
1 0.6277777777777778 0.30185185185185187 0.03888888888888889 0.03796296296296296
1 0.6296296296296297 0.2537037037037037 0.037037037037037035 0.037037037037037035
1 0.6092592592592593 0.2212962962962963 0.03796296296296296 0.03981481481481482
1 0.575925925925926 0.1685185185185185 0.03981481481481482 0.03796296296296296
1 0.5842592592592593 0.1111111111111111 0.03888888888888889 0.037037037037037035
1 0.4935185185185185 0.14629629629629629 0.037037037037037035 0.037037037037037035
1 0.41574074074074074 0.1638888888888889 0.03981481481481482 0.037037037037037035
1 0.3814814814814815 0.18055555555555555 0.03796296296296296 0.03796296296296296
1 0.34074074074074073 0.1925925925925926 0.03981481481481482 0.03796296296296296
1 0.22685185185185186 0.21388888888888888 0.03888888888888889 0.037037037037037035
1 0.43703703703703706 0.07962962962962963 0.03796296296296296 0.037037037037037035
3 0.3416666666666667 0.05092592592592592 0.04259259259259259 0.04259259259259259
3 0.6166666666666667 0.14444444444444443 0.04259259259259259 0.04351851851851852
3 0.6712962962962963 0.1814814814814815 0.04259259259259259 0.04259259259259259
3 0.537962962962963 0.22314814814814815 0.041666666666666664 0.04259259259259259
3 0.25925925925925924 0.18796296296296297 0.044444444444444446 0.04259259259259259
3 0.1814814814814815 0.31203703703703706 0.04351851851851852 0.04351851851851852
3 0.23055555555555557 0.31666666666666665 0.04351851851851852 0.04351851851851852
3 0.20833333333333334 0.2759259259259259 0.044444444444444446 0.04351851851851852
3 0.5064814814814815 0.28703703703703703 0.041666666666666664 0.04351851851851852
3 0.549074074074074 0.29074074074074074 0.04351851851851852 0.041666666666666664
3 0.7342592592592593 0.31296296296296294 0.04351851851851852 0.04259259259259259
3 0.7592592592592593 0.38425925925925924 0.044444444444444446 0.04259259259259259
3 0.7138888888888889 0.40925925925925927 0.04351851851851852 0.04259259259259259
3 0.6694444444444444 0.42314814814814816 0.041666666666666664 0.04259259259259259
3 0.6259259259259259 0.4166666666666667 0.04259259259259259 0.04259259259259259
3 0.5277777777777778 0.4351851851851852 0.040740740740740744 0.04259259259259259
3 0.41944444444444445 0.37962962962962965 0.04351851851851852 0.04351851851851852
3 0.4777777777777778 0.5203703703703704 0.04351851851851852 0.04259259259259259
3 0.42407407407407405 0.4925925925925926 0.044444444444444446 0.04351851851851852
3 0.33796296296296297 0.5092592592592593 0.04351851851851852 0.04259259259259259
3 0.36018518518518516 0.45185185185185184 0.04259259259259259 0.04259259259259259
3 0.7018518518518518 0.5046296296296297 0.04259259259259259 0.04259259259259259
3 0.24444444444444444 0.5388888888888889 0.04259259259259259 0.044444444444444446
3 0.2722222222222222 0.6277777777777778 0.04351851851851852 0.04259259259259259
3 0.2759259259259259 0.6722222222222223 0.04351851851851852 0.04259259259259259
3 0.32685185185185184 0.6564814814814814 0.044444444444444446 0.04351851851851852
3 0.18981481481481483 0.7157407407407408 0.04351851851851852 0.04351851851851852
3 0.23981481481481481 0.725925925925926 0.044444444444444446 0.04351851851851852
3 0.5074074074074074 0.7407407407407407 0.04351851851851852 0.046296296296296294
3 0.6055555555555555 0.674074074074074 0.04351851851851852 0.044444444444444446
3 0.6611111111111111 0.6657407407407407 0.04351851851851852 0.044444444444444446
3 0.6435185185185185 0.5694444444444444 0.04259259259259259 0.044444444444444446
3 0.8074074074074075 0.5925925925925926 0.04351851851851852 0.04351851851851852
3 0.7333333333333333 0.6370370370370371 0.04351851851851852 0.04351851851851852
3 0.7212962962962963 0.8324074074074074 0.04351851851851852 0.04537037037037037
3 0.6861111111111111 0.8037037037037037 0.04351851851851852 0.04537037037037037
3 0.40555555555555556 0.8481481481481481 0.044444444444444446 0.04537037037037037
3 0.40185185185185185 0.762962962962963 0.04351851851851852 0.04537037037037037
1 0.49074074074074076 0.612037037037037 0.03796296296296296 0.03796296296296296
1 0.5231481481481481 0.5907407407407408 0.037037037037037035 0.037037037037037035
0 0.7361111111111112 0.4648148148148148 0.032407407407407406 0.032407407407407406
0 0.5953703703703703 0.44351851851851853 0.03148148148148148 0.032407407407407406
1 0.5953703703703703 0.32685185185185184 0.03796296296296296 0.037037037037037035
2 0.6203703703703703 0.10185185185185185 0.03518518518518519 0.03333333333333333
2 0.4861111111111111 0.11018518518518519 0.03425925925925926 0.03425925925925926
2 0.5296296296296297 0.15185185185185185 0.03425925925925926 0.03425925925925926
2 0.6537037037037037 0.225 0.032407407407407406 0.03333333333333333
2 0.6953703703703704 0.21203703703703702 0.03518518518518519 0.03425925925925926
2 0.4824074074074074 0.18055555555555555 0.03425925925925926 0.032407407407407406
2 0.4759259259259259 0.21388888888888888 0.03518518518518519 0.03333333333333333
2 0.3527777777777778 0.15185185185185185 0.03518518518518519 0.03333333333333333
2 0.33055555555555555 0.11388888888888889 0.03611111111111111 0.032407407407407406
2 0.29907407407407405 0.1925925925925926 0.03425925925925926 0.03425925925925926
2 0.6731481481481482 0.3175925925925926 0.03333333333333333 0.03333333333333333
2 0.5888888888888889 0.2898148148148148 0.03425925925925926 0.032407407407407406
2 0.46574074074074073 0.287962962962963 0.03425925925925926 0.03425925925925926
2 0.38055555555555554 0.2611111111111111 0.03333333333333333 0.03333333333333333
1 0.6861111111111111 0.35 0.03796296296296296 0.03796296296296296
2 0.34814814814814815 0.26944444444444443 0.03611111111111111 0.03518518518518519
2 0.25555555555555554 0.2824074074074074 0.03518518518518519 0.03333333333333333
2 0.27314814814814814 0.31296296296296294 0.03425925925925926 0.03333333333333333
2 0.29259259259259257 0.3435185185185185 0.03333333333333333 0.03333333333333333
2 0.37222222222222223 0.33796296296296297 0.03425925925925926 0.03333333333333333
2 0.40555555555555556 0.33055555555555555 0.03333333333333333 0.03611111111111111
2 0.4648148148148148 0.37407407407407406 0.03518518518518519 0.032407407407407406
2 0.5305555555555556 0.35833333333333334 0.03333333333333333 0.032407407407407406
2 0.7907407407407407 0.4305555555555556 0.03611111111111111 0.03611111111111111
2 0.275 0.387037037037037 0.03425925925925926 0.03333333333333333
2 0.3287037037037037 0.4083333333333333 0.03333333333333333 0.03425925925925926
2 0.2953703703703704 0.4203703703703704 0.03425925925925926 0.03425925925925926
2 0.37407407407407406 0.41574074074074074 0.03611111111111111 0.03333333333333333
2 0.40925925925925927 0.4203703703703704 0.03425925925925926 0.03425925925925926
2 0.5611111111111111 0.462037037037037 0.03611111111111111 0.03611111111111111
2 0.8009259259259259 0.5314814814814814 0.032407407407407406 0.037037037037037035
2 0.7435185185185185 0.5120370370370371 0.03611111111111111 0.037037037037037035
2 0.7546296296296297 0.5925925925925926 0.03611111111111111 0.03425925925925926
2 0.7379629629629629 0.5574074074074075 0.03333333333333333 0.03425925925925926
2 0.7037037037037037 0.55 0.03611111111111111 0.03425925925925926
2 0.6648148148148149 0.6138888888888889 0.03796296296296296 0.03611111111111111
2 0.7101851851851851 0.6777777777777778 0.03425925925925926 0.03425925925925926
2 0.5601851851851852 0.5962962962962963 0.03333333333333333 0.03333333333333333
2 0.5481481481481482 0.5592592592592592 0.03333333333333333 0.03148148148148148
2 0.5157407407407407 0.5296296296296297 0.03611111111111111 0.032407407407407406
2 0.4212962962962963 0.537962962962963 0.03425925925925926 0.03518518518518519
2 0.45555555555555555 0.6027777777777777 0.03425925925925926 0.03333333333333333
2 0.38796296296296295 0.55 0.03425925925925926 0.03333333333333333
2 0.3907407407407407 0.5138888888888888 0.03611111111111111 0.03333333333333333
2 0.32037037037037036 0.4583333333333333 0.03425925925925926 0.03333333333333333
2 0.24074074074074073 0.4537037037037037 0.03425925925925926 0.03333333333333333
2 0.2064814814814815 0.46574074074074073 0.03425925925925926 0.03333333333333333
2 0.29074074074074074 0.5546296296296296 0.03333333333333333 0.03333333333333333
2 0.32222222222222224 0.5694444444444444 0.03425925925925926 0.03425925925925926
2 0.35833333333333334 0.5675925925925925 0.03425925925925926 0.03425925925925926
2 0.20462962962962963 0.6509259259259259 0.03425925925925926 0.03518518518518519
2 0.21944444444444444 0.6833333333333333 0.03333333333333333 0.03333333333333333
2 0.2462962962962963 0.7648148148148148 0.03611111111111111 0.03333333333333333
2 0.36574074074074076 0.7425925925925926 0.03611111111111111 0.03518518518518519
2 0.39351851851851855 0.7166666666666667 0.03611111111111111 0.03518518518518519
2 0.4287037037037037 0.7222222222222222 0.03425925925925926 0.03425925925925926
2 0.4787037037037037 0.7037037037037037 0.03425925925925926 0.03611111111111111
2 0.637962962962963 0.6981481481481482 0.03425925925925926 0.037037037037037035
2 0.6972222222222222 0.7398148148148148 0.03518518518518519 0.032407407407407406
2 0.7194444444444444 0.7694444444444445 0.03611111111111111 0.03518518518518519
2 0.6564814814814814 0.8407407407407408 0.03425925925925926 0.03611111111111111
2 0.6037037037037037 0.8398148148148148 0.03425925925925926 0.037037037037037035
2 0.5916666666666667 0.8018518518518518 0.03425925925925926 0.03425925925925926
2 0.6138888888888889 0.7361111111111112 0.03425925925925926 0.03518518518518519
2 0.5814814814814815 0.7240740740740741 0.032407407407407406 0.03425925925925926
2 0.4425925925925926 0.8 0.03611111111111111 0.037037037037037035
2 0.38333333333333336 0.8111111111111111 0.03518518518518519 0.03611111111111111
2 0.3638888888888889 0.8481481481481481 0.03425925925925926 0.03518518518518519
0 0.22037037037037038 0.17962962962962964 0.032407407407407406 0.030555555555555555
0 0.287962962962963 0.16111111111111112 0.03148148148148148 0.03148148148148148
0 0.31851851851851853 0.1574074074074074 0.03148148148148148 0.03148148148148148
0 0.2972222222222222 0.10740740740740741 0.03148148148148148 0.03148148148148148
0 0.2611111111111111 0.1388888888888889 0.03148148148148148 0.030555555555555555
0 0.3685185185185185 0.09722222222222222 0.030555555555555555 0.030555555555555555
0 0.39814814814814814 0.07962962962962963 0.032407407407407406 0.030555555555555555
0 0.387037037037037 0.14537037037037037 0.032407407407407406 0.032407407407407406
0 0.45925925925925926 0.13796296296296295 0.03148148148148148 0.03148148148148148
0 0.5203703703703704 0.11574074074074074 0.03148148148148148 0.032407407407407406
0 0.5157407407407407 0.18888888888888888 0.030555555555555555 0.030555555555555555
0 0.45185185185185184 0.17037037037037037 0.03148148148148148 0.03148148148148148
0 0.3712962962962963 0.21296296296296297 0.032407407407407406 0.032407407407407406
0 0.700925925925926 0.2712962962962963 0.032407407407407406 0.032407407407407406
0 0.5935185185185186 0.25833333333333336 0.032407407407407406 0.03148148148148148
0 0.5611111111111111 0.25277777777777777 0.03148148148148148 0.032407407407407406
0 0.575 0.21481481481481482 0.032407407407407406 0.03148148148148148
0 0.6546296296296297 0.13333333333333333 0.03148148148148148 0.03148148148148148
0 0.6287037037037037 0.18981481481481483 0.03148148148148148 0.03148148148148148
0 0.20555555555555555 0.3509259259259259 0.03148148148148148 0.03148148148148148
0 0.2611111111111111 0.35185185185185186 0.032407407407407406 0.03148148148148148
0 0.30648148148148147 0.375 0.032407407407407406 0.032407407407407406
0 0.3074074074074074 0.3138888888888889 0.032407407407407406 0.03148148148148148
0 0.3527777777777778 0.3074074074074074 0.032407407407407406 0.03148148148148148
0 0.30462962962962964 0.2814814814814815 0.03148148148148148 0.03148148148148148
0 0.28055555555555556 0.2601851851851852 0.03148148148148148 0.03148148148148148
0 0.38333333333333336 0.37037037037037035 0.03148148148148148 0.03148148148148148
0 0.4842592592592593 0.3453703703703704 0.03148148148148148 0.03148148148148148
0 0.45555555555555555 0.325 0.03148148148148148 0.032407407407407406
0 0.5009259259259259 0.3824074074074074 0.03148148148148148 0.03148148148148148
0 0.65 0.35 0.03148148148148148 0.03148148148148148
0 0.7407407407407407 0.27314814814814814 0.03148148148148148 0.03148148148148148
0 0.7222222222222222 0.37037037037037035 0.032407407407407406 0.03148148148148148
0 0.6722222222222223 0.38425925925925924 0.032407407407407406 0.03148148148148148
0 0.7685185185185185 0.5407407407407407 0.032407407407407406 0.03148148148148148
0 0.5925925925925926 0.4759259259259259 0.032407407407407406 0.032407407407407406
0 0.5611111111111111 0.5287037037037037 0.032407407407407406 0.03148148148148148
0 0.5657407407407408 0.4305555555555556 0.032407407407407406 0.03148148148148148
0 0.6842592592592592 0.575925925925926 0.03333333333333333 0.032407407407407406
0 0.6 0.5638888888888889 0.032407407407407406 0.032407407407407406
0 0.4888888888888889 0.5722222222222222 0.03148148148148148 0.032407407407407406
0 0.44722222222222224 0.41388888888888886 0.032407407407407406 0.03148148148148148
0 0.4101851851851852 0.4546296296296296 0.03148148148148148 0.03148148148148148
0 0.387037037037037 0.47962962962962963 0.03148148148148148 0.032407407407407406
0 0.3925925925925926 0.5824074074074074 0.032407407407407406 0.03333333333333333
0 0.4212962962962963 0.5981481481481481 0.032407407407407406 0.03148148148148148
0 0.3648148148148148 0.6018518518518519 0.03148148148148148 0.032407407407407406
0 0.3037037037037037 0.4898148148148148 0.032407407407407406 0.032407407407407406
0 0.2796296296296296 0.5185185185185185 0.032407407407407406 0.032407407407407406
0 0.2361111111111111 0.48703703703703705 0.03148148148148148 0.03148148148148148
0 0.21203703703703702 0.5148148148148148 0.032407407407407406 0.03333333333333333
0 0.23333333333333334 0.5833333333333334 0.032407407407407406 0.032407407407407406
0 0.19722222222222222 0.5953703703703703 0.032407407407407406 0.032407407407407406
0 0.15555555555555556 0.5648148148148148 0.032407407407407406 0.032407407407407406
0 0.17962962962962964 0.44537037037037036 0.032407407407407406 0.03148148148148148
0 0.337037037037037 0.6194444444444445 0.03518518518518519 0.03148148148148148
0 0.24074074074074073 0.6555555555555556 0.03425925925925926 0.03148148148148148
0 0.20092592592592592 0.7583333333333333 0.03333333333333333 0.03333333333333333
0 0.25462962962962965 0.8009259259259259 0.03333333333333333 0.03425925925925926
0 0.287962962962963 0.7916666666666666 0.03333333333333333 0.03425925925925926
0 0.3101851851851852 0.6925925925925925 0.032407407407407406 0.03333333333333333
0 0.362962962962963 0.6407407407407407 0.03148148148148148 0.032407407407407406
0 0.43148148148148147 0.687037037037037 0.03148148148148148 0.03333333333333333
0 0.5111111111111111 0.6518518518518519 0.032407407407407406 0.03425925925925926
0 0.3675925925925926 0.7814814814814814 0.032407407407407406 0.03425925925925926
0 0.3490740740740741 0.8157407407407408 0.03333333333333333 0.03333333333333333
0 0.4675925925925926 0.7564814814814815 0.03425925925925926 0.03333333333333333
0 0.4787037037037037 0.8018518518518518 0.030555555555555555 0.032407407407407406
0 0.4861111111111111 0.8361111111111111 0.032407407407407406 0.032407407407407406
0 0.5481481481481482 0.725925925925926 0.03148148148148148 0.032407407407407406
0 0.6324074074074074 0.6287037037037037 0.032407407407407406 0.032407407407407406
0 0.5638888888888889 0.8231481481481482 0.032407407407407406 0.03333333333333333
0 0.5537037037037037 0.7907407407407407 0.03333333333333333 0.03425925925925926
0 0.6277777777777778 0.8666666666666667 0.032407407407407406 0.03518518518518519
0 0.7518518518518519 0.7972222222222223 0.032407407407407406 0.03425925925925926
0 0.6583333333333333 0.725925925925926 0.032407407407407406 0.03333333333333333
0 0.7712962962962963 0.649074074074074 0.032407407407407406 0.032407407407407406
1 0.31666666666666665 0.8296296296296296 0.03981481481481482 0.03981481481481482
1 0.4462962962962963 0.8601851851851852 0.03888888888888889 0.040740740740740744
1 0.55 0.8574074074074074 0.03981481481481482 0.040740740740740744
1 0.5861111111111111 0.7620370370370371 0.03981481481481482 0.03888888888888889
1 0.5138888888888888 0.8092592592592592 0.040740740740740744 0.03981481481481482
1 0.7314814814814815 0.7148148148148148 0.03981481481481482 0.03796296296296296
1 0.6361111111111111 0.8037037037037037 0.03981481481481482 0.041666666666666664
1 0.32222222222222224 0.7638888888888888 0.03796296296296296 0.03981481481481482
1 0.2833333333333333 0.7546296296296297 0.03981481481481482 0.03888888888888889
1 0.28055555555555556 0.7157407407407408 0.03981481481481482 0.041666666666666664
1 0.16574074074074074 0.6138888888888889 0.03888888888888889 0.03796296296296296
1 0.22870370370370371 0.6203703703703703 0.03888888888888889 0.03888888888888889
1 0.41203703703703703 0.6574074074074074 0.03981481481481482 0.03981481481481482
1 0.47314814814814815 0.6620370370370371 0.03796296296296296 0.03888888888888889
1 0.5268518518518519 0.6935185185185185 0.03888888888888889 0.040740740740740744
1 0.5925925925925926 0.6222222222222222 0.03888888888888889 0.03796296296296296
1 0.5666666666666667 0.687962962962963 0.03796296296296296 0.03981481481481482
1 0.6925925925925925 0.637962962962963 0.03888888888888889 0.03796296296296296
1 0.7481481481481481 0.6777777777777778 0.03981481481481482 0.03981481481481482
1 0.7175925925925926 0.5898148148148148 0.040740740740740744 0.03888888888888889
1 0.7925925925925926 0.475 0.03981481481481482 0.03796296296296296
1 0.6657407407407407 0.5268518518518519 0.03796296296296296 0.037037037037037035
1 0.6027777777777777 0.5175925925925926 0.03888888888888889 0.037037037037037035
1 0.6555555555555556 0.4888888888888889 0.03981481481481482 0.03796296296296296
1 0.5277777777777778 0.47685185185185186 0.03796296296296296 0.037037037037037035
1 0.4722222222222222 0.462037037037037 0.03796296296296296 0.03796296296296296
1 0.587037037037037 0.4009259259259259 0.03796296296296296 0.037037037037037035
1 0.5842592592592593 0.362962962962963 0.03796296296296296 0.037037037037037035
1 0.6268518518518519 0.37592592592592594 0.03796296296296296 0.037037037037037035
1 0.2777777777777778 0.4546296296296296 0.03796296296296296 0.037037037037037035
1 0.2574074074074074 0.4212962962962963 0.03796296296296296 0.03796296296296296
1 0.3425925925925926 0.36018518518518516 0.03888888888888889 0.037037037037037035
1 0.23425925925925925 0.38981481481481484 0.03796296296296296 0.037037037037037035
1 0.18796296296296297 0.3888888888888889 0.03888888888888889 0.03888888888888889
1 0.30462962962962964 0.6027777777777777 0.040740740740740744 0.03796296296296296
1 0.26944444444444443 0.5861111111111111 0.03981481481481482 0.03981481481481482
1 0.36944444444444446 0.687962962962963 0.03796296296296296 0.03981481481481482
1 0.18611111111111112 0.5462962962962963 0.03981481481481482 0.03981481481481482
1 0.18055555555555555 0.4925925925925926 0.03888888888888889 0.037037037037037035
1 0.24444444444444444 0.24722222222222223 0.03796296296296296 0.03796296296296296
1 0.2833333333333333 0.225 0.03888888888888889 0.03796296296296296
1 0.32407407407407407 0.22777777777777777 0.03796296296296296 0.037037037037037035
1 0.387037037037037 0.29814814814814816 0.03796296296296296 0.03796296296296296
1 0.42592592592592593 0.30092592592592593 0.03796296296296296 0.03796296296296296
1 0.41759259259259257 0.26296296296296295 0.037037037037037035 0.037037037037037035
1 0.42407407407407405 0.2212962962962963 0.03888888888888889 0.03796296296296296
1 0.5370370370370371 0.39444444444444443 0.037037037037037035 0.03518518518518519