0 0.2824074074074074 0.8425925925925926 0.0712962962962963 0.08333333333333333
0 0.2833333333333333 0.575925925925926 0.06481481481481481 0.0787037037037037
0 0.2796296296296296 0.49444444444444446 0.062037037037037036 0.0712962962962963
0 0.37407407407407406 0.8388888888888889 0.06666666666666667 0.08611111111111111
0 0.4648148148148148 0.8398148148148148 0.06666666666666667 0.08611111111111111
0 0.4638888888888889 0.6685185185185185 0.062037037037037036 0.07685185185185185
0 0.5555555555555556 0.7527777777777778 0.062037037037037036 0.0712962962962963
0 0.6444444444444445 0.8435185185185186 0.05277777777777778 0.0787037037037037
0 0.6407407407407407 0.7555555555555555 0.05740740740740741 0.08611111111111111
0 0.637962962962963 0.6694444444444444 0.05740740740740741 0.0787037037037037
0 0.6398148148148148 0.5833333333333334 0.05925925925925926 0.07685185185185185
0 0.5537037037037037 0.6694444444444444 0.0712962962962963 0.09074074074074075
0 0.7268518518518519 0.7537037037037037 0.062037037037037036 0.08148148148148149
0 0.7268518518518519 0.6703703703703704 0.0712962962962963 0.08611111111111111
0 0.7305555555555555 0.5851851851851851 0.0712962962962963 0.08148148148148149
0 0.7287037037037037 0.3194444444444444 0.062037037037037036 0.08888888888888889
0 0.8222222222222222 0.4925925925925926 0.06666666666666667 0.0712962962962963
0 0.8185185185185185 0.5777777777777777 0.062037037037037036 0.08148148148148149
0 0.8185185185185185 0.8435185185185186 0.06666666666666667 0.08611111111111111
2 0.2777777777777778 0.7537037037037037 0.07685185185185185 0.08611111111111111
2 0.2833333333333333 0.6666666666666666 0.06666666666666667 0.09537037037037037
2 0.2796296296296296 0.4101851851851852 0.06666666666666667 0.09074074074074075
2 0.37222222222222223 0.7527777777777778 0.06666666666666667 0.08148148148148149
2 0.3712962962962963 0.6620370370370371 0.07685185185185185 0.08611111111111111
2 0.4638888888888889 0.7555555555555555 0.0712962962962963 0.08148148148148149
2 0.5527777777777778 0.8462962962962963 0.0712962962962963 0.10092592592592593
2 0.5537037037037037 0.5740740740740741 0.06666666666666667 0.08148148148148149
2 0.7324074074074074 0.8425925925925926 0.06666666666666667 0.0787037037037037
2 0.7287037037037037 0.49722222222222223 0.06944444444444445 0.08148148148148149
2 0.7287037037037037 0.4111111111111111 0.06666666666666667 0.08611111111111111
2 0.8175925925925925 0.7574074074074074 0.06666666666666667 0.08148148148148149
2 0.8185185185185185 0.6694444444444444 0.06666666666666667 0.09351851851851851