0 0.1574074074074074 0.2824074074074074 0.08333333333333333 0.0712962962962963
0 0.42407407407407405 0.2833333333333333 0.0787037037037037 0.06481481481481481
0 0.5055555555555555 0.2796296296296296 0.0712962962962963 0.062037037037037036
0 0.16111111111111112 0.37407407407407406 0.08611111111111111 0.06666666666666667
0 0.16018518518518518 0.4648148148148148 0.08611111111111111 0.06666666666666667
0 0.3314814814814815 0.4638888888888889 0.07685185185185185 0.062037037037037036
0 0.24722222222222223 0.5555555555555556 0.0712962962962963 0.062037037037037036
0 0.15648148148148147 0.6444444444444445 0.0787037037037037 0.05277777777777778
0 0.24444444444444444 0.6407407407407407 0.08611111111111111 0.05740740740740741
0 0.33055555555555555 0.637962962962963 0.0787037037037037 0.05740740740740741
0 0.4166666666666667 0.6398148148148148 0.07685185185185185 0.05925925925925926
0 0.33055555555555555 0.5537037037037037 0.09074074074074075 0.0712962962962963
0 0.2462962962962963 0.7268518518518519 0.08148148148148149 0.062037037037037036
0 0.3296296296296296 0.7268518518518519 0.08611111111111111 0.0712962962962963
0 0.4148148148148148 0.7305555555555555 0.08148148148148149 0.0712962962962963
0 0.6805555555555556 0.7287037037037037 0.08888888888888889 0.062037037037037036
0 0.5074074074074074 0.8222222222222222 0.0712962962962963 0.06666666666666667
0 0.4222222222222222 0.8185185185185185 0.08148148148148149 0.062037037037037036
0 0.15648148148148147 0.8185185185185185 0.08611111111111111 0.06666666666666667
2 0.2462962962962963 0.2777777777777778 0.08611111111111111 0.07685185185185185
2 0.3333333333333333 0.2833333333333333 0.09537037037037037 0.06666666666666667
2 0.5898148148148148 0.2796296296296296 0.09074074074074075 0.06666666666666667
2 0.24722222222222223 0.37222222222222223 0.08148148148148149 0.06666666666666667
2 0.33796296296296297 0.3712962962962963 0.08611111111111111 0.07685185185185185
2 0.24444444444444444 0.4638888888888889 0.08148148148148149 0.0712962962962963
2 0.1537037037037037 0.5527777777777778 0.10092592592592593 0.0712962962962963
2 0.42592592592592593 0.5537037037037037 0.08148148148148149 0.06666666666666667
2 0.1574074074074074 0.7324074074074074 0.0787037037037037 0.06666666666666667
2 0.5027777777777778 0.7287037037037037 0.08148148148148149 0.06944444444444445
2 0.5888888888888889 0.7287037037037037 0.08611111111111111 0.06666666666666667
2 0.24259259259259258 0.8175925925925925 0.08148148148148149 0.06666666666666667
2 0.33055555555555555 0.8185185185185185 0.09351851851851851 0.06666666666666667