0 0.8462962962962963 0.7212962962962963 0.0787037037037037 0.06666666666666667
0 0.7555555555555555 0.7231481481481481 0.07685185185185185 0.06481481481481481
0 0.674074074074074 0.7231481481481481 0.08611111111111111 0.062037037037037036
0 0.5851851851851851 0.7222222222222222 0.07685185185185185 0.062037037037037036
2 0.49907407407407406 0.7231481481481481 0.08611111111111111 0.06481481481481481
1 0.4027777777777778 0.7222222222222222 0.09814814814814815 0.07685185185185185
1 0.8314814814814815 0.6296296296296297 0.09537037037037037 0.0712962962962963
1 0.6444444444444445 0.6296296296296297 0.09537037037037037 0.07685185185185185
1 0.5435185185185185 0.6277777777777778 0.10092592592592593 0.07685185185185185
1 0.44074074074074077 0.6277777777777778 0.09537037037037037 0.07685185185185185
1 0.8314814814814815 0.5351851851851852 0.09537037037037037 0.0712962962962963
1 0.8333333333333334 0.4425925925925926 0.09814814814814815 0.0712962962962963
1 0.7324074074074074 0.4388888888888889 0.10092592592592593 0.0712962962962963
1 0.6342592592592593 0.4388888888888889 0.10092592592592593 0.0712962962962963
1 0.5314814814814814 0.44074074074074077 0.09351851851851851 0.0712962962962963
1 0.8333333333333334 0.3472222222222222 0.09814814814814815 0.0712962962962963
1 0.7324074074074074 0.3472222222222222 0.10092592592592593 0.0712962962962963
1 0.5435185185185185 0.34814814814814815 0.09537037037037037 0.0712962962962963
1 0.44351851851851853 0.3472222222222222 0.09814814814814815 0.0712962962962963
1 0.3425925925925926 0.3453703703703704 0.09537037037037037 0.07407407407407407
1 0.24166666666666667 0.3472222222222222 0.10092592592592593 0.06666666666666667
1 0.8361111111111111 0.2537037037037037 0.09814814814814815 0.0712962962962963
1 0.6537037037037037 0.16018518518518518 0.09074074074074075 0.0712962962962963
1 0.4648148148148148 0.15648148148148147 0.09814814814814815 0.07407407407407407
2 0.7379629629629629 0.6296296296296297 0.08611111111111111 0.06666666666666667
2 0.3472222222222222 0.6296296296296297 0.08333333333333333 0.06481481481481481
2 0.6537037037037037 0.5361111111111111 0.08611111111111111 0.06666666666666667
2 0.637962962962963 0.3472222222222222 0.09074074074074075 0.06666666666666667
2 0.7379629629629629 0.25092592592592594 0.08611111111111111 0.0712962962962963
2 0.6462962962962963 0.25092592592592594 0.08611111111111111 0.062037037037037036
2 0.8416666666666667 0.1574074074074074 0.08611111111111111 0.06666666666666667
2 0.7509259259259259 0.1574074074074074 0.09074074074074075 0.062037037037037036
2 0.5592592592592592 0.1574074074074074 0.08888888888888889 0.062037037037037036
0 0.7407407407407407 0.5314814814814814 0.08333333333333333 0.06666666666666667
0 0.5666666666666667 0.5342592592592592 0.07685185185185185 0.06111111111111111
0 0.44074074074074077 0.4398148148148148 0.08611111111111111 0.06666666666666667
0 0.3509259259259259 0.4425925925925926 0.08611111111111111 0.06481481481481481
0 0.562962962962963 0.25462962962962965 0.08148148148148149 0.062037037037037036
0 0.4759259259259259 0.25092592592592594 0.08148148148148149 0.05925925925925926
0 0.38796296296296295 0.25277777777777777 0.08148148148148149 0.05740740740740741
1 0.475 0.5351851851851852 0.09537037037037037 0.0712962962962963