0 0.1537037037037037 0.27870370370370373 0.0787037037037037 0.06666666666666667
0 0.24444444444444444 0.27685185185185185 0.07685185185185185 0.06481481481481481
0 0.32592592592592595 0.27685185185185185 0.08611111111111111 0.062037037037037036
0 0.4148148148148148 0.2777777777777778 0.07685185185185185 0.062037037037037036
2 0.5009259259259259 0.27685185185185185 0.08611111111111111 0.06481481481481481
1 0.5972222222222222 0.2777777777777778 0.09814814814814815 0.07685185185185185
1 0.1685185185185185 0.37037037037037035 0.09537037037037037 0.0712962962962963
1 0.35555555555555557 0.37037037037037035 0.09537037037037037 0.07685185185185185
1 0.4564814814814815 0.37222222222222223 0.10092592592592593 0.07685185185185185
1 0.5592592592592592 0.37222222222222223 0.09537037037037037 0.07685185185185185
1 0.1685185185185185 0.4648148148148148 0.09537037037037037 0.0712962962962963
1 0.16666666666666666 0.5574074074074075 0.09814814814814815 0.0712962962962963
1 0.2675925925925926 0.5611111111111111 0.10092592592592593 0.0712962962962963
1 0.36574074074074076 0.5611111111111111 0.10092592592592593 0.0712962962962963
1 0.4685185185185185 0.5592592592592592 0.09351851851851851 0.0712962962962963
1 0.16666666666666666 0.6527777777777778 0.09814814814814815 0.0712962962962963
1 0.2675925925925926 0.6527777777777778 0.10092592592592593 0.0712962962962963
1 0.4564814814814815 0.6518518518518519 0.09537037037037037 0.0712962962962963
1 0.5564814814814815 0.6527777777777778 0.09814814814814815 0.0712962962962963
1 0.6574074074074074 0.6546296296296297 0.09537037037037037 0.07407407407407407
1 0.7583333333333333 0.6527777777777778 0.10092592592592593 0.06666666666666667
1 0.1638888888888889 0.7462962962962963 0.09814814814814815 0.0712962962962963
1 0.34629629629629627 0.8398148148148148 0.09074074074074075 0.0712962962962963
1 0.5351851851851852 0.8435185185185186 0.09814814814814815 0.07407407407407407
2 0.262037037037037 0.37037037037037035 0.08611111111111111 0.06666666666666667
2 0.6527777777777778 0.37037037037037035 0.08333333333333333 0.06481481481481481
2 0.34629629629629627 0.4638888888888889 0.08611111111111111 0.06666666666666667
2 0.36203703703703705 0.6527777777777778 0.09074074074074075 0.06666666666666667
2 0.262037037037037 0.7490740740740741 0.08611111111111111 0.0712962962962963
2 0.3537037037037037 0.7490740740740741 0.08611111111111111 0.062037037037037036
2 0.15833333333333333 0.8425925925925926 0.08611111111111111 0.06666666666666667
2 0.2490740740740741 0.8425925925925926 0.09074074074074075 0.062037037037037036
2 0.44074074074074077 0.8425925925925926 0.08888888888888889 0.062037037037037036
0 0.25925925925925924 0.4685185185185185 0.08333333333333333 0.06666666666666667
0 0.43333333333333335 0.46574074074074073 0.07685185185185185 0.06111111111111111
0 0.5592592592592592 0.5601851851851852 0.08611111111111111 0.06666666666666667
0 0.649074074074074 0.5574074074074075 0.08611111111111111 0.06481481481481481
0 0.43703703703703706 0.7453703703703703 0.08148148148148149 0.062037037037037036
0 0.524074074074074 0.7490740740740741 0.08148148148148149 0.05925925925925926
0 0.612037037037037 0.7472222222222222 0.08148148148148149 0.05740740740740741
1 0.525 0.4648148148148148 0.09537037037037037 0.0712962962962963