0 0.8425925925925926 0.7175925925925926 0.08333333333333333 0.0712962962962963
0 0.575925925925926 0.7166666666666667 0.0787037037037037 0.06481481481481481
0 0.49444444444444446 0.7203703703703703 0.0712962962962963 0.062037037037037036
0 0.8388888888888889 0.6259259259259259 0.08611111111111111 0.06666666666666667
0 0.8398148148148148 0.5351851851851852 0.08611111111111111 0.06666666666666667
0 0.6685185185185185 0.5361111111111111 0.07685185185185185 0.062037037037037036
0 0.7527777777777778 0.4444444444444444 0.0712962962962963 0.062037037037037036
0 0.8435185185185186 0.35555555555555557 0.0787037037037037 0.05277777777777778
0 0.7555555555555555 0.3592592592592593 0.08611111111111111 0.05740740740740741
0 0.6694444444444444 0.36203703703703705 0.0787037037037037 0.05740740740740741
0 0.5833333333333334 0.36018518518518516 0.07685185185185185 0.05925925925925926
0 0.6694444444444444 0.4462962962962963 0.09074074074074075 0.0712962962962963
0 0.7537037037037037 0.27314814814814814 0.08148148148148149 0.062037037037037036
0 0.6703703703703704 0.27314814814814814 0.08611111111111111 0.0712962962962963
0 0.5851851851851851 0.26944444444444443 0.08148148148148149 0.0712962962962963
0 0.3194444444444444 0.2712962962962963 0.08888888888888889 0.062037037037037036
0 0.4925925925925926 0.17777777777777778 0.0712962962962963 0.06666666666666667
0 0.5777777777777777 0.1814814814814815 0.08148148148148149 0.062037037037037036
0 0.8435185185185186 0.1814814814814815 0.08611111111111111 0.06666666666666667
2 0.7537037037037037 0.7222222222222222 0.08611111111111111 0.07685185185185185
2 0.6666666666666666 0.7166666666666667 0.09537037037037037 0.06666666666666667
2 0.4101851851851852 0.7203703703703703 0.09074074074074075 0.06666666666666667
2 0.7527777777777778 0.6277777777777778 0.08148148148148149 0.06666666666666667
2 0.6620370370370371 0.6287037037037037 0.08611111111111111 0.07685185185185185
2 0.7555555555555555 0.5361111111111111 0.08148148148148149 0.0712962962962963
2 0.8462962962962963 0.44722222222222224 0.10092592592592593 0.0712962962962963
2 0.5740740740740741 0.4462962962962963 0.08148148148148149 0.06666666666666667
2 0.8425925925925926 0.2675925925925926 0.0787037037037037 0.06666666666666667
2 0.49722222222222223 0.2712962962962963 0.08148148148148149 0.06944444444444445
2 0.4111111111111111 0.2712962962962963 0.08611111111111111 0.06666666666666667
2 0.7574074074074074 0.1824074074074074 0.08148148148148149 0.06666666666666667
2 0.6694444444444444 0.1814814814814815 0.09351851851851851 0.06666666666666667