3 0.2388888888888889 0.524074074074074 0.04259259259259259 0.03981481481481482
3 0.475 0.4546296296296296 0.03981481481481482 0.03981481481481482
3 0.850925925925926 0.4287037037037037 0.03981481481481482 0.03981481481481482
3 0.812037037037037 0.462037037037037 0.03981481481481482 0.03888888888888889
3 0.7657407407407407 0.425 0.041666666666666664 0.03888888888888889
3 0.7268518518518519 0.31574074074074077 0.03888888888888889 0.03888888888888889
3 0.6898148148148148 0.35 0.03888888888888889 0.037037037037037035
3 0.674074074074074 0.48333333333333334 0.03981481481481482 0.040740740740740744
3 0.7333333333333333 0.5842592592592593 0.03796296296296296 0.040740740740740744
3 0.6833333333333333 0.6722222222222223 0.040740740740740744 0.041666666666666664
3 0.6277777777777778 0.8074074074074075 0.04259259259259259 0.040740740740740744
3 0.5703703703703704 0.5398148148148149 0.040740740740740744 0.040740740740740744
3 0.612037037037037 0.3509259259259259 0.03888888888888889 0.040740740740740744
3 0.5935185185185186 0.4527777777777778 0.041666666666666664 0.040740740740740744
3 0.5518518518518518 0.41574074074074074 0.03888888888888889 0.03981481481481482
3 0.49722222222222223 0.3574074074074074 0.03888888888888889 0.03981481481481482
3 0.3314814814814815 0.2898148148148148 0.040740740740740744 0.040740740740740744
3 0.39537037037037037 0.4888888888888889 0.04259259259259259 0.041666666666666664
3 0.37222222222222223 0.6092592592592593 0.041666666666666664 0.041666666666666664
3 0.30648148148148147 0.46111111111111114 0.04259259259259259 0.040740740740740744
1 0.6222222222222222 0.562962962962963 0.037037037037037035 0.03518518518518519
1 0.5898148148148148 0.7916666666666666 0.037037037037037035 0.03611111111111111
1 0.6259259259259259 0.6129629629629629 0.037037037037037035 0.03518518518518519
1 0.8148148148148148 0.5527777777777778 0.037037037037037035 0.03518518518518519
1 0.44074074074074077 0.6194444444444445 0.03611111111111111 0.03611111111111111
1 0.649074074074074 0.23333333333333334 0.03333333333333333 0.03611111111111111
1 0.5675925925925925 0.33796296296296297 0.03333333333333333 0.03611111111111111
1 0.2851851851851852 0.5796296296296296 0.037037037037037035 0.03518518518518519
1 0.35555555555555557 0.4074074074074074 0.037037037037037035 0.03518518518518519
1 0.38981481481481484 0.28888888888888886 0.03888888888888889 0.03796296296296296
1 0.8796296296296297 0.47129629629629627 0.03333333333333333 0.03518518518518519
2 0.5268518518518519 0.6685185185185185 0.03148148148148148 0.032407407407407406
2 0.5907407407407408 0.7074074074074074 0.03148148148148148 0.032407407407407406
2 0.6203703703703703 0.7490740740740741 0.03148148148148148 0.032407407407407406
2 0.5342592592592592 0.7935185185185185 0.03148148148148148 0.032407407407407406
2 0.5972222222222222 0.5898148148148148 0.03148148148148148 0.032407407407407406
2 0.6435185185185185 0.6842592592592592 0.03148148148148148 0.032407407407407406
2 0.7472222222222222 0.6564814814814814 0.03148148148148148 0.032407407407407406
2 0.7287037037037037 0.6231481481481481 0.03148148148148148 0.032407407407407406
2 0.4861111111111111 0.262037037037037 0.03148148148148148 0.032407407407407406
2 0.5657407407407408 0.18796296296296297 0.03148148148148148 0.032407407407407406
2 0.49722222222222223 0.2953703703703704 0.03148148148148148 0.032407407407407406
2 0.55 0.2518518518518518 0.03148148148148148 0.032407407407407406
2 0.5962962962962963 0.31574074074074077 0.03148148148148148 0.030555555555555555
2 0.6861111111111111 0.44351851851851853 0.03148148148148148 0.032407407407407406
2 0.5092592592592593 0.44166666666666665 0.03148148148148148 0.032407407407407406
2 0.7703703703703704 0.3111111111111111 0.03148148148148148 0.032407407407407406
2 0.46296296296296297 0.7833333333333333 0.03148148148148148 0.032407407407407406
2 0.8 0.30462962962962964 0.03148148148148148 0.030555555555555555
2 0.7416666666666667 0.4666666666666667 0.03148148148148148 0.032407407407407406
2 0.737037037037037 0.37962962962962965 0.03148148148148148 0.032407407407407406
2 0.3398148148148148 0.5601851851851852 0.03148148148148148 0.032407407407407406
2 0.36018518518518516 0.37037037037037035 0.03148148148148148 0.032407407407407406
2 0.42314814814814816 0.5388888888888889 0.03148148148148148 0.032407407407407406
2 0.4444444444444444 0.34444444444444444 0.03148148148148148 0.032407407407407406
2 0.375 0.24814814814814815 0.03148148148148148 0.032407407407407406
2 0.27314814814814814 0.25277777777777777 0.03148148148148148 0.032407407407407406
2 0.42685185185185187 0.1962962962962963 0.03148148148148148 0.032407407407407406
2 0.287962962962963 0.5138888888888888 0.03148148148148148 0.032407407407407406
2 0.41759259259259257 0.37962962962962965 0.03148148148148148 0.032407407407407406
2 0.4305555555555556 0.41574074074074074 0.03148148148148148 0.032407407407407406
2 0.32314814814814813 0.5111111111111111 0.03148148148148148 0.032407407407407406
0 0.6129629629629629 0.25462962962962965 0.028703703703703703 0.030555555555555555
0 0.6018518518518519 0.2824074074074074 0.03148148148148148 0.02962962962962963
0 0.725 0.5037037037037037 0.02962962962962963 0.030555555555555555
0 0.75 0.5296296296296297 0.028703703703703703 0.032407407407407406
0 0.7953703703703704 0.6907407407407408 0.030555555555555555 0.032407407407407406
0 0.7907407407407407 0.637962962962963 0.02962962962962963 0.02962962962962963
0 0.8398148148148148 0.5314814814814814 0.028703703703703703 0.02962962962962963
0 0.5435185185185185 0.5648148148148148 0.028703703703703703 0.028703703703703703
0 0.5342592592592592 0.5148148148148148 0.03148148148148148 0.02962962962962963
0 0.6796296296296296 0.7111111111111111 0.030555555555555555 0.032407407407407406
0 0.5666666666666667 0.8324074074074074 0.03425925925925926 0.03425925925925926
0 0.7064814814814815 0.6037037037037037 0.02962962962962963 0.02962962962962963
0 0.5814814814814815 0.4981481481481482 0.02962962962962963 0.030555555555555555
0 0.6287037037037037 0.7138888888888889 0.03425925925925926 0.03425925925925926
0 0.7027777777777777 0.5259259259259259 0.028703703703703703 0.028703703703703703
0 0.6703703703703704 0.3962962962962963 0.032407407407407406 0.02962962962962963
0 0.46574074074074073 0.30092592592592593 0.028703703703703703 0.028703703703703703
0 0.4166666666666667 0.5722222222222222 0.030555555555555555 0.032407407407407406
0 0.49444444444444446 0.5212962962962963 0.028703703703703703 0.030555555555555555
0 0.45740740740740743 0.5259259259259259 0.02962962962962963 0.030555555555555555
0 0.4824074074074074 0.7138888888888889 0.030555555555555555 0.030555555555555555
0 0.45740740740740743 0.6527777777777778 0.032407407407407406 0.030555555555555555
0 0.3990740740740741 0.6620370370370371 0.032407407407407406 0.03148148148148148
0 0.30648148148148147 0.6231481481481481 0.03425925925925926 0.03425925925925926