3 0.7611111111111111 0.4759259259259259 0.04259259259259259 0.03981481481481482
3 0.525 0.5453703703703704 0.03981481481481482 0.03981481481481482
3 0.14907407407407408 0.5712962962962963 0.03981481481481482 0.03981481481481482
3 0.18796296296296297 0.537962962962963 0.03981481481481482 0.03888888888888889
3 0.23425925925925925 0.575 0.041666666666666664 0.03888888888888889
3 0.27314814814814814 0.6842592592592592 0.03888888888888889 0.03888888888888889
3 0.3101851851851852 0.65 0.03888888888888889 0.037037037037037035
3 0.32592592592592595 0.5166666666666667 0.03981481481481482 0.040740740740740744
3 0.26666666666666666 0.41574074074074074 0.03796296296296296 0.040740740740740744
3 0.31666666666666665 0.3277777777777778 0.040740740740740744 0.041666666666666664
3 0.37222222222222223 0.1925925925925926 0.04259259259259259 0.040740740740740744
3 0.42962962962962964 0.4601851851851852 0.040740740740740744 0.040740740740740744
3 0.38796296296296295 0.649074074074074 0.03888888888888889 0.040740740740740744
3 0.4064814814814815 0.5472222222222223 0.041666666666666664 0.040740740740740744
3 0.44814814814814813 0.5842592592592593 0.03888888888888889 0.03981481481481482
3 0.5027777777777778 0.6425925925925926 0.03888888888888889 0.03981481481481482
3 0.6685185185185185 0.7101851851851851 0.040740740740740744 0.040740740740740744
3 0.6046296296296296 0.5111111111111111 0.04259259259259259 0.041666666666666664
3 0.6277777777777778 0.3907407407407407 0.041666666666666664 0.041666666666666664
3 0.6935185185185185 0.5388888888888889 0.04259259259259259 0.040740740740740744
1 0.37777777777777777 0.43703703703703706 0.037037037037037035 0.03518518518518519
1 0.4101851851851852 0.20833333333333334 0.037037037037037035 0.03611111111111111
1 0.37407407407407406 0.387037037037037 0.037037037037037035 0.03518518518518519
1 0.18518518518518517 0.44722222222222224 0.037037037037037035 0.03518518518518519
1 0.5592592592592592 0.38055555555555554 0.03611111111111111 0.03611111111111111
1 0.3509259259259259 0.7666666666666667 0.03333333333333333 0.03611111111111111
1 0.4324074074074074 0.6620370370370371 0.03333333333333333 0.03611111111111111
1 0.7148148148148148 0.4203703703703704 0.037037037037037035 0.03518518518518519
1 0.6444444444444445 0.5925925925925926 0.037037037037037035 0.03518518518518519
1 0.6101851851851852 0.7111111111111111 0.03888888888888889 0.03796296296296296
1 0.12037037037037036 0.5287037037037037 0.03333333333333333 0.03518518518518519
2 0.47314814814814815 0.3314814814814815 0.03148148148148148 0.032407407407407406
2 0.40925925925925927 0.29259259259259257 0.03148148148148148 0.032407407407407406
2 0.37962962962962965 0.25092592592592594 0.03148148148148148 0.032407407407407406
2 0.46574074074074073 0.2064814814814815 0.03148148148148148 0.032407407407407406
2 0.4027777777777778 0.4101851851851852 0.03148148148148148 0.032407407407407406
2 0.35648148148148145 0.31574074074074077 0.03148148148148148 0.032407407407407406
2 0.25277777777777777 0.3435185185185185 0.03148148148148148 0.032407407407407406
2 0.2712962962962963 0.3768518518518518 0.03148148148148148 0.032407407407407406
2 0.5138888888888888 0.7379629629629629 0.03148148148148148 0.032407407407407406
2 0.43425925925925923 0.812037037037037 0.03148148148148148 0.032407407407407406
2 0.5027777777777778 0.7046296296296296 0.03148148148148148 0.032407407407407406
2 0.45 0.7481481481481481 0.03148148148148148 0.032407407407407406
2 0.40370370370370373 0.6842592592592592 0.03148148148148148 0.030555555555555555
2 0.3138888888888889 0.5564814814814815 0.03148148148148148 0.032407407407407406
2 0.49074074074074076 0.5583333333333333 0.03148148148148148 0.032407407407407406
2 0.22962962962962963 0.6888888888888889 0.03148148148148148 0.032407407407407406
2 0.5370370370370371 0.21666666666666667 0.03148148148148148 0.032407407407407406
2 0.2 0.6953703703703704 0.03148148148148148 0.030555555555555555
2 0.25833333333333336 0.5333333333333333 0.03148148148148148 0.032407407407407406
2 0.26296296296296295 0.6203703703703703 0.03148148148148148 0.032407407407407406
2 0.6601851851851852 0.4398148148148148 0.03148148148148148 0.032407407407407406
2 0.6398148148148148 0.6296296296296297 0.03148148148148148 0.032407407407407406
2 0.5768518518518518 0.46111111111111114 0.03148148148148148 0.032407407407407406
2 0.5555555555555556 0.6555555555555556 0.03148148148148148 0.032407407407407406
2 0.625 0.7518518518518519 0.03148148148148148 0.032407407407407406
2 0.7268518518518519 0.7472222222222222 0.03148148148148148 0.032407407407407406
2 0.5731481481481482 0.8037037037037037 0.03148148148148148 0.032407407407407406
2 0.712037037037037 0.4861111111111111 0.03148148148148148 0.032407407407407406
2 0.5824074074074074 0.6203703703703703 0.03148148148148148 0.032407407407407406
2 0.5694444444444444 0.5842592592592593 0.03148148148148148 0.032407407407407406
2 0.6768518518518518 0.4888888888888889 0.03148148148148148 0.032407407407407406
0 0.387037037037037 0.7453703703703703 0.028703703703703703 0.030555555555555555
0 0.39814814814814814 0.7175925925925926 0.03148148148148148 0.02962962962962963
0 0.275 0.4962962962962963 0.02962962962962963 0.030555555555555555
0 0.25 0.4703703703703704 0.028703703703703703 0.032407407407407406
0 0.20462962962962963 0.30925925925925923 0.030555555555555555 0.032407407407407406
0 0.20925925925925926 0.36203703703703705 0.02962962962962963 0.02962962962962963
0 0.16018518518518518 0.4685185185185185 0.028703703703703703 0.02962962962962963
0 0.4564814814814815 0.4351851851851852 0.028703703703703703 0.028703703703703703
0 0.46574074074074073 0.48518518518518516 0.03148148148148148 0.02962962962962963
0 0.32037037037037036 0.28888888888888886 0.030555555555555555 0.032407407407407406
0 0.43333333333333335 0.1675925925925926 0.03425925925925926 0.03425925925925926
0 0.2935185185185185 0.3962962962962963 0.02962962962962963 0.02962962962962963
0 0.4185185185185185 0.5018518518518519 0.02962962962962963 0.030555555555555555
0 0.3712962962962963 0.2861111111111111 0.03425925925925926 0.03425925925925926
0 0.2972222222222222 0.4740740740740741 0.028703703703703703 0.028703703703703703
0 0.3296296296296296 0.6037037037037037 0.032407407407407406 0.02962962962962963
0 0.5342592592592592 0.6990740740740741 0.028703703703703703 0.028703703703703703
0 0.5833333333333334 0.42777777777777776 0.030555555555555555 0.032407407407407406
0 0.5055555555555555 0.4787037037037037 0.028703703703703703 0.030555555555555555
0 0.5425925925925926 0.4740740740740741 0.02962962962962963 0.030555555555555555
0 0.5175925925925926 0.2861111111111111 0.030555555555555555 0.030555555555555555
0 0.5425925925925926 0.3472222222222222 0.032407407407407406 0.030555555555555555
0 0.600925925925926 0.33796296296296297 0.032407407407407406 0.03148148148148148
0 0.6935185185185185 0.3768518518518518 0.03425925925925926 0.03425925925925926