3 0.524074074074074 0.7611111111111111 0.03981481481481482 0.04259259259259259
3 0.4546296296296296 0.525 0.03981481481481482 0.03981481481481482
3 0.4287037037037037 0.14907407407407408 0.03981481481481482 0.03981481481481482
3 0.462037037037037 0.18796296296296297 0.03888888888888889 0.03981481481481482
3 0.425 0.23425925925925925 0.03888888888888889 0.041666666666666664
3 0.31574074074074077 0.27314814814814814 0.03888888888888889 0.03888888888888889
3 0.35 0.3101851851851852 0.037037037037037035 0.03888888888888889
3 0.48333333333333334 0.32592592592592595 0.040740740740740744 0.03981481481481482
3 0.5842592592592593 0.26666666666666666 0.040740740740740744 0.03796296296296296
3 0.6722222222222223 0.31666666666666665 0.041666666666666664 0.040740740740740744
3 0.8074074074074075 0.37222222222222223 0.040740740740740744 0.04259259259259259
3 0.5398148148148149 0.42962962962962964 0.040740740740740744 0.040740740740740744
3 0.3509259259259259 0.38796296296296295 0.040740740740740744 0.03888888888888889
3 0.4527777777777778 0.4064814814814815 0.040740740740740744 0.041666666666666664
3 0.41574074074074074 0.44814814814814813 0.03981481481481482 0.03888888888888889
3 0.3574074074074074 0.5027777777777778 0.03981481481481482 0.03888888888888889
3 0.2898148148148148 0.6685185185185185 0.040740740740740744 0.040740740740740744
3 0.4888888888888889 0.6046296296296296 0.041666666666666664 0.04259259259259259
3 0.6092592592592593 0.6277777777777778 0.041666666666666664 0.041666666666666664
3 0.46111111111111114 0.6935185185185185 0.040740740740740744 0.04259259259259259
1 0.562962962962963 0.37777777777777777 0.03518518518518519 0.037037037037037035
1 0.7916666666666666 0.4101851851851852 0.03611111111111111 0.037037037037037035
1 0.6129629629629629 0.37407407407407406 0.03518518518518519 0.037037037037037035
1 0.5527777777777778 0.18518518518518517 0.03518518518518519 0.037037037037037035
1 0.6194444444444445 0.5592592592592592 0.03611111111111111 0.03611111111111111
1 0.23333333333333334 0.3509259259259259 0.03611111111111111 0.03333333333333333
1 0.33796296296296297 0.4324074074074074 0.03611111111111111 0.03333333333333333
1 0.5796296296296296 0.7148148148148148 0.03518518518518519 0.037037037037037035
1 0.4074074074074074 0.6444444444444445 0.03518518518518519 0.037037037037037035
1 0.28888888888888886 0.6101851851851852 0.03796296296296296 0.03888888888888889
1 0.47129629629629627 0.12037037037037036 0.03518518518518519 0.03333333333333333
2 0.6685185185185185 0.47314814814814815 0.032407407407407406 0.03148148148148148
2 0.7074074074074074 0.40925925925925927 0.032407407407407406 0.03148148148148148
2 0.7490740740740741 0.37962962962962965 0.032407407407407406 0.03148148148148148
2 0.7935185185185185 0.46574074074074073 0.032407407407407406 0.03148148148148148
2 0.5898148148148148 0.4027777777777778 0.032407407407407406 0.03148148148148148
2 0.6842592592592592 0.35648148148148145 0.032407407407407406 0.03148148148148148
2 0.6564814814814814 0.25277777777777777 0.032407407407407406 0.03148148148148148
2 0.6231481481481481 0.2712962962962963 0.032407407407407406 0.03148148148148148
2 0.262037037037037 0.5138888888888888 0.032407407407407406 0.03148148148148148
2 0.18796296296296297 0.43425925925925923 0.032407407407407406 0.03148148148148148
2 0.2953703703703704 0.5027777777777778 0.032407407407407406 0.03148148148148148
2 0.2518518518518518 0.45 0.032407407407407406 0.03148148148148148
2 0.31574074074074077 0.40370370370370373 0.030555555555555555 0.03148148148148148
2 0.44351851851851853 0.3138888888888889 0.032407407407407406 0.03148148148148148
2 0.44166666666666665 0.49074074074074076 0.032407407407407406 0.03148148148148148
2 0.3111111111111111 0.22962962962962963 0.032407407407407406 0.03148148148148148
2 0.7833333333333333 0.5370370370370371 0.032407407407407406 0.03148148148148148
2 0.30462962962962964 0.2 0.030555555555555555 0.03148148148148148
2 0.4666666666666667 0.25833333333333336 0.032407407407407406 0.03148148148148148
2 0.37962962962962965 0.26296296296296295 0.032407407407407406 0.03148148148148148
2 0.5601851851851852 0.6601851851851852 0.032407407407407406 0.03148148148148148
2 0.37037037037037035 0.6398148148148148 0.032407407407407406 0.03148148148148148
2 0.5388888888888889 0.5768518518518518 0.032407407407407406 0.03148148148148148
2 0.34444444444444444 0.5555555555555556 0.032407407407407406 0.03148148148148148
2 0.24814814814814815 0.625 0.032407407407407406 0.03148148148148148
2 0.25277777777777777 0.7268518518518519 0.032407407407407406 0.03148148148148148
2 0.1962962962962963 0.5731481481481482 0.032407407407407406 0.03148148148148148
2 0.5138888888888888 0.712037037037037 0.032407407407407406 0.03148148148148148
2 0.37962962962962965 0.5824074074074074 0.032407407407407406 0.03148148148148148
2 0.41574074074074074 0.5694444444444444 0.032407407407407406 0.03148148148148148
2 0.5111111111111111 0.6768518518518518 0.032407407407407406 0.03148148148148148
0 0.25462962962962965 0.387037037037037 0.030555555555555555 0.028703703703703703
0 0.2824074074074074 0.39814814814814814 0.02962962962962963 0.03148148148148148
0 0.5037037037037037 0.275 0.030555555555555555 0.02962962962962963
0 0.5296296296296297 0.25 0.032407407407407406 0.028703703703703703
0 0.6907407407407408 0.20462962962962963 0.032407407407407406 0.030555555555555555
0 0.637962962962963 0.20925925925925926 0.02962962962962963 0.02962962962962963
0 0.5314814814814814 0.16018518518518518 0.02962962962962963 0.028703703703703703
0 0.5648148148148148 0.4564814814814815 0.028703703703703703 0.028703703703703703
0 0.5148148148148148 0.46574074074074073 0.02962962962962963 0.03148148148148148
0 0.7111111111111111 0.32037037037037036 0.032407407407407406 0.030555555555555555
0 0.8324074074074074 0.43333333333333335 0.03425925925925926 0.03425925925925926
0 0.6037037037037037 0.2935185185185185 0.02962962962962963 0.02962962962962963
0 0.4981481481481482 0.4185185185185185 0.030555555555555555 0.02962962962962963
0 0.7138888888888889 0.3712962962962963 0.03425925925925926 0.03425925925925926
0 0.5259259259259259 0.2972222222222222 0.028703703703703703 0.028703703703703703
0 0.3962962962962963 0.3296296296296296 0.02962962962962963 0.032407407407407406
0 0.30092592592592593 0.5342592592592592 0.028703703703703703 0.028703703703703703
0 0.5722222222222222 0.5833333333333334 0.032407407407407406 0.030555555555555555
0 0.5212962962962963 0.5055555555555555 0.030555555555555555 0.028703703703703703
0 0.5259259259259259 0.5425925925925926 0.030555555555555555 0.02962962962962963
0 0.7138888888888889 0.5175925925925926 0.030555555555555555 0.030555555555555555
0 0.6527777777777778 0.5425925925925926 0.030555555555555555 0.032407407407407406
0 0.6620370370370371 0.600925925925926 0.03148148148148148 0.032407407407407406
0 0.6231481481481481 0.6935185185185185 0.03425925925925926 0.03425925925925926