3 0.5277777777777778 0.27685185185185185 0.04259259259259259 0.041666666666666664
3 0.28055555555555556 0.3731481481481482 0.04259259259259259 0.041666666666666664
3 0.6037037037037037 0.6953703703703704 0.04259259259259259 0.03981481481481482
3 0.5444444444444444 0.31851851851851853 0.041666666666666664 0.040740740740740744
3 0.4462962962962963 0.2962962962962963 0.041666666666666664 0.03888888888888889
3 0.7472222222222222 0.5944444444444444 0.041666666666666664 0.03796296296296296
3 0.5592592592592592 0.6259259259259259 0.041666666666666664 0.03981481481481482
3 0.55 0.7138888888888889 0.041666666666666664 0.040740740740740744
3 0.5518518518518518 0.4324074074074074 0.04259259259259259 0.041666666666666664
3 0.6074074074074074 0.3175925925925926 0.03981481481481482 0.03981481481481482
3 0.5064814814814815 0.4824074074074074 0.03981481481481482 0.03981481481481482
3 0.4537037037037037 0.6361111111111111 0.04259259259259259 0.04259259259259259
3 0.49907407407407406 0.5601851851851852 0.04259259259259259 0.041666666666666664
3 0.33055555555555555 0.3925925925925926 0.041666666666666664 0.040740740740740744
3 0.6666666666666666 0.5833333333333334 0.040740740740740744 0.03981481481481482
3 0.6231481481481481 0.487962962962963 0.041666666666666664 0.03981481481481482
3 0.3472222222222222 0.44537037037037036 0.041666666666666664 0.03796296296296296
3 0.44537037037037036 0.45925925925925926 0.041666666666666664 0.03888888888888889
3 0.42314814814814816 0.537962962962963 0.041666666666666664 0.040740740740740744
3 0.3148148148148148 0.5351851851851852 0.04259259259259259 0.03981481481481482
3 0.3648148148148148 0.525 0.04259259259259259 0.041666666666666664
1 0.3814814814814815 0.5768518518518518 0.03888888888888889 0.03518518518518519
1 0.6833333333333333 0.3592592592592593 0.03518518518518519 0.03425925925925926
1 0.48055555555555557 0.6 0.03518518518518519 0.03425925925925926
1 0.6768518518518518 0.6398148148148148 0.040740740740740744 0.03796296296296296
1 0.5935185185185186 0.7398148148148148 0.037037037037037035 0.037037037037037035
1 0.5046296296296297 0.3787037037037037 0.03518518518518519 0.03518518518518519
1 0.36944444444444446 0.28888888888888886 0.03796296296296296 0.03796296296296296
1 0.6324074074074074 0.3611111111111111 0.03518518518518519 0.03425925925925926
1 0.43333333333333335 0.41759259259259257 0.03518518518518519 0.03425925925925926
1 0.47314814814814815 0.5157407407407407 0.03518518518518519 0.03518518518518519
1 0.30185185185185187 0.44166666666666665 0.040740740740740744 0.03796296296296296
2 0.6537037037037037 0.7398148148148148 0.030555555555555555 0.030555555555555555
2 0.39351851851851855 0.7416666666666667 0.03148148148148148 0.030555555555555555
2 0.5194444444444445 0.8074074074074075 0.03148148148148148 0.030555555555555555
2 0.537962962962963 0.7564814814814815 0.03333333333333333 0.032407407407407406
2 0.6314814814814815 0.6416666666666667 0.032407407407407406 0.03333333333333333
2 0.7231481481481481 0.5333333333333333 0.032407407407407406 0.03333333333333333
2 0.7212962962962963 0.5018518518518519 0.03148148148148148 0.03148148148148148
2 0.75 0.49444444444444446 0.030555555555555555 0.030555555555555555
2 0.687037037037037 0.5018518518518519 0.032407407407407406 0.03333333333333333
2 0.6777777777777778 0.6805555555555556 0.030555555555555555 0.030555555555555555
2 0.5962962962962963 0.6583333333333333 0.032407407407407406 0.03333333333333333
2 0.6175925925925926 0.6074074074074074 0.03148148148148148 0.03148148148148148
2 0.5092592592592593 0.7111111111111111 0.03148148148148148 0.030555555555555555
2 0.5111111111111111 0.6472222222222223 0.03333333333333333 0.032407407407407406
2 0.6296296296296297 0.5777777777777777 0.030555555555555555 0.030555555555555555
2 0.6157407407407407 0.5472222222222223 0.032407407407407406 0.03333333333333333
2 0.43333333333333335 0.6046296296296296 0.03148148148148148 0.030555555555555555
2 0.462037037037037 0.5564814814814815 0.03333333333333333 0.032407407407407406
2 0.5509259259259259 0.5351851851851852 0.03148148148148148 0.03148148148148148
2 0.5768518518518518 0.3851851851851852 0.032407407407407406 0.02962962962962963
2 0.39814814814814814 0.46296296296296297 0.032407407407407406 0.03425925925925926
2 0.5324074074074074 0.35648148148148145 0.032407407407407406 0.02962962962962963
2 0.4703703703703704 0.3851851851851852 0.03425925925925926 0.03425925925925926
2 0.5064814814814815 0.412962962962963 0.03148148148148148 0.03148148148148148
2 0.6935185185185185 0.30925925925925923 0.03148148148148148 0.030555555555555555
2 0.4787037037037037 0.22870370370370371 0.032407407407407406 0.02962962962962963
2 0.38333333333333336 0.3925925925925926 0.03148148148148148 0.03148148148148148
2 0.3537037037037037 0.34629629629629627 0.032407407407407406 0.03425925925925926
2 0.6592592592592592 0.4324074074074074 0.032407407407407406 0.03425925925925926
2 0.7037037037037037 0.4398148148148148 0.032407407407407406 0.02962962962962963
2 0.48055555555555557 0.4305555555555556 0.032407407407407406 0.02962962962962963
2 0.27037037037037037 0.512962962962963 0.03333333333333333 0.03333333333333333
2 0.4444444444444444 0.6851851851851852 0.03148148148148148 0.03148148148148148
2 0.4759259259259259 0.2638888888888889 0.03148148148148148 0.03148148148148148
2 0.3398148148148148 0.48148148148148145 0.03333333333333333 0.03333333333333333
0 0.7537037037037037 0.38425925925925924 0.030555555555555555 0.030555555555555555
0 0.537962962962963 0.5009259259259259 0.02962962962962963 0.027777777777777776
0 0.5388888888888889 0.4666666666666667 0.030555555555555555 0.030555555555555555
0 0.5833333333333334 0.46574074074074073 0.030555555555555555 0.030555555555555555
0 0.7555555555555555 0.4583333333333333 0.030555555555555555 0.030555555555555555
0 0.7842592592592592 0.5046296296296297 0.030555555555555555 0.030555555555555555
0 0.662962962962963 0.5435185185185185 0.030555555555555555 0.030555555555555555
0 0.5787037037037037 0.5555555555555556 0.030555555555555555 0.030555555555555555
0 0.5685185185185185 0.5898148148148148 0.02962962962962963 0.027777777777777776
0 0.4111111111111111 0.6296296296296297 0.030555555555555555 0.030555555555555555
0 0.38796296296296295 0.6509259259259259 0.030555555555555555 0.030555555555555555
0 0.7175925925925926 0.3435185185185185 0.02962962962962963 0.027777777777777776
0 0.4842592592592593 0.29259259259259257 0.02962962962962963 0.027777777777777776
0 0.5796296296296296 0.2833333333333333 0.02962962962962963 0.027777777777777776
0 0.4324074074074074 0.22407407407407406 0.02962962962962963 0.027777777777777776
0 0.41944444444444445 0.37037037037037035 0.028703703703703703 0.028703703703703703
0 0.6240740740740741 0.2722222222222222 0.032407407407407406 0.032407407407407406
0 0.4064814814814815 0.3388888888888889 0.030555555555555555 0.03148148148148148
0 0.6287037037037037 0.3962962962962963 0.030555555555555555 0.030555555555555555
0 0.6175925925925926 0.43333333333333335 0.032407407407407406 0.02962962962962963
0 0.5935185185185186 0.4111111111111111 0.030555555555555555 0.026851851851851852
0 0.4638888888888889 0.35185185185185186 0.03333333333333333 0.03148148148148148
0 0.40925925925925927 0.2722222222222222 0.02962962962962963 0.02962962962962963
0 0.5472222222222223 0.22407407407407406 0.030555555555555555 0.032407407407407406
0 0.3111111111111111 0.337037037037037 0.03148148148148148 0.03148148148148148
0 0.525 0.6777777777777778 0.03148148148148148 0.03148148148148148
0 0.3972222222222222 0.5009259259259259 0.03148148148148148 0.03148148148148148