3 0.7231481481481481 0.5277777777777778 0.041666666666666664 0.04259259259259259
3 0.6268518518518519 0.28055555555555556 0.041666666666666664 0.04259259259259259
3 0.30462962962962964 0.6037037037037037 0.03981481481481482 0.04259259259259259
3 0.6814814814814815 0.5444444444444444 0.040740740740740744 0.041666666666666664
3 0.7037037037037037 0.4462962962962963 0.03888888888888889 0.041666666666666664
3 0.40555555555555556 0.7472222222222222 0.03796296296296296 0.041666666666666664
3 0.37407407407407406 0.5592592592592592 0.03981481481481482 0.041666666666666664
3 0.2861111111111111 0.55 0.040740740740740744 0.041666666666666664
3 0.5675925925925925 0.5518518518518518 0.041666666666666664 0.04259259259259259
3 0.6824074074074075 0.6074074074074074 0.03981481481481482 0.03981481481481482
3 0.5175925925925926 0.5064814814814815 0.03981481481481482 0.03981481481481482
3 0.3638888888888889 0.4537037037037037 0.04259259259259259 0.04259259259259259
3 0.4398148148148148 0.49907407407407406 0.041666666666666664 0.04259259259259259
3 0.6074074074074074 0.33055555555555555 0.040740740740740744 0.041666666666666664
3 0.4166666666666667 0.6666666666666666 0.03981481481481482 0.040740740740740744
3 0.5120370370370371 0.6231481481481481 0.03981481481481482 0.041666666666666664
3 0.5546296296296296 0.3472222222222222 0.03796296296296296 0.041666666666666664
3 0.5407407407407407 0.44537037037037036 0.03888888888888889 0.041666666666666664
3 0.462037037037037 0.42314814814814816 0.040740740740740744 0.041666666666666664
3 0.4648148148148148 0.3148148148148148 0.03981481481481482 0.04259259259259259
3 0.475 0.3648148148148148 0.041666666666666664 0.04259259259259259
1 0.42314814814814816 0.3814814814814815 0.03518518518518519 0.03888888888888889
1 0.6407407407407407 0.6833333333333333 0.03425925925925926 0.03518518518518519
1 0.4 0.48055555555555557 0.03425925925925926 0.03518518518518519
1 0.36018518518518516 0.6768518518518518 0.03796296296296296 0.040740740740740744
1 0.2601851851851852 0.5935185185185186 0.037037037037037035 0.037037037037037035
1 0.6212962962962963 0.5046296296296297 0.03518518518518519 0.03518518518518519
1 0.7111111111111111 0.36944444444444446 0.03796296296296296 0.03796296296296296
1 0.6388888888888888 0.6324074074074074 0.03425925925925926 0.03518518518518519
1 0.5824074074074074 0.43333333333333335 0.03425925925925926 0.03518518518518519
1 0.4842592592592593 0.47314814814814815 0.03518518518518519 0.03518518518518519
1 0.5583333333333333 0.30185185185185187 0.03796296296296296 0.040740740740740744
2 0.2601851851851852 0.6537037037037037 0.030555555555555555 0.030555555555555555
2 0.25833333333333336 0.39351851851851855 0.030555555555555555 0.03148148148148148
2 0.1925925925925926 0.5194444444444445 0.030555555555555555 0.03148148148148148
2 0.24351851851851852 0.537962962962963 0.032407407407407406 0.03333333333333333
2 0.35833333333333334 0.6314814814814815 0.03333333333333333 0.032407407407407406
2 0.4666666666666667 0.7231481481481481 0.03333333333333333 0.032407407407407406
2 0.4981481481481482 0.7212962962962963 0.03148148148148148 0.03148148148148148
2 0.5055555555555555 0.75 0.030555555555555555 0.030555555555555555
2 0.4981481481481482 0.687037037037037 0.03333333333333333 0.032407407407407406
2 0.3194444444444444 0.6777777777777778 0.030555555555555555 0.030555555555555555
2 0.3416666666666667 0.5962962962962963 0.03333333333333333 0.032407407407407406
2 0.3925925925925926 0.6175925925925926 0.03148148148148148 0.03148148148148148
2 0.28888888888888886 0.5092592592592593 0.030555555555555555 0.03148148148148148
2 0.3527777777777778 0.5111111111111111 0.032407407407407406 0.03333333333333333
2 0.4222222222222222 0.6296296296296297 0.030555555555555555 0.030555555555555555
2 0.4527777777777778 0.6157407407407407 0.03333333333333333 0.032407407407407406
2 0.39537037037037037 0.43333333333333335 0.030555555555555555 0.03148148148148148
2 0.44351851851851853 0.462037037037037 0.032407407407407406 0.03333333333333333
2 0.4648148148148148 0.5509259259259259 0.03148148148148148 0.03148148148148148
2 0.6148148148148148 0.5768518518518518 0.02962962962962963 0.032407407407407406
2 0.5370370370370371 0.39814814814814814 0.03425925925925926 0.032407407407407406
2 0.6435185185185185 0.5324074074074074 0.02962962962962963 0.032407407407407406
2 0.6148148148148148 0.4703703703703704 0.03425925925925926 0.03425925925925926
2 0.587037037037037 0.5064814814814815 0.03148148148148148 0.03148148148148148
2 0.6907407407407408 0.6935185185185185 0.030555555555555555 0.03148148148148148
2 0.7712962962962963 0.4787037037037037 0.02962962962962963 0.032407407407407406
2 0.6074074074074074 0.38333333333333336 0.03148148148148148 0.03148148148148148
2 0.6537037037037037 0.3537037037037037 0.03425925925925926 0.032407407407407406
2 0.5675925925925925 0.6592592592592592 0.03425925925925926 0.032407407407407406
2 0.5601851851851852 0.7037037037037037 0.02962962962962963 0.032407407407407406
2 0.5694444444444444 0.48055555555555557 0.02962962962962963 0.032407407407407406
2 0.48703703703703705 0.27037037037037037 0.03333333333333333 0.03333333333333333
2 0.3148148148148148 0.4444444444444444 0.03148148148148148 0.03148148148148148
2 0.7361111111111112 0.4759259259259259 0.03148148148148148 0.03148148148148148
2 0.5185185185185185 0.3398148148148148 0.03333333333333333 0.03333333333333333
0 0.6157407407407407 0.7537037037037037 0.030555555555555555 0.030555555555555555
0 0.49907407407407406 0.537962962962963 0.027777777777777776 0.02962962962962963
0 0.5333333333333333 0.5388888888888889 0.030555555555555555 0.030555555555555555
0 0.5342592592592592 0.5833333333333334 0.030555555555555555 0.030555555555555555
0 0.5416666666666666 0.7555555555555555 0.030555555555555555 0.030555555555555555
0 0.49537037037037035 0.7842592592592592 0.030555555555555555 0.030555555555555555
0 0.4564814814814815 0.662962962962963 0.030555555555555555 0.030555555555555555
0 0.4444444444444444 0.5787037037037037 0.030555555555555555 0.030555555555555555
0 0.4101851851851852 0.5685185185185185 0.027777777777777776 0.02962962962962963
0 0.37037037037037035 0.4111111111111111 0.030555555555555555 0.030555555555555555
0 0.3490740740740741 0.38796296296296295 0.030555555555555555 0.030555555555555555
0 0.6564814814814814 0.7175925925925926 0.027777777777777776 0.02962962962962963
0 0.7074074074074074 0.4842592592592593 0.027777777777777776 0.02962962962962963
0 0.7166666666666667 0.5796296296296296 0.027777777777777776 0.02962962962962963
0 0.7759259259259259 0.4324074074074074 0.027777777777777776 0.02962962962962963
0 0.6296296296296297 0.41944444444444445 0.028703703703703703 0.028703703703703703
0 0.7277777777777777 0.6240740740740741 0.032407407407407406 0.032407407407407406
0 0.6611111111111111 0.4064814814814815 0.03148148148148148 0.030555555555555555
0 0.6037037037037037 0.6287037037037037 0.030555555555555555 0.030555555555555555
0 0.5666666666666667 0.6175925925925926 0.02962962962962963 0.032407407407407406
0 0.5888888888888889 0.5935185185185186 0.026851851851851852 0.030555555555555555
0 0.6481481481481481 0.4638888888888889 0.03148148148148148 0.03333333333333333
0 0.7277777777777777 0.40925925925925927 0.02962962962962963 0.02962962962962963
0 0.7759259259259259 0.5472222222222223 0.032407407407407406 0.030555555555555555
0 0.662962962962963 0.3111111111111111 0.03148148148148148 0.03148148148148148
0 0.32222222222222224 0.525 0.03148148148148148 0.03148148148148148
0 0.49907407407407406 0.3972222222222222 0.03148148148148148 0.03148148148148148