3 0.27685185185185185 0.4722222222222222 0.041666666666666664 0.04259259259259259
3 0.3731481481481482 0.7194444444444444 0.041666666666666664 0.04259259259259259
3 0.6953703703703704 0.3962962962962963 0.03981481481481482 0.04259259259259259
3 0.31851851851851853 0.45555555555555555 0.040740740740740744 0.041666666666666664
3 0.2962962962962963 0.5537037037037037 0.03888888888888889 0.041666666666666664
3 0.5944444444444444 0.25277777777777777 0.03796296296296296 0.041666666666666664
3 0.6259259259259259 0.44074074074074077 0.03981481481481482 0.041666666666666664
3 0.7138888888888889 0.45 0.040740740740740744 0.041666666666666664
3 0.4324074074074074 0.44814814814814813 0.041666666666666664 0.04259259259259259
3 0.3175925925925926 0.3925925925925926 0.03981481481481482 0.03981481481481482
3 0.4824074074074074 0.4935185185185185 0.03981481481481482 0.03981481481481482
3 0.6361111111111111 0.5462962962962963 0.04259259259259259 0.04259259259259259
3 0.5601851851851852 0.5009259259259259 0.041666666666666664 0.04259259259259259
3 0.3925925925925926 0.6694444444444444 0.040740740740740744 0.041666666666666664
3 0.5833333333333334 0.3333333333333333 0.03981481481481482 0.040740740740740744
3 0.487962962962963 0.3768518518518518 0.03981481481481482 0.041666666666666664
3 0.44537037037037036 0.6527777777777778 0.03796296296296296 0.041666666666666664
3 0.45925925925925926 0.5546296296296296 0.03888888888888889 0.041666666666666664
3 0.537962962962963 0.5768518518518518 0.040740740740740744 0.041666666666666664
3 0.5351851851851852 0.6851851851851852 0.03981481481481482 0.04259259259259259
3 0.525 0.6351851851851852 0.041666666666666664 0.04259259259259259
1 0.5768518518518518 0.6185185185185185 0.03518518518518519 0.03888888888888889
1 0.3592592592592593 0.31666666666666665 0.03425925925925926 0.03518518518518519
1 0.6 0.5194444444444445 0.03425925925925926 0.03518518518518519
1 0.6398148148148148 0.32314814814814813 0.03796296296296296 0.040740740740740744
1 0.7398148148148148 0.4064814814814815 0.037037037037037035 0.037037037037037035
1 0.3787037037037037 0.49537037037037035 0.03518518518518519 0.03518518518518519
1 0.28888888888888886 0.6305555555555555 0.03796296296296296 0.03796296296296296
1 0.3611111111111111 0.3675925925925926 0.03425925925925926 0.03518518518518519
1 0.41759259259259257 0.5666666666666667 0.03425925925925926 0.03518518518518519
1 0.5157407407407407 0.5268518518518519 0.03518518518518519 0.03518518518518519
1 0.44166666666666665 0.6981481481481482 0.03796296296296296 0.040740740740740744
2 0.7398148148148148 0.34629629629629627 0.030555555555555555 0.030555555555555555
2 0.7416666666666667 0.6064814814814815 0.030555555555555555 0.03148148148148148
2 0.8074074074074075 0.48055555555555557 0.030555555555555555 0.03148148148148148
2 0.7564814814814815 0.462037037037037 0.032407407407407406 0.03333333333333333
2 0.6416666666666667 0.3685185185185185 0.03333333333333333 0.032407407407407406
2 0.5333333333333333 0.27685185185185185 0.03333333333333333 0.032407407407407406
2 0.5018518518518519 0.27870370370370373 0.03148148148148148 0.03148148148148148
2 0.49444444444444446 0.25 0.030555555555555555 0.030555555555555555
2 0.5018518518518519 0.31296296296296294 0.03333333333333333 0.032407407407407406
2 0.6805555555555556 0.32222222222222224 0.030555555555555555 0.030555555555555555
2 0.6583333333333333 0.40370370370370373 0.03333333333333333 0.032407407407407406
2 0.6074074074074074 0.3824074074074074 0.03148148148148148 0.03148148148148148
2 0.7111111111111111 0.49074074074074076 0.030555555555555555 0.03148148148148148
2 0.6472222222222223 0.4888888888888889 0.032407407407407406 0.03333333333333333
2 0.5777777777777777 0.37037037037037035 0.030555555555555555 0.030555555555555555
2 0.5472222222222223 0.38425925925925924 0.03333333333333333 0.032407407407407406
2 0.6046296296296296 0.5666666666666667 0.030555555555555555 0.03148148148148148
2 0.5564814814814815 0.537962962962963 0.032407407407407406 0.03333333333333333
2 0.5351851851851852 0.44907407407407407 0.03148148148148148 0.03148148148148148
2 0.3851851851851852 0.42314814814814816 0.02962962962962963 0.032407407407407406
2 0.46296296296296297 0.6018518518518519 0.03425925925925926 0.032407407407407406
2 0.35648148148148145 0.4675925925925926 0.02962962962962963 0.032407407407407406
2 0.3851851851851852 0.5296296296296297 0.03425925925925926 0.03425925925925926
2 0.412962962962963 0.4935185185185185 0.03148148148148148 0.03148148148148148
2 0.30925925925925923 0.30648148148148147 0.030555555555555555 0.03148148148148148
2 0.22870370370370371 0.5212962962962963 0.02962962962962963 0.032407407407407406
2 0.3925925925925926 0.6166666666666667 0.03148148148148148 0.03148148148148148
2 0.34629629629629627 0.6462962962962963 0.03425925925925926 0.032407407407407406
2 0.4324074074074074 0.34074074074074073 0.03425925925925926 0.032407407407407406
2 0.4398148148148148 0.2962962962962963 0.02962962962962963 0.032407407407407406
2 0.4305555555555556 0.5194444444444445 0.02962962962962963 0.032407407407407406
2 0.512962962962963 0.7296296296296296 0.03333333333333333 0.03333333333333333
2 0.6851851851851852 0.5555555555555556 0.03148148148148148 0.03148148148148148
2 0.2638888888888889 0.524074074074074 0.03148148148148148 0.03148148148148148
2 0.48148148148148145 0.6601851851851852 0.03333333333333333 0.03333333333333333
0 0.38425925925925924 0.2462962962962963 0.030555555555555555 0.030555555555555555
0 0.5009259259259259 0.462037037037037 0.027777777777777776 0.02962962962962963
0 0.4666666666666667 0.46111111111111114 0.030555555555555555 0.030555555555555555
0 0.46574074074074073 0.4166666666666667 0.030555555555555555 0.030555555555555555
0 0.4583333333333333 0.24444444444444444 0.030555555555555555 0.030555555555555555
0 0.5046296296296297 0.21574074074074073 0.030555555555555555 0.030555555555555555
0 0.5435185185185185 0.337037037037037 0.030555555555555555 0.030555555555555555
0 0.5555555555555556 0.4212962962962963 0.030555555555555555 0.030555555555555555
0 0.5898148148148148 0.43148148148148147 0.027777777777777776 0.02962962962962963
0 0.6296296296296297 0.5888888888888889 0.030555555555555555 0.030555555555555555
0 0.6509259259259259 0.612037037037037 0.030555555555555555 0.030555555555555555
0 0.3435185185185185 0.2824074074074074 0.027777777777777776 0.02962962962962963
0 0.29259259259259257 0.5157407407407407 0.027777777777777776 0.02962962962962963
0 0.2833333333333333 0.4203703703703704 0.027777777777777776 0.02962962962962963
0 0.22407407407407406 0.5675925925925925 0.027777777777777776 0.02962962962962963
0 0.37037037037037035 0.5805555555555556 0.028703703703703703 0.028703703703703703
0 0.2722222222222222 0.37592592592592594 0.032407407407407406 0.032407407407407406
0 0.3388888888888889 0.5935185185185186 0.03148148148148148 0.030555555555555555
0 0.3962962962962963 0.3712962962962963 0.030555555555555555 0.030555555555555555
0 0.43333333333333335 0.3824074074074074 0.02962962962962963 0.032407407407407406
0 0.4111111111111111 0.4064814814814815 0.026851851851851852 0.030555555555555555
0 0.35185185185185186 0.5361111111111111 0.03148148148148148 0.03333333333333333
0 0.2722222222222222 0.5907407407407408 0.02962962962962963 0.02962962962962963
0 0.22407407407407406 0.4527777777777778 0.032407407407407406 0.030555555555555555
0 0.337037037037037 0.6888888888888889 0.03148148148148148 0.03148148148148148
0 0.6777777777777778 0.475 0.03148148148148148 0.03148148148148148
0 0.5009259259259259 0.6027777777777777 0.03148148148148148 0.03148148148148148