3 0.33611111111111114 0.4185185185185185 0.23981481481481481 0.22592592592592592
2 0.30648148148148147 0.7407407407407407 0.18981481481481483 0.1824074074074074
2 0.3638888888888889 0.5925925925925926 0.18703703703703703 0.175
3 0.4564814814814815 0.262037037037037 0.22777777777777777 0.22777777777777777
3 0.4824074074074074 0.7231481481481481 0.2324074074074074 0.2351851851851852
2 0.5722222222222222 0.11666666666666667 0.18981481481481483 0.18425925925925926
2 0.5333333333333333 0.5472222222222223 0.19166666666666668 0.17962962962962964
2 0.5814814814814815 0.39814814814814814 0.19444444444444445 0.1824074074074074
2 0.6564814814814814 0.24537037037037038 0.17962962962962964 0.18981481481481483
3 0.6861111111111111 0.774074074074074 0.24444444444444444 0.24259259259259258
3 0.7138888888888889 0.5722222222222222 0.24722222222222223 0.2351851851851852
3 0.7861111111111111 0.37777777777777777 0.24444444444444444 0.24444444444444444
3 0.12777777777777777 0.38333333333333336 0.2324074074074074 0.22314814814814815
3 0.1935185185185185 0.5722222222222222 0.2324074074074074 0.2324074074074074
2 0.25555555555555554 0.2611111111111111 0.18425925925925926 0.18981481481481483
2 0.3398148148148148 0.1287037037037037 0.17962962962962964 0.17777777777777778