2 0.5611111111111111 0.43148148148148147 0.13148148148148148 0.1361111111111111
2 0.737037037037037 0.4324074074074074 0.13148148148148148 0.13425925925925927
2 0.3861111111111111 0.44074074074074077 0.1361111111111111 0.14629629629629629
2 0.18518518518518517 0.4527777777777778 0.1361111111111111 0.1361111111111111
1 0.737037037037037 0.6361111111111111 0.14629629629629629 0.14814814814814814
1 0.5601851851851852 0.6370370370370371 0.14814814814814814 0.14629629629629629
1 0.37037037037037035 0.6416666666666667 0.15092592592592594 0.14629629629629629
1 0.16018518518518518 0.6453703703703704 0.1537037037037037 0.1537037037037037
1 0.7296296296296296 0.8185185185185185 0.1361111111111111 0.14351851851851852
1 0.14814814814814814 0.8361111111111111 0.1537037037037037 0.15555555555555556
1 0.37222222222222223 0.8416666666666667 0.16018518518518518 0.15092592592592594
1 0.5768518518518518 0.8462962962962963 0.1537037037037037 0.15092592592592594
2 0.362962962962963 0.2351851851851852 0.1361111111111111 0.1388888888888889
2 0.7416666666666667 0.23703703703703705 0.13148148148148148 0.14166666666666666
2 0.15462962962962962 0.24537037037037038 0.1388888888888889 0.14351851851851852
2 0.5388888888888889 0.25925925925925924 0.13148148148148148 0.14351851851851852