2 0.24722222222222223 0.7490740740740741 0.12685185185185185 0.13425925925925927
2 0.26944444444444443 0.5175925925925926 0.11944444444444445 0.11481481481481481
3 0.3111111111111111 0.2814814814814815 0.1388888888888889 0.1361111111111111
2 0.32314814814814813 0.6175925925925926 0.11944444444444445 0.11944444444444445
2 0.3675925925925926 0.3907407407407407 0.11481481481481481 0.10740740740740741
2 0.3675925925925926 0.737037037037037 0.12685185185185185 0.12685185185185185
3 0.4027777777777778 0.5092592592592593 0.14166666666666666 0.14166666666666666
2 0.4287037037037037 0.24444444444444444 0.10740740740740741 0.10277777777777777
3 0.46296296296296297 0.6361111111111111 0.14629629629629629 0.14629629629629629
3 0.5092592592592593 0.41574074074074074 0.14166666666666666 0.1388888888888889
3 0.5407407407407407 0.28888888888888886 0.14166666666666666 0.12685185185185185
2 0.5685185185185185 0.725925925925926 0.12685185185185185 0.12685185185185185
2 0.5805555555555556 0.5203703703703704 0.11944444444444445 0.11481481481481481
3 0.65 0.38981481481481484 0.14629629629629629 0.1361111111111111
3 0.6888888888888889 0.6018518518518519 0.16018518518518518 0.15092592592592594
3 0.24259259259259258 0.4 0.15092592592592594 0.13425925925925927