1 0.3638888888888889 0.2851851851851852 0.18425925925925926 0.18981481481481483
2 0.7953703703703704 0.2916666666666667 0.18425925925925926 0.16574074074074074
2 0.4888888888888889 0.3824074074074074 0.16018518518518518 0.15555555555555556
2 0.24074074074074073 0.4027777777777778 0.15555555555555556 0.15555555555555556
1 0.7101851851851851 0.44074074074074077 0.19444444444444445 0.18981481481481483
1 0.3907407407407407 0.5157407407407407 0.18425925925925926 0.19444444444444445
1 0.8722222222222222 0.5268518518518519 0.19166666666666668 0.18981481481481483
1 0.5601851851851852 0.5333333333333333 0.18981481481481483 0.1962962962962963
2 0.2324074074074074 0.5648148148148148 0.15555555555555556 0.16574074074074074
2 0.7138888888888889 0.6129629629629629 0.16574074074074074 0.17037037037037037
1 0.41944444444444445 0.6935185185185185 0.17962962962962964 0.17777777777777778
1 0.5925925925925926 0.7212962962962963 0.17962962962962964 0.18425925925925926
2 0.5074074074074074 0.8638888888888889 0.16574074074074074 0.17037037037037037
1 0.7185185185185186 0.14074074074074075 0.19444444444444445 0.19166666666666668
2 0.4722222222222222 0.16018518518518518 0.16574074074074074 0.16574074074074074
2 0.5898148148148148 0.26481481481481484 0.16574074074074074 0.17037037037037037