3 0.5611111111111111 0.3416666666666667 0.20185185185185187 0.20185185185185187
3 0.3425925925925926 0.31851851851851853 0.2064814814814815 0.19444444444444445
2 0.7648148148148148 0.41944444444444445 0.16574074074074074 0.16574074074074074
2 0.9259259259259259 0.44722222222222224 0.14814814814814814 0.16296296296296298
3 0.30185185185185187 0.49444444444444446 0.21388888888888888 0.20185185185185187
3 0.5416666666666666 0.5287037037037037 0.20833333333333334 0.20833333333333334
2 0.9259259259259259 0.6138888888888889 0.14351851851851852 0.16296296296296298
2 0.7425925925925926 0.6018518518518519 0.175 0.17222222222222222
2 0.7351851851851852 0.7768518518518519 0.17777777777777778 0.1824074074074074
2 0.9018518518518519 0.8009259259259259 0.14814814814814814 0.17222222222222222
3 0.2324074074074074 0.7416666666666667 0.22592592592592592 0.2351851851851852
3 0.5333333333333333 0.7796296296296297 0.21851851851851853 0.22777777777777777
3 0.36944444444444446 0.12777777777777777 0.2037037037037037 0.17962962962962964
3 0.5740740740740741 0.1638888888888889 0.19444444444444445 0.1824074074074074
2 0.9314814814814815 0.2796296296296296 0.1361111111111111 0.15555555555555556
2 0.7777777777777778 0.2657407407407407 0.16018518518518518 0.15092592592592594