2 0.7388888888888889 0.32314814814814813 0.17962962962962964 0.1824074074074074
2 0.3194444444444444 0.38796296296296295 0.17037037037037037 0.17962962962962964
2 0.5120370370370371 0.36666666666666664 0.1675925925925926 0.1675925925925926
2 0.1175925925925926 0.4351851851851852 0.16296296296296298 0.17222222222222222
1 0.8055555555555556 0.5564814814814815 0.19444444444444445 0.18425925925925926
1 0.13703703703703704 0.674074074074074 0.19444444444444445 0.18981481481481483
1 0.5888888888888889 0.6203703703703703 0.18703703703703703 0.19907407407407407
1 0.3787037037037037 0.6703703703703704 0.1824074074074074 0.18981481481481483
1 0.8546296296296296 0.7814814814814814 0.18703703703703703 0.2037037037037037
1 0.17314814814814813 0.8907407407407407 0.19166666666666668 0.19907407407407407
1 0.6305555555555555 0.8351851851851851 0.18981481481481483 0.18981481481481483
1 0.4064814814814815 0.8666666666666667 0.1824074074074074 0.18981481481481483
2 0.7129629629629629 0.12962962962962962 0.16574074074074074 0.1675925925925926
2 0.49074074074074076 0.18981481481481483 0.17037037037037037 0.17962962962962964
2 0.09722222222222222 0.2537037037037037 0.16574074074074074 0.17962962962962964
2 0.3055555555555556 0.22962962962962963 0.17222222222222222 0.17222222222222222