3 0.4962962962962963 0.37407407407407406 0.20833333333333334 0.2037037037037037
2 0.8379629629629629 0.37962962962962965 0.16018518518518518 0.15833333333333333
2 0.6703703703703704 0.4101851851851852 0.15833333333333333 0.16574074074074074
2 0.16203703703703703 0.42685185185185187 0.17037037037037037 0.16296296296296298
2 0.33796296296296297 0.43148148148148147 0.15833333333333333 0.15555555555555556
3 0.7833333333333333 0.5444444444444444 0.2111111111111111 0.20833333333333334
3 0.575925925925926 0.5509259259259259 0.2111111111111111 0.2064814814814815
3 0.2111111111111111 0.5888888888888889 0.21388888888888888 0.2064814814814815
2 0.39444444444444443 0.5879629629629629 0.18425925925925926 0.17222222222222222
2 0.6981481481481482 0.7138888888888889 0.16574074074074074 0.17777777777777778
3 0.5037037037037037 0.7388888888888889 0.2111111111111111 0.2064814814814815
3 0.2953703703703704 0.7814814814814814 0.20833333333333334 0.21574074074074073
2 0.5638888888888889 0.2064814814814815 0.15555555555555556 0.15833333333333333
2 0.4101851851851852 0.21481481481481482 0.16296296296296298 0.15555555555555556
3 0.7324074074074074 0.2490740740740741 0.2037037037037037 0.18981481481481483
3 0.2388888888888889 0.26296296296296295 0.2037037037037037 0.2037037037037037