3 0.7351851851851852 0.6259259259259259 0.17222222222222222 0.17037037037037037
2 0.18518518518518517 0.6037037037037037 0.14351851851851852 0.1537037037037037
3 0.5212962962962963 0.5962962962962963 0.1675925925925926 0.17222222222222222
2 0.3592592592592593 0.5953703703703703 0.14629629629629629 0.13148148148148148
3 0.75 0.45925925925925926 0.17222222222222222 0.1675925925925926
2 0.18518518518518517 0.4203703703703704 0.14351851851851852 0.1388888888888889
3 0.5555555555555556 0.41944444444444445 0.1675925925925926 0.17037037037037037
2 0.34814814814814815 0.4046296296296296 0.1388888888888889 0.1361111111111111
3 0.7527777777777778 0.22592592592592592 0.16296296296296298 0.17777777777777778
3 0.562962962962963 0.21666666666666667 0.16296296296296298 0.17777777777777778
2 0.35185185185185186 0.21296296296296297 0.13148148148148148 0.14166666666666666
2 0.18703703703703703 0.21296296296296297 0.12962962962962962 0.14166666666666666
3 0.5333333333333333 0.8138888888888889 0.17222222222222222 0.17962962962962964
3 0.7379629629629629 0.8055555555555556 0.17222222222222222 0.17222222222222222
2 0.3537037037037037 0.7666666666666667 0.14351851851851852 0.14351851851851852
2 0.18611111111111112 0.7574074074074074 0.14166666666666666 0.14351851851851852