3 0.3111111111111111 0.4962962962962963 0.19907407407407407 0.1962962962962963
3 0.3055555555555556 0.275 0.19166666666666668 0.18703703703703703
2 0.3712962962962963 0.7083333333333334 0.16018518518518518 0.15555555555555556
2 0.3861111111111111 0.8861111111111111 0.17037037037037037 0.16018518518518518
3 0.4888888888888889 0.2490740740740741 0.19166666666666668 0.1962962962962963
3 0.5055555555555555 0.48703703703703705 0.19907407407407407 0.1962962962962963
2 0.5638888888888889 0.8824074074074074 0.16018518518518518 0.16018518518518518
2 0.5574074074074075 0.6898148148148148 0.16018518518518518 0.15555555555555556
2 0.7333333333333333 0.6898148148148148 0.16018518518518518 0.16018518518518518
2 0.7462962962962963 0.8712962962962963 0.16018518518518518 0.16574074074074074
3 0.7296296296296296 0.2064814814814815 0.2111111111111111 0.20185185185185187
3 0.7546296296296297 0.49444444444444446 0.2111111111111111 0.19907407407407407
3 0.10555555555555556 0.2824074074074074 0.19166666666666668 0.19166666666666668
3 0.11944444444444445 0.49537037037037035 0.18703703703703703 0.19166666666666668
2 0.20833333333333334 0.8898148148148148 0.15555555555555556 0.15833333333333333
2 0.2101851851851852 0.7092592592592593 0.16018518518518518 0.1537037037037037