3 0.6157407407407407 0.8111111111111111 0.19444444444444445 0.1962962962962963
2 0.612037037037037 0.20462962962962963 0.17222222222222222 0.16296296296296298
3 0.5898148148148148 0.5740740740740741 0.1962962962962963 0.19166666666666668
2 0.5953703703703703 0.3962962962962963 0.14814814814814814 0.16574074074074074
3 0.43148148148148147 0.8212962962962963 0.19166666666666668 0.1962962962962963
2 0.4101851851851852 0.19814814814814816 0.15833333333333333 0.16574074074074074
3 0.39444444444444443 0.6046296296296296 0.19444444444444445 0.19166666666666668
2 0.387037037037037 0.37592592592592594 0.1537037037037037 0.16018518518518518
3 0.17314814814814813 0.8148148148148148 0.2037037037037037 0.18703703703703703
3 0.17037037037037037 0.6055555555555555 0.2037037037037037 0.18981481481481483
2 0.17592592592592593 0.37222222222222223 0.16018518518518518 0.14814814814814814
2 0.1814814814814815 0.1925925925925926 0.16018518518518518 0.14814814814814814
3 0.8277777777777777 0.5962962962962963 0.2037037037037037 0.1962962962962963
3 0.812962962962963 0.8212962962962963 0.1962962962962963 0.1962962962962963
2 0.7833333333333333 0.39444444444444443 0.16296296296296298 0.16574074074074074
2 0.7814814814814814 0.2111111111111111 0.16296296296296298 0.16018518518518518