2 0.20462962962962963 0.6083333333333333 0.16574074074074074 0.14814814814814814
3 0.5851851851851851 0.5962962962962963 0.1962962962962963 0.1962962962962963
3 0.39444444444444443 0.549074074074074 0.19166666666666668 0.1962962962962963
2 0.7490740740740741 0.49722222222222223 0.16574074074074074 0.1537037037037037
2 0.16574074074074074 0.4666666666666667 0.1537037037037037 0.14814814814814814
2 0.6046296296296296 0.42777777777777776 0.15833333333333333 0.15833333333333333
3 0.3037037037037037 0.37592592592592594 0.19166666666666668 0.2037037037037037
2 0.7212962962962963 0.31296296296296294 0.16018518518518518 0.19166666666666668
3 0.48055555555555557 0.2935185185185185 0.19166666666666668 0.2111111111111111
2 0.28703703703703703 0.1935185185185185 0.15833333333333333 0.17777777777777778
2 0.8342592592592593 0.18518518518518517 0.17037037037037037 0.1824074074074074
3 0.6287037037037037 0.15185185185185185 0.2064814814814815 0.22037037037037038
3 0.41944444444444445 0.08981481481481482 0.2037037037037037 0.17777777777777778
2 0.512962962962963 0.75 0.1537037037037037 0.14629629629629629
3 0.3453703703703704 0.7342592592592593 0.19166666666666668 0.1824074074074074
3 0.7703703703703704 0.674074074074074 0.2037037037037037 0.19166666666666668