3 0.33796296296296297 0.5370370370370371 0.2037037037037037 0.20185185185185187
3 0.33796296296296297 0.7796296296296297 0.2064814814814815 0.2064814814814815
2 0.3592592592592593 0.2898148148148148 0.17037037037037037 0.16018518518518518
2 0.3712962962962963 0.11296296296296296 0.1675925925925926 0.17037037037037037
3 0.5416666666666666 0.5611111111111111 0.20833333333333334 0.2064814814814815
3 0.5638888888888889 0.7953703703703704 0.2111111111111111 0.2111111111111111
2 0.5768518518518518 0.3148148148148148 0.175 0.17037037037037037
2 0.6037037037037037 0.12962962962962962 0.175 0.175
3 0.8018518518518518 0.862037037037037 0.22037037037037038 0.22037037037037038
3 0.8074074074074075 0.5814814814814815 0.23055555555555557 0.21574074074074073
2 0.8398148148148148 0.3314814814814815 0.17962962962962964 0.17222222222222222
2 0.875 0.1287037037037037 0.18425925925925926 0.175
3 0.1287037037037037 0.5509259259259259 0.19907407407407407 0.2037037037037037
3 0.13055555555555556 0.7555555555555555 0.19166666666666668 0.19444444444444445
2 0.15 0.26296296296296295 0.16018518518518518 0.16018518518518518
2 0.17222222222222222 0.09351851851851851 0.16018518518518518 0.16018518518518518