2 0.7453703703703703 0.5638888888888889 0.1361111111111111 0.17037037037037037
2 0.6416666666666667 0.774074074074074 0.1388888888888889 0.175
1 0.6731481481481482 0.42685185185185187 0.18703703703703703 0.21851851851851853
1 0.6222222222222222 0.6166666666666667 0.175 0.22314814814814815
2 0.6731481481481482 0.22037037037037038 0.1388888888888889 0.18425925925925926
2 0.4824074074074074 0.9074074074074074 0.15092592592592594 0.17962962962962964
1 0.5009259259259259 0.737037037037037 0.1824074074074074 0.21851851851851853
1 0.549074074074074 0.35185185185185186 0.1824074074074074 0.22314814814814815
2 0.5805555555555556 0.13796296296296295 0.1388888888888889 0.17962962962962964
2 0.5166666666666667 0.5277777777777778 0.1388888888888889 0.17962962962962964
2 0.4675925925925926 0.21481481481481482 0.15555555555555556 0.1962962962962963
1 0.3925925925925926 0.6194444444444445 0.18981481481481483 0.2324074074074074
1 0.3574074074074074 0.8240740740740741 0.18425925925925926 0.22777777777777777
1 0.4027777777777778 0.4074074074074074 0.1824074074074074 0.22314814814814815
1 0.262037037037037 0.512962962962963 0.19444444444444445 0.2351851851851852
2 0.2796296296296296 0.31851851851851853 0.16018518518518518 0.19444444444444445