3 0.4305555555555556 0.6768518518518518 0.2037037037037037 0.19907407407407407
3 0.19444444444444445 0.6657407407407407 0.2037037037037037 0.19444444444444445
2 0.6416666666666667 0.6333333333333333 0.16296296296296298 0.1537037037037037
2 0.8277777777777777 0.637962962962963 0.17222222222222222 0.16574074074074074
3 0.18055555555555555 0.47314814814814815 0.22037037037037038 0.19444444444444445
3 0.43425925925925923 0.4787037037037037 0.19444444444444445 0.2037037037037037
2 0.8388888888888889 0.45555555555555555 0.1675925925925926 0.17037037037037037
2 0.6361111111111111 0.44351851851851853 0.16296296296296298 0.17037037037037037
2 0.6583333333333333 0.26666666666666666 0.16574074074074074 0.17037037037037037
2 0.8379629629629629 0.2657407407407407 0.1824074074074074 0.17777777777777778
3 0.16574074074074074 0.22962962962962963 0.21851851851851853 0.21388888888888888
3 0.4527777777777778 0.22870370370370371 0.20833333333333334 0.21851851851851853
3 0.4064814814814815 0.8759259259259259 0.19444444444444445 0.18981481481481483
3 0.1935185185185185 0.8666666666666667 0.18981481481481483 0.19444444444444445
2 0.8138888888888889 0.8175925925925925 0.15833333333333333 0.16296296296296298
2 0.6296296296296297 0.7981481481481482 0.16296296296296298 0.14629629629629629