2 0.5851851851851851 0.23425925925925925 0.15833333333333333 0.15555555555555556
2 0.5796296296296296 0.6564814814814814 0.15833333333333333 0.14814814814814814
2 0.5740740740740741 0.4638888888888889 0.14814814814814814 0.14814814814814814
2 0.5611111111111111 0.8592592592592593 0.15092592592592594 0.14351851851851852
1 0.3472222222222222 0.20277777777777778 0.16296296296296298 0.17037037037037037
1 0.32407407407407407 0.8740740740740741 0.16296296296296298 0.17037037037037037
1 0.31574074074074077 0.42407407407407405 0.175 0.16296296296296298
1 0.29444444444444445 0.6370370370370371 0.16296296296296298 0.15833333333333333
1 0.12129629629629629 0.18518518518518517 0.1824074074074074 0.16296296296296298
1 0.10740740740740741 0.8694444444444445 0.175 0.1675925925925926
1 0.09814814814814815 0.41203703703703703 0.16296296296296298 0.16296296296296298
1 0.09814814814814815 0.6370370370370371 0.16296296296296298 0.15833333333333333
2 0.7777777777777778 0.23425925925925925 0.14814814814814814 0.14351851851851852
2 0.75 0.46111111111111114 0.15833333333333333 0.14814814814814814
2 0.7416666666666667 0.8546296296296296 0.15833333333333333 0.14351851851851852
2 0.737037037037037 0.6481481481481481 0.1537037037037037 0.1537037037037037