3 0.3416666666666667 0.44814814814814813 0.19444444444444445 0.18981481481481483
3 0.36944444444444446 0.24444444444444444 0.18981481481481483 0.18425925925925926
2 0.36666666666666664 0.6518518518518519 0.15833333333333333 0.1537037037037037
2 0.3537037037037037 0.8175925925925925 0.16574074074074074 0.15833333333333333
3 0.5407407407407407 0.2462962962962963 0.18425925925925926 0.18981481481481483
3 0.5231481481481481 0.4675925925925926 0.19444444444444445 0.18981481481481483
2 0.5166666666666667 0.8388888888888889 0.15833333333333333 0.15833333333333333
2 0.5407407407407407 0.6611111111111111 0.15833333333333333 0.1537037037037037
2 0.700925925925926 0.687037037037037 0.15833333333333333 0.15555555555555556
2 0.687037037037037 0.8555555555555555 0.15833333333333333 0.16018518518518518
3 0.7694444444444445 0.24259259259259258 0.2037037037037037 0.1962962962962963
3 0.75 0.5111111111111111 0.2037037037037037 0.1962962962962963
3 0.18425925925925926 0.2212962962962963 0.18425925925925926 0.18425925925925926
3 0.16574074074074074 0.41944444444444445 0.17962962962962964 0.18981481481481483
2 0.18888888888888888 0.7944444444444444 0.1537037037037037 0.1537037037037037
2 0.21851851851851853 0.6287037037037037 0.15555555555555556 0.15092592592592594