3 0.4203703703703704 0.2861111111111111 0.19907407407407407 0.20185185185185187
3 0.1787037037037037 0.2898148148148148 0.2064814814814815 0.2064814814814815
2 0.6694444444444444 0.30277777777777776 0.16018518518518518 0.1675925925925926
2 0.8472222222222222 0.3138888888888889 0.1675925925925926 0.1675925925925926
3 0.4027777777777778 0.49074074074074076 0.2064814814814815 0.2064814814814815
3 0.1648148148148148 0.5175925925925926 0.2064814814814815 0.2111111111111111
2 0.65 0.524074074074074 0.1675925925925926 0.17222222222222222
2 0.8361111111111111 0.5472222222222223 0.17222222222222222 0.17222222222222222
3 0.10555555555555556 0.7555555555555555 0.2111111111111111 0.21851851851851853
3 0.38333333333333336 0.7583333333333333 0.2111111111111111 0.22592592592592592
2 0.637962962962963 0.7898148148148149 0.17037037037037037 0.17777777777777778
2 0.8425925925925926 0.8212962962962963 0.17222222222222222 0.1824074074074074
3 0.4027777777777778 0.08796296296296297 0.2037037037037037 0.175
3 0.19814814814814816 0.08796296296296297 0.19444444444444445 0.175
2 0.6944444444444444 0.09537037037037037 0.15833333333333333 0.15833333333333333
2 0.8629629629629629 0.11296296296296296 0.15833333333333333 0.15833333333333333