2 0.37592592592592594 0.42407407407407405 0.175 0.17037037037037037
2 0.3453703703703704 0.22685185185185186 0.17037037037037037 0.17037037037037037
2 0.4185185185185185 0.6194444444444445 0.18703703703703703 0.17777777777777778
2 0.4638888888888889 0.8416666666666667 0.175 0.175
1 0.5722222222222222 0.1925925925925926 0.18981481481481483 0.18981481481481483
1 0.6055555555555555 0.38981481481481484 0.18981481481481483 0.19166666666666668
1 0.6416666666666667 0.600925925925926 0.18981481481481483 0.19444444444444445
1 0.6842592592592592 0.8342592592592593 0.19444444444444445 0.19444444444444445
1 0.7777777777777778 0.1685185185185185 0.17962962962962964 0.17777777777777778
1 0.899074074074074 0.8175925925925925 0.20185185185185187 0.1962962962962963
1 0.8675925925925926 0.562962962962963 0.1962962962962963 0.2064814814814815
1 0.8379629629629629 0.3314814814814815 0.19444444444444445 0.19444444444444445
2 0.19074074074074074 0.6805555555555556 0.17962962962962964 0.17777777777777778
2 0.1259259259259259 0.2574074074074074 0.17962962962962964 0.17222222222222222
2 0.2388888888888889 0.9101851851851852 0.18425925925925926 0.17777777777777778
2 0.18518518518518517 0.48055555555555557 0.18425925925925926 0.17222222222222222