2 0.7472222222222222 0.524074074074074 0.11944444444444445 0.1537037037037037
2 0.6851851851851852 0.29907407407407405 0.11944444444444445 0.15833333333333333
3 0.6537037037037037 0.6453703703703704 0.15092592592592594 0.20185185185185187
3 0.6361111111111111 0.4527777777777778 0.14166666666666666 0.19166666666666668
2 0.6166666666666667 0.850925925925926 0.11481481481481481 0.16018518518518518
2 0.5527777777777778 0.13796296296296295 0.125 0.15833333333333333
3 0.5416666666666666 0.3074074074074074 0.14166666666666666 0.20185185185185187
3 0.5175925925925926 0.6962962962962963 0.15092592592592594 0.20185185185185187
2 0.5046296296296297 0.9120370370370371 0.12222222222222222 0.16574074074074074
2 0.5175925925925926 0.5166666666666667 0.11944444444444445 0.17037037037037037
2 0.4111111111111111 0.8157407407407408 0.125 0.175
3 0.41574074074074074 0.4111111111111111 0.15555555555555556 0.2064814814814815
3 0.4203703703703704 0.19722222222222222 0.15555555555555556 0.2064814814814815
3 0.3861111111111111 0.6157407407407407 0.15092592592592594 0.2064814814814815
3 0.26296296296296295 0.47962962962962963 0.1675925925925926 0.21574074074074073
2 0.24444444444444444 0.6768518518518518 0.14351851851851852 0.17777777777777778