2 0.49074074074074076 0.22037037037037038 0.18703703703703703 0.15092592592592594
2 0.26296296296296295 0.33611111111111114 0.18981481481481483 0.15555555555555556
1 0.6416666666666667 0.2953703703703704 0.23796296296296296 0.2037037037037037
1 0.4351851851851852 0.35462962962962963 0.24444444444444444 0.19444444444444445
2 0.8675925925925926 0.2916666666666667 0.20185185185185187 0.15555555555555556
2 0.12222222222222222 0.512962962962963 0.19907407407407407 0.1675925925925926
1 0.3074074074074074 0.4888888888888889 0.24259259259259258 0.20185185185185187
1 0.725 0.4305555555555556 0.24444444444444444 0.20185185185185187
2 0.9287037037037037 0.3962962962962963 0.1361111111111111 0.14629629629629629
2 0.5333333333333333 0.4685185185185185 0.1962962962962963 0.15555555555555556
2 0.8759259259259259 0.5166666666666667 0.21388888888888888 0.17037037037037037
1 0.4361111111111111 0.6037037037037037 0.2564814814814815 0.20833333333333334
1 0.21481481481481482 0.6462962962962963 0.2518518518518518 0.2037037037037037
1 0.6666666666666666 0.5898148148148148 0.24722222222222223 0.2037037037037037
1 0.5537037037037037 0.7453703703703703 0.2564814814814815 0.21574074074074073
2 0.7666666666666667 0.7203703703703703 0.21388888888888888 0.17777777777777778