2 0.32685185185185184 0.7305555555555555 0.14629629629629629 0.14166666666666666
3 0.30185185185185187 0.40185185185185185 0.175 0.17222222222222222
3 0.35462962962962963 0.5648148148148148 0.18425925925925926 0.17222222222222222
2 0.37222222222222223 0.2490740740740741 0.14166666666666666 0.1537037037037037
2 0.44907407407407407 0.7546296296296297 0.1361111111111111 0.14351851851851852
2 0.44814814814814813 0.36944444444444446 0.14814814814814814 0.14629629629629629
3 0.512962962962963 0.6296296296296297 0.18425925925925926 0.17777777777777778
2 0.5314814814814814 0.26481481481481484 0.14166666666666666 0.1537037037037037
3 0.5694444444444444 0.47129629629629627 0.19444444444444445 0.17777777777777778
2 0.6666666666666666 0.6324074074074074 0.15555555555555556 0.15092592592592594
2 0.6416666666666667 0.1537037037037037 0.15833333333333333 0.16018518518518518
3 0.6842592592592592 0.3277777777777778 0.19907407407407407 0.19907407407407407
3 0.7703703703703704 0.5092592592592593 0.2064814814814815 0.18703703703703703
2 0.17685185185185184 0.4703703703703704 0.14166666666666666 0.14166666666666666
3 0.20925925925925926 0.6175925925925926 0.1824074074074074 0.17777777777777778
3 0.22685185185185186 0.24537037037037038 0.18981481481481483 0.1962962962962963