3 0.512962962962963 0.6527777777777778 0.2064814814814815 0.2037037037037037
2 0.8157407407407408 0.6046296296296296 0.16018518518518518 0.15555555555555556
2 0.6620370370370371 0.5981481481481481 0.15555555555555556 0.16574074074074074
2 0.20925925925925926 0.6462962962962963 0.16574074074074074 0.16018518518518518
2 0.3638888888888889 0.6203703703703703 0.15555555555555556 0.15555555555555556
3 0.7462962962962963 0.4648148148148148 0.20833333333333334 0.2037037037037037
3 0.5601851851851852 0.48518518518518516 0.20833333333333334 0.2037037037037037
3 0.23333333333333334 0.4962962962962963 0.2111111111111111 0.20185185185185187
2 0.39537037037037037 0.475 0.17962962962962964 0.17222222222222222
2 0.649074074074074 0.32592592592592595 0.1675925925925926 0.175
3 0.47314814814814815 0.3277777777777778 0.20833333333333334 0.2037037037037037
3 0.2833333333333333 0.31574074074074077 0.2037037037037037 0.21388888888888888
2 0.5925925925925926 0.7916666666666666 0.15555555555555556 0.15555555555555556
2 0.4546296296296296 0.8027777777777778 0.16018518518518518 0.15555555555555556
3 0.737037037037037 0.7333333333333333 0.20185185185185187 0.18981481481481483
3 0.2972222222222222 0.7824074074074074 0.20185185185185187 0.2037037037037037