3 0.6638888888888889 0.4722222222222222 0.22037037037037038 0.2064814814814815
2 0.6129629629629629 0.7703703703703704 0.175 0.1675925925925926
2 0.5962962962962963 0.6240740740740741 0.175 0.16296296296296298
3 0.5925925925925926 0.30277777777777776 0.2111111111111111 0.20833333333333334
3 0.45925925925925926 0.7111111111111111 0.21388888888888888 0.21574074074074073
2 0.524074074074074 0.14537037037037037 0.175 0.17222222222222222
2 0.4546296296296296 0.5416666666666666 0.17962962962962964 0.1675925925925926
2 0.44814814814814813 0.39537037037037037 0.17962962962962964 0.1675925925925926
2 0.4185185185185185 0.24074074074074073 0.16574074074074074 0.17037037037037037
3 0.26296296296296295 0.7083333333333334 0.22314814814814815 0.22314814814814815
3 0.28703703703703703 0.5212962962962963 0.22777777777777777 0.21574074074074073
3 0.2675925925925926 0.32685185185185184 0.22592592592592592 0.22592592592592592
3 0.8601851851851852 0.4925925925925926 0.21388888888888888 0.2037037037037037
3 0.7546296296296297 0.6453703703703704 0.21388888888888888 0.21388888888888888
2 0.774074074074074 0.35 0.17222222222222222 0.175
2 0.7305555555555555 0.21296296296296297 0.16574074074074074 0.16018518518518518