3 0.33611111111111114 0.17685185185185184 0.1962962962962963 0.19166666666666668
3 0.34629629629629627 0.3787037037037037 0.19166666666666668 0.19166666666666668
2 0.36574074074074076 0.6759259259259259 0.15833333333333333 0.16018518518518518
2 0.36574074074074076 0.875 0.15833333333333333 0.1675925925925926
3 0.5416666666666666 0.15833333333333333 0.18981481481481483 0.2037037037037037
3 0.5444444444444444 0.4 0.2037037037037037 0.2037037037037037
2 0.5657407407407408 0.6657407407407407 0.1537037037037037 0.16296296296296298
2 0.5898148148148148 0.8740740740740741 0.16296296296296298 0.17222222222222222
3 0.7703703703703704 0.38796296296296295 0.21574074074074073 0.21388888888888888
3 0.7796296296296297 0.16018518518518518 0.21388888888888888 0.2037037037037037
2 0.8175925925925925 0.6462962962962963 0.175 0.1675925925925926
2 0.8222222222222222 0.8722222222222222 0.17962962962962964 0.17222222222222222
3 0.1537037037037037 0.16111111111111112 0.1824074074074074 0.18703703703703703
3 0.14814814814814814 0.38425925925925924 0.18703703703703703 0.18703703703703703
2 0.16574074074074074 0.8833333333333333 0.15833333333333333 0.15833333333333333
2 0.18425925925925926 0.6694444444444444 0.15092592592592594 0.16018518518518518