3 0.7861111111111111 0.3416666666666667 0.18425925925925926 0.19166666666666668
3 0.5833333333333334 0.3314814814814815 0.18703703703703703 0.18703703703703703
2 0.18425925925925926 0.3351851851851852 0.15092592592592594 0.15555555555555556
2 0.37222222222222223 0.36018518518518516 0.15555555555555556 0.15092592592592594
3 0.7666666666666667 0.5351851851851852 0.18703703703703703 0.19444444444444445
3 0.562962962962963 0.525 0.19166666666666668 0.19444444444444445
2 0.35185185185185186 0.5296296296296297 0.15833333333333333 0.15555555555555556
2 0.16666666666666666 0.5361111111111111 0.16574074074074074 0.16574074074074074
3 0.7592592592592593 0.75 0.18981481481481483 0.19907407407407407
3 0.5592592592592592 0.737037037037037 0.18703703703703703 0.20185185185185187
2 0.3574074074074074 0.7268518518518519 0.16018518518518518 0.15555555555555556
2 0.1537037037037037 0.7222222222222222 0.16574074074074074 0.16574074074074074
3 0.7814814814814814 0.1527777777777778 0.1824074074074074 0.17962962962962964
3 0.5953703703703703 0.14537037037037037 0.18425925925925926 0.18703703703703703
2 0.3712962962962963 0.16111111111111112 0.15092592592592594 0.15092592592592594
2 0.20092592592592592 0.1638888888888889 0.15555555555555556 0.15092592592592594