3 0.5037037037037037 0.3111111111111111 0.1962962962962963 0.19907407407407407
3 0.725 0.3055555555555556 0.18703703703703703 0.19166666666666668
2 0.2916666666666667 0.3712962962962963 0.15555555555555556 0.16018518518518518
2 0.11388888888888889 0.3861111111111111 0.16018518518518518 0.17037037037037037
3 0.7509259259259259 0.4888888888888889 0.1962962962962963 0.19166666666666668
3 0.512962962962963 0.5055555555555555 0.1962962962962963 0.19907407407407407
2 0.1175925925925926 0.5638888888888889 0.16018518518518518 0.16018518518518518
2 0.3101851851851852 0.5574074074074075 0.15555555555555556 0.16018518518518518
2 0.3101851851851852 0.7333333333333333 0.16018518518518518 0.16018518518518518
2 0.1287037037037037 0.7462962962962963 0.16574074074074074 0.16018518518518518
3 0.7935185185185185 0.7296296296296296 0.20185185185185187 0.2111111111111111
3 0.5055555555555555 0.7546296296296297 0.19907407407407407 0.2111111111111111
3 0.7175925925925926 0.10555555555555556 0.19166666666666668 0.19166666666666668
3 0.5046296296296297 0.11944444444444445 0.19166666666666668 0.18703703703703703
2 0.11018518518518519 0.20833333333333334 0.15833333333333333 0.15555555555555556
2 0.29074074074074074 0.2101851851851852 0.1537037037037037 0.16018518518518518