2 0.5120370370370371 0.7509259259259259 0.14629629629629629 0.11018518518518519
2 0.725 0.6814814814814815 0.15092592592592594 0.11296296296296296
1 0.3925925925925926 0.6657407407407407 0.18703703703703703 0.15092592592592594
1 0.5768518518518518 0.6425925925925926 0.19444444444444445 0.14166666666666666
2 0.19907407407407407 0.6398148148148148 0.16018518518518518 0.11296296296296296
2 0.8703703703703703 0.549074074074074 0.15833333333333333 0.12222222222222222
1 0.7083333333333334 0.5444444444444444 0.18981481481481483 0.14629629629629629
1 0.3416666666666667 0.5388888888888889 0.19166666666666668 0.14629629629629629
2 0.1361111111111111 0.5398148148148149 0.15555555555555556 0.11296296296296296
2 0.5074074074074074 0.5333333333333333 0.15555555555555556 0.11296296296296296
2 0.2222222222222222 0.4462962962962963 0.17037037037037037 0.125
1 0.6092592592592593 0.42777777777777776 0.2037037037037037 0.15092592592592594
1 0.8092592592592592 0.4222222222222222 0.19907407407407407 0.14814814814814814
1 0.41203703703703703 0.4111111111111111 0.19444444444444445 0.14814814814814814
1 0.5277777777777778 0.29074074074074074 0.2037037037037037 0.15555555555555556
2 0.3425925925925926 0.2851851851851852 0.16574074074074074 0.12962962962962962