2 0.34814814814814815 0.5268518518518519 0.14814814814814814 0.14351851851851852
1 0.3638888888888889 0.38333333333333336 0.17037037037037037 0.17037037037037037
2 0.41574074074074074 0.6425925925925926 0.14814814814814814 0.14814814814814814
1 0.4351851851851852 0.25277777777777777 0.17222222222222222 0.17777777777777778
1 0.48055555555555557 0.4787037037037037 0.17037037037037037 0.16018518518518518
2 0.5407407407407407 0.6046296296296296 0.15092592592592594 0.15092592592592594
1 0.562962962962963 0.35462962962962963 0.17037037037037037 0.17037037037037037
2 0.5768518518518518 0.2111111111111111 0.15092592592592594 0.15092592592592594
2 0.6416666666666667 0.687037037037037 0.14351851851851852 0.14629629629629629
1 0.6287037037037037 0.4842592592592593 0.16574074074074074 0.16574074074074074
2 0.700925925925926 0.3638888888888889 0.14351851851851852 0.14351851851851852
1 0.7351851851851852 0.5861111111111111 0.16574074074074074 0.1675925925925926
2 0.7175925925925926 0.22870370370370371 0.15092592592592594 0.15092592592592594
1 0.8037037037037037 0.45555555555555555 0.17037037037037037 0.16574074074074074
2 0.23425925925925925 0.4527777777777778 0.14629629629629629 0.14814814814814814
1 0.27314814814814814 0.6453703703703704 0.17037037037037037 0.16296296296296298