3 0.7268518518518519 0.524074074074074 0.19166666666666668 0.18981481481481483
3 0.7212962962962963 0.7490740740740741 0.18703703703703703 0.1824074074074074
2 0.6768518518518518 0.30648148148148147 0.15833333333333333 0.1537037037037037
2 0.6731481481481482 0.125 0.16574074074074074 0.15833333333333333
3 0.5324074074074074 0.7666666666666667 0.18425925925925926 0.18981481481481483
3 0.5287037037037037 0.524074074074074 0.19166666666666668 0.18981481481481483
2 0.49166666666666664 0.11944444444444445 0.15833333333333333 0.15833333333333333
2 0.48703703703703705 0.3148148148148148 0.15833333333333333 0.1537037037037037
2 0.3101851851851852 0.3055555555555556 0.15833333333333333 0.1537037037037037
2 0.3037037037037037 0.12129629629629629 0.15833333333333333 0.15833333333333333
3 0.28703703703703703 0.7953703703703704 0.2037037037037037 0.1962962962962963
3 0.275 0.5037037037037037 0.2037037037037037 0.19166666666666668
3 0.9157407407407407 0.7527777777777778 0.1675925925925926 0.18425925925925926
3 0.9157407407407407 0.5370370370370371 0.1675925925925926 0.18703703703703703
2 0.8537037037037037 0.13055555555555556 0.1537037037037037 0.1537037037037037
2 0.8416666666666667 0.3138888888888889 0.1537037037037037 0.14814814814814814