3 0.1925925925925926 0.3074074074074074 0.1824074074074074 0.18981481481481483
3 0.4027777777777778 0.30925925925925923 0.18425925925925926 0.18425925925925926
2 0.8157407407407408 0.3351851851851852 0.14814814814814814 0.1537037037037037
2 0.6194444444444445 0.3509259259259259 0.1537037037037037 0.14814814814814814
3 0.19907407407407407 0.5092592592592593 0.18425925925925926 0.18981481481481483
3 0.4148148148148148 0.5092592592592593 0.18981481481481483 0.19166666666666668
2 0.6277777777777778 0.5277777777777778 0.15555555555555556 0.1537037037037037
2 0.8194444444444444 0.5416666666666666 0.16296296296296298 0.16296296296296298
3 0.19444444444444445 0.7296296296296296 0.18425925925925926 0.19444444444444445
3 0.4046296296296296 0.7287037037037037 0.18425925925925926 0.19907407407407407
2 0.6138888888888889 0.7296296296296296 0.15833333333333333 0.1537037037037037
2 0.8240740740740741 0.737037037037037 0.16296296296296298 0.16296296296296298
3 0.20833333333333334 0.11203703703703703 0.17962962962962964 0.17777777777777778
3 0.4 0.11574074074074074 0.17962962962962964 0.18425925925925926
2 0.6296296296296297 0.14444444444444443 0.14814814814814814 0.14814814814814814
2 0.8037037037037037 0.15648148148148147 0.1537037037037037 0.14814814814814814