3 0.31851851851851853 0.1638888888888889 0.18981481481481483 0.1962962962962963
3 0.3194444444444444 0.38425925925925924 0.19166666666666668 0.19444444444444445
2 0.35462962962962963 0.8055555555555556 0.16018518518518518 0.15555555555555556
2 0.36574074074074076 0.6083333333333333 0.1537037037037037 0.1537037037037037
3 0.5287037037037037 0.17222222222222222 0.1962962962962963 0.20185185185185187
3 0.5333333333333333 0.39537037037037037 0.19166666666666668 0.1962962962962963
2 0.5472222222222223 0.612037037037037 0.15555555555555556 0.15555555555555556
2 0.5601851851851852 0.8092592592592592 0.15555555555555556 0.15833333333333333
3 0.75 0.3861111111111111 0.1962962962962963 0.20185185185185187
2 0.7546296296296297 0.5981481481481481 0.15555555555555556 0.15555555555555556
3 0.7592592592592593 0.16111111111111112 0.19444444444444445 0.18703703703703703
2 0.7657407407407407 0.8175925925925925 0.15555555555555556 0.16018518518518518
3 0.12037037037037036 0.18981481481481483 0.1824074074074074 0.18703703703703703
3 0.1259259259259259 0.387037037037037 0.18981481481481483 0.18981481481481483
2 0.1537037037037037 0.6203703703703703 0.14351851851851852 0.15092592592592594
2 0.16574074074074074 0.8018518518518518 0.1537037037037037 0.16018518518518518