3 0.30185185185185187 0.21851851851851853 0.2064814814814815 0.2037037037037037
3 0.33611111111111114 0.42592592592592593 0.2037037037037037 0.2037037037037037
2 0.38425925925925924 0.7333333333333333 0.1675925925925926 0.1675925925925926
2 0.4074074074074074 0.9259259259259259 0.17037037037037037 0.14814814814814814
3 0.512962962962963 0.17777777777777778 0.2037037037037037 0.21388888888888888
3 0.5407407407407407 0.4287037037037037 0.21574074074074073 0.21574074074074073
2 0.5953703703703703 0.700925925925926 0.16574074074074074 0.17222222222222222
2 0.6407407407407407 0.9083333333333333 0.17777777777777778 0.17777777777777778
3 0.775 0.3925925925925926 0.23055555555555557 0.22777777777777777
3 0.7574074074074074 0.1527777777777778 0.22777777777777777 0.22037037037037038
2 0.8518518518518519 0.6537037037037037 0.18981481481481483 0.17962962962962964
2 0.8777777777777778 0.8870370370370371 0.19444444444444445 0.1824074074074074
3 0.11296296296296296 0.225 0.19444444444444445 0.19907407407407407
3 0.12962962962962962 0.4527777777777778 0.19907407407407407 0.19907407407407407
2 0.19907407407407407 0.9435185185185185 0.1675925925925926 0.11296296296296296
2 0.19907407407407407 0.7462962962962963 0.16296296296296298 0.1675925925925926