3 0.5287037037037037 0.6453703703703704 0.18703703703703703 0.18703703703703703
3 0.31296296296296294 0.6305555555555555 0.19166666666666668 0.17962962962962964
2 0.7388888888888889 0.6046296296296296 0.1537037037037037 0.1537037037037037
2 0.9101851851851852 0.6074074074074074 0.15555555555555556 0.15092592592592594
3 0.30277777777777776 0.4527777777777778 0.1962962962962963 0.18703703703703703
3 0.5416666666666666 0.4601851851851852 0.19166666666666668 0.19166666666666668
2 0.9305555555555556 0.4444444444444444 0.1388888888888889 0.1537037037037037
2 0.75 0.42407407407407405 0.16018518518518518 0.15833333333333333
2 0.7731481481481481 0.25462962962962965 0.16574074074074074 0.17037037037037037
2 0.9342592592592592 0.25833333333333336 0.13148148148148148 0.16018518518518518
3 0.2777777777777778 0.20185185185185187 0.20833333333333334 0.21574074074074073
3 0.575925925925926 0.21481481481481482 0.20185185185185187 0.21388888888888888
3 0.3055555555555556 0.8194444444444444 0.18981481481481483 0.1675925925925926
3 0.5092592592592593 0.8212962962962963 0.17962962962962964 0.17222222222222222
2 0.8916666666666667 0.7694444444444445 0.15092592592592594 0.14166666666666666
2 0.7231481481481481 0.7574074074074074 0.15092592592592594 0.14166666666666666