3 0.2388888888888889 0.37592592592592594 0.18981481481481483 0.18703703703703703
2 0.8037037037037037 0.36018518518518516 0.15833333333333333 0.1675925925925926
3 0.4601851851851852 0.39166666666666666 0.18425925925925926 0.18981481481481483
2 0.6259259259259259 0.38055555555555554 0.15833333333333333 0.14351851851851852
3 0.23703703703703705 0.5481481481481482 0.18981481481481483 0.18425925925925926
2 0.8157407407407408 0.5472222222222223 0.15833333333333333 0.1537037037037037
3 0.4388888888888889 0.5740740740740741 0.18425925925925926 0.18425925925925926
2 0.6518518518518519 0.5740740740740741 0.1537037037037037 0.14814814814814814
3 0.25092592592592594 0.7861111111111111 0.17962962962962964 0.19444444444444445
3 0.4462962962962963 0.7833333333333333 0.17962962962962964 0.19444444444444445
2 0.6611111111111111 0.7712962962962963 0.14629629629629629 0.1537037037037037
2 0.8296296296296296 0.7592592592592593 0.14351851851851852 0.15555555555555556
3 0.4324074074074074 0.16944444444444445 0.18981481481481483 0.1962962962962963
3 0.225 0.1925925925925926 0.18981481481481483 0.18981481481481483
2 0.6203703703703703 0.20462962962962963 0.15833333333333333 0.15833333333333333
2 0.7907407407407407 0.20185185185185187 0.15555555555555556 0.15833333333333333