3 0.8231481481481482 0.612037037037037 0.2064814814814815 0.19907407407407407
3 0.6083333333333333 0.6259259259259259 0.2037037037037037 0.20185185185185187
2 0.1925925925925926 0.6212962962962963 0.16296296296296298 0.1675925925925926
2 0.38425925925925924 0.5972222222222222 0.16018518518518518 0.16018518518518518
3 0.8018518518518518 0.4064814814814815 0.2111111111111111 0.20833333333333334
3 0.5814814814814815 0.4166666666666667 0.2064814814814815 0.20185185185185187
2 0.3675925925925926 0.41944444444444445 0.16296296296296298 0.16296296296296298
2 0.17407407407407408 0.4203703703703704 0.16574074074074074 0.16296296296296298
3 0.5768518518518518 0.20462962962962963 0.2111111111111111 0.20833333333333334
2 0.36666666666666664 0.21388888888888888 0.16296296296296298 0.16296296296296298
3 0.7972222222222223 0.1787037037037037 0.1962962962962963 0.2037037037037037
2 0.15185185185185185 0.21851851851851853 0.1675925925925926 0.16296296296296298
3 0.812962962962963 0.8101851851851852 0.1962962962962963 0.18981481481481483
3 0.6194444444444445 0.8175925925925925 0.19907407407407407 0.19907407407407407
2 0.38796296296296295 0.8055555555555556 0.15833333333333333 0.1537037037037037
2 0.20833333333333334 0.8074074074074075 0.1675925925925926 0.16018518518518518