2 0.21388888888888888 0.6972222222222222 0.16574074074074074 0.1675925925925926
2 0.6074074074074074 0.6333333333333333 0.15833333333333333 0.16574074074074074
2 0.42777777777777776 0.6564814814814814 0.15833333333333333 0.15833333333333333
2 0.7944444444444444 0.5925925925925926 0.1537037037037037 0.15833333333333333
1 0.15648148148148147 0.47685185185185186 0.17777777777777778 0.175
1 0.7731481481481481 0.37037037037037035 0.17777777777777778 0.175
1 0.35833333333333334 0.4222222222222222 0.175 0.1824074074074074
1 0.5509259259259259 0.37222222222222223 0.1675925925925926 0.17222222222222222
1 0.10925925925925926 0.27037037037037037 0.175 0.18981481481481483
1 0.7425925925925926 0.16944444444444445 0.175 0.1824074074074074
1 0.3175925925925926 0.2212962962962963 0.17222222222222222 0.17222222222222222
1 0.5268518518518519 0.18888888888888888 0.1675925925925926 0.17222222222222222
2 0.24166666666666667 0.8722222222222222 0.15555555555555556 0.15555555555555556
2 0.44814814814814813 0.8175925925925925 0.15833333333333333 0.16574074074074074
2 0.812962962962963 0.7611111111111111 0.1537037037037037 0.16574074074074074
2 0.6175925925925926 0.7833333333333333 0.16296296296296298 0.16296296296296298