2 0.5962962962962963 0.35185185185185186 0.05185185185185185 0.05277777777777778
2 0.5694444444444444 0.44814814814814813 0.05 0.053703703703703705
2 0.6638888888888889 0.5277777777777778 0.04814814814814815 0.053703703703703705
2 0.7759259259259259 0.5981481481481481 0.04814814814814815 0.05185185185185185
2 0.6296296296296297 0.6185185185185185 0.05092592592592592 0.05277777777777778
2 0.737037037037037 0.7064814814814815 0.049074074074074076 0.05
2 0.5027777777777778 0.6824074074074075 0.05 0.05277777777777778
2 0.43703703703703706 0.6472222222222223 0.05277777777777778 0.049074074074074076
2 0.26666666666666666 0.6564814814814814 0.053703703703703705 0.05185185185185185
2 0.3425925925925926 0.5416666666666666 0.04722222222222222 0.053703703703703705
2 0.3314814814814815 0.39444444444444443 0.04722222222222222 0.05555555555555555
2 0.5074074074074074 0.6129629629629629 0.04722222222222222 0.05
2 0.43148148148148147 0.5648148148148148 0.04722222222222222 0.053703703703703705
2 0.4703703703703704 0.4462962962962963 0.04814814814814815 0.05092592592592592
0 0.5231481481481481 0.40185185185185185 0.04537037037037037 0.046296296296296294
0 0.4101851851851852 0.44537037037037036 0.049074074074074076 0.05092592592592592
0 0.2861111111111111 0.4324074074074074 0.049074074074074076 0.05092592592592592
0 0.3861111111111111 0.34074074074074073 0.04814814814814815 0.05092592592592592
0 0.4601851851851852 0.5074074074074074 0.044444444444444446 0.04722222222222222
0 0.5518518518518518 0.6231481481481481 0.04351851851851852 0.04722222222222222
3 0.5361111111111111 0.5555555555555556 0.06018518518518518 0.062037037037037036
1 0.6694444444444444 0.6851851851851852 0.05555555555555555 0.06018518518518518
1 0.4546296296296296 0.3962962962962963 0.05185185185185185 0.06481481481481481
2 0.6148148148148148 0.5537037037037037 0.05092592592592592 0.05092592592592592