2 0.5925925925925926 0.38425925925925924 0.05092592592592592 0.053703703703703705
2 0.5092592592592593 0.4074074074074074 0.05185185185185185 0.05462962962962963
2 0.38796296296296295 0.33611111111111114 0.058333333333333334 0.05462962962962963
2 0.39444444444444443 0.5009259259259259 0.05185185185185185 0.05
2 0.5768518518518518 0.6388888888888888 0.044444444444444446 0.04722222222222222
2 0.6620370370370371 0.5287037037037037 0.05092592592592592 0.049074074074074076
2 0.5583333333333333 0.5074074074074074 0.049074074074074076 0.05277777777777778
1 0.4685185185185185 0.6611111111111111 0.04814814814814815 0.05185185185185185
1 0.4074074074074074 0.38796296296296295 0.05555555555555555 0.06018518518518518
1 0.3351851851851852 0.4675925925925926 0.05462962962962963 0.05648148148148148
1 0.562962962962963 0.44351851851851853 0.05555555555555555 0.05740740740740741
3 0.4046296296296296 0.6157407407407407 0.05925925925925926 0.05740740740740741
3 0.4824074074074074 0.5537037037037037 0.058333333333333334 0.053703703703703705
3 0.49907407407407406 0.3212962962962963 0.06666666666666667 0.06944444444444445
2 0.6342592592592593 0.5861111111111111 0.04722222222222222 0.04814814814814815
0 0.5212962962962963 0.6064814814814815 0.04351851851851852 0.04259259259259259
0 0.44722222222222224 0.49166666666666664 0.04722222222222222 0.049074074074074076
0 0.4564814814814815 0.44074074074074077 0.05092592592592592 0.05092592592592592