3 0.775 0.33611111111111114 0.20185185185185187 0.20185185185185187
2 0.18611111111111112 0.41203703703703703 0.17037037037037037 0.17962962962962964
3 0.5509259259259259 0.38796296296296295 0.19907407407407407 0.20185185185185187
2 0.37222222222222223 0.4046296296296296 0.17037037037037037 0.15833333333333333
3 0.8074074074074075 0.5157407407407407 0.20185185185185187 0.19907407407407407
2 0.20277777777777778 0.6092592592592593 0.1675925925925926 0.16296296296296298
3 0.600925925925926 0.575925925925926 0.1962962962962963 0.19907407407407407
2 0.37962962962962965 0.6101851851851852 0.16296296296296298 0.16018518518518518
3 0.8342592592592593 0.7666666666666667 0.19444444444444445 0.2064814814814815
3 0.6305555555555555 0.7944444444444444 0.19444444444444445 0.2064814814814815
2 0.40370370370370373 0.8185185185185185 0.15555555555555556 0.16574074074074074
2 0.22592592592592592 0.8342592592592593 0.15092592592592594 0.16574074074074074
3 0.5398148148148149 0.1527777777777778 0.2037037037037037 0.20833333333333334
3 0.7648148148148148 0.1425925925925926 0.2037037037037037 0.2037037037037037
2 0.3509259259259259 0.22037037037037038 0.17037037037037037 0.17037037037037037
2 0.17037037037037037 0.2462962962962963 0.16574074074074074 0.1675925925925926