2 0.5518518518518518 0.4166666666666667 0.14814814814814814 0.14351851851851852
2 0.5398148148148149 0.23796296296296296 0.14351851851851852 0.14351851851851852
2 0.5537037037037037 0.5962962962962963 0.15833333333333333 0.14814814814814814
2 0.5592592592592592 0.799074074074074 0.14814814814814814 0.14814814814814814
1 0.3333333333333333 0.25277777777777777 0.15833333333333333 0.15833333333333333
1 0.3435185185185185 0.4324074074074074 0.15833333333333333 0.16018518518518518
1 0.35462962962962963 0.625 0.15833333333333333 0.16296296296296298
1 0.3638888888888889 0.8388888888888889 0.16296296296296298 0.16296296296296298
1 0.14814814814814814 0.27314814814814814 0.1537037037037037 0.14814814814814814
1 0.17222222222222222 0.8675925925925926 0.1675925925925926 0.16296296296296298
1 0.14814814814814814 0.6370370370370371 0.16574074074074074 0.17222222222222222
1 0.1287037037037037 0.42777777777777776 0.16296296296296298 0.16296296296296298
2 0.7657407407407407 0.6037037037037037 0.15092592592592594 0.14814814814814814
2 0.737037037037037 0.22037037037037038 0.1537037037037037 0.14351851851851852
2 0.7703703703703704 0.8148148148148148 0.15555555555555556 0.14814814814814814
2 0.7305555555555555 0.42592592592592593 0.15555555555555556 0.14351851851851852