3 0.6814814814814815 0.5648148148148148 0.18981481481481483 0.18981481481481483
3 0.6212962962962963 0.4111111111111111 0.17962962962962964 0.18703703703703703
2 0.6240740740740741 0.7129629629629629 0.1537037037037037 0.15555555555555556
2 0.5148148148148148 0.22870370370370371 0.15092592592592594 0.15555555555555556
2 0.5435185185185185 0.6037037037037037 0.15555555555555556 0.16018518518518518
3 0.4666666666666667 0.3592592592592593 0.19444444444444445 0.18981481481481483
2 0.47129629629629627 0.7148148148148148 0.15555555555555556 0.16574074074074074
3 0.42592592592592593 0.5175925925925926 0.19444444444444445 0.19444444444444445
2 0.3138888888888889 0.36666666666666664 0.16018518518518518 0.15555555555555556
2 0.37592592592592594 0.8240740740740741 0.16018518518518518 0.16018518518518518
3 0.32314814814814813 0.6648148148148149 0.2064814814814815 0.2111111111111111
3 0.22685185185185186 0.4962962962962963 0.2111111111111111 0.20833333333333334
2 0.799074074074074 0.4824074074074074 0.14166666666666666 0.15092592592592594
3 0.7592592592592593 0.34629629629629627 0.1824074074074074 0.17962962962962964
3 0.7712962962962963 0.7027777777777777 0.18425925925925926 0.1962962962962963
2 0.6444444444444445 0.24259259259259258 0.14166666666666666 0.14629629629629629