2 0.19074074074074074 0.5833333333333334 0.175 0.18425925925925926
2 0.40370370370370373 0.5777777777777777 0.1824074074074074 0.1824074074074074
2 0.5861111111111111 0.5833333333333334 0.18981481481481483 0.18981481481481483
2 0.7870370370370371 0.5805555555555556 0.19444444444444445 0.19444444444444445
3 0.11666666666666667 0.3333333333333333 0.20277777777777778 0.21574074074074073
3 0.3314814814814815 0.3425925925925926 0.20555555555555555 0.2101851851851852
3 0.6037037037037037 0.3453703703703704 0.21481481481481482 0.21944444444444444
3 0.8277777777777777 0.35555555555555557 0.225 0.22685185185185186
3 0.1259259259259259 0.10185185185185185 0.18981481481481483 0.2037037037037037
3 0.3175925925925926 0.11203703703703703 0.21574074074074073 0.22314814814814815
3 0.5879629629629629 0.11944444444444445 0.21296296296296297 0.21944444444444444
3 0.8444444444444444 0.1287037037037037 0.23333333333333334 0.21851851851851853
2 0.7768518518518519 0.8333333333333334 0.2064814814814815 0.20185185185185187
2 0.17314814814814813 0.7583333333333333 0.18425925925925926 0.1824074074074074
2 0.36574074074074076 0.775 0.175 0.18425925925925926
2 0.5648148148148148 0.7916666666666666 0.18981481481481483 0.18703703703703703