2 0.2537037037037037 0.5407407407407407 0.14351851851851852 0.17777777777777778
2 0.28888888888888886 0.2972222222222222 0.14351851851851852 0.17962962962962964
1 0.36944444444444446 0.6537037037037037 0.19166666666666668 0.22592592592592592
1 0.35833333333333334 0.44722222222222224 0.18425925925925926 0.2324074074074074
2 0.4361111111111111 0.8583333333333333 0.14814814814814814 0.18981481481481483
2 0.40370370370370373 0.11574074074074074 0.15833333333333333 0.19166666666666668
1 0.4398148148148148 0.29074074074074074 0.18981481481481483 0.22777777777777777
1 0.5157407407407407 0.6861111111111111 0.18981481481481483 0.23055555555555557
2 0.5555555555555556 0.9074074074074074 0.14351851851851852 0.18425925925925926
2 0.49166666666666664 0.5009259259259259 0.14351851851851852 0.18425925925925926
2 0.6416666666666667 0.7972222222222223 0.16018518518518518 0.2037037037037037
1 0.5842592592592593 0.3712962962962963 0.1962962962962963 0.24444444444444444
1 0.5537037037037037 0.15648148148148147 0.19166666666666668 0.23796296296296296
1 0.6425925925925926 0.5842592592592593 0.19166666666666668 0.2324074074074074
1 0.75 0.43425925925925923 0.20185185185185187 0.24722222222222223
2 0.7935185185185185 0.6342592592592593 0.16574074074074074 0.20185185185185187