3 0.3074074074074074 0.8074074074074075 0.18981481481481483 0.1824074074074074
3 0.30925925925925923 0.5972222222222222 0.18425925925925926 0.18425925925925926
2 0.3351851851851852 0.18425925925925926 0.1537037037037037 0.14814814814814814
2 0.3509259259259259 0.38055555555555554 0.14814814814814814 0.1537037037037037
3 0.5092592592592593 0.8009259259259259 0.18981481481481483 0.18425925925925926
3 0.5092592592592593 0.5851851851851851 0.19166666666666668 0.18981481481481483
2 0.5277777777777778 0.37222222222222223 0.1537037037037037 0.15555555555555556
2 0.5416666666666666 0.18055555555555555 0.16296296296296298 0.16296296296296298
3 0.7296296296296296 0.8055555555555556 0.19444444444444445 0.18425925925925926
3 0.7287037037037037 0.5953703703703703 0.19907407407407407 0.18425925925925926
2 0.7296296296296296 0.3861111111111111 0.1537037037037037 0.15833333333333333
2 0.737037037037037 0.17592592592592593 0.16296296296296298 0.16296296296296298
3 0.11203703703703703 0.7916666666666666 0.17777777777777778 0.17962962962962964
3 0.11574074074074074 0.6 0.18425925925925926 0.17962962962962964
2 0.14444444444444443 0.37037037037037035 0.14814814814814814 0.14814814814814814
2 0.15648148148148147 0.1962962962962963 0.14814814814814814 0.1537037037037037