3 0.2574074074074074 0.7333333333333333 0.2037037037037037 0.20833333333333334
3 0.4675925925925926 0.7018518518518518 0.2064814814814815 0.2037037037037037
2 0.8759259259259259 0.6194444444444445 0.16574074074074074 0.17037037037037037
2 0.6777777777777778 0.6296296296296297 0.17037037037037037 0.16574074074074074
3 0.2351851851851852 0.5296296296296297 0.2037037037037037 0.2111111111111111
3 0.45185185185185184 0.5 0.20833333333333334 0.21388888888888888
2 0.6620370370370371 0.45185185185185184 0.17037037037037037 0.17037037037037037
2 0.850925925925926 0.4111111111111111 0.1824074074074074 0.1824074074074074
3 0.20092592592592592 0.3101851851851852 0.20833333333333334 0.21574074074074073
3 0.4111111111111111 0.2824074074074074 0.20833333333333334 0.22037037037037038
2 0.6212962962962963 0.25092592592592594 0.175 0.17222222222222222
2 0.8296296296296296 0.21481481481481482 0.1824074074074074 0.1824074074074074
3 0.29907407407407405 0.9138888888888889 0.19907407407407407 0.17222222222222222
3 0.4925925925925926 0.8962962962962963 0.2037037037037037 0.2037037037037037
2 0.7175925925925926 0.8351851851851851 0.16296296296296298 0.16574074074074074
2 0.8916666666666667 0.799074074074074 0.17037037037037037 0.16574074074074074