2 0.7509259259259259 0.5037037037037037 0.1175925925925926 0.1537037037037037
2 0.6944444444444444 0.7287037037037037 0.12222222222222222 0.15833333333333333
1 0.6546296296296297 0.38981481481481484 0.16296296296296298 0.19907407407407407
1 0.6453703703703704 0.5796296296296296 0.1537037037037037 0.2037037037037037
2 0.6157407407407407 0.1925925925925926 0.12222222222222222 0.1675925925925926
2 0.5694444444444444 0.8861111111111111 0.13148148148148148 0.1675925925925926
1 0.5537037037037037 0.7203703703703703 0.15833333333333333 0.19907407407407407
1 0.5212962962962963 0.3435185185185185 0.15833333333333333 0.2037037037037037
2 0.5083333333333333 0.13240740740740742 0.12222222222222222 0.16296296296296298
2 0.5287037037037037 0.5157407407407407 0.12222222222222222 0.16296296296296298
2 0.4166666666666667 0.22870370370370371 0.13425925925925927 0.17962962962962964
1 0.42685185185185187 0.6277777777777778 0.16296296296296298 0.21388888888888888
1 0.43425925925925923 0.8333333333333334 0.16018518518518518 0.20833333333333334
1 0.3962962962962963 0.42592592592592593 0.16018518518518518 0.2037037037037037
1 0.2796296296296296 0.5537037037037037 0.1675925925925926 0.21388888888888888
2 0.2611111111111111 0.362962962962963 0.1388888888888889 0.175