2 0.32685185185185184 0.7592592592592593 0.11944444444444445 0.125
2 0.3425925925925926 0.5361111111111111 0.11296296296296296 0.10740740740740741
3 0.37777777777777777 0.30925925925925923 0.12962962962962962 0.12962962962962962
2 0.3962962962962963 0.6305555555555555 0.11296296296296296 0.11296296296296296
2 0.4351851851851852 0.41203703703703703 0.10740740740740741 0.10277777777777777
2 0.44074074074074077 0.7453703703703703 0.11944444444444445 0.11944444444444445
3 0.4685185185185185 0.525 0.13425925925925927 0.13425925925925927
2 0.4925925925925926 0.27037037037037037 0.10277777777777777 0.09537037037037037
3 0.5314814814814814 0.6462962962962963 0.1388888888888889 0.1388888888888889
3 0.5694444444444444 0.43425925925925923 0.13425925925925927 0.12962962962962962
3 0.600925925925926 0.3111111111111111 0.13425925925925927 0.11944444444444445
2 0.6305555555555555 0.7305555555555555 0.11944444444444445 0.11944444444444445
2 0.6398148148148148 0.5333333333333333 0.11296296296296296 0.10740740740740741
3 0.7064814814814815 0.4074074074074074 0.1388888888888889 0.12962962962962962
3 0.7444444444444445 0.6092592592592593 0.1537037037037037 0.14166666666666666
3 0.3148148148148148 0.42407407407407405 0.14351851851851852 0.125