3 0.38981481481481484 0.44074074074074077 0.21388888888888888 0.22037037037037038
3 0.3712962962962963 0.20092592592592592 0.2111111111111111 0.22037037037037038
2 0.4601851851851852 0.6527777777777778 0.1675925925925926 0.17777777777777778
2 0.48055555555555557 0.8435185185185186 0.17962962962962964 0.18703703703703703
3 0.5657407407407408 0.15833333333333333 0.2111111111111111 0.23796296296296296
3 0.5925925925925926 0.41944444444444445 0.22037037037037038 0.20833333333333334
2 0.6685185185185185 0.8333333333333334 0.18425925925925926 0.1824074074074074
2 0.6564814814814814 0.625 0.18425925925925926 0.17962962962962964
2 0.8379629629629629 0.6222222222222222 0.18425925925925926 0.17962962962962964
2 0.8629629629629629 0.8101851851851852 0.19166666666666668 0.1962962962962963
3 0.8148148148148148 0.11666666666666667 0.23055555555555557 0.2324074074074074
3 0.8518518518518519 0.4111111111111111 0.2351851851851852 0.23055555555555557
3 0.1814814814814815 0.4444444444444444 0.2037037037037037 0.2064814814814815
3 0.16574074074074074 0.225 0.20833333333333334 0.20833333333333334
2 0.2935185185185185 0.8546296296296296 0.175 0.17222222222222222
2 0.29074074074074074 0.6611111111111111 0.16018518518518518 0.175