3 0.6583333333333333 0.7861111111111111 0.19166666666666668 0.18425925925925926
3 0.6685185185185185 0.5833333333333334 0.18703703703703703 0.18703703703703703
2 0.6648148148148149 0.18425925925925926 0.15555555555555556 0.15092592592592594
2 0.6398148148148148 0.37222222222222223 0.15092592592592594 0.15555555555555556
3 0.4648148148148148 0.7666666666666667 0.19444444444444445 0.18703703703703703
3 0.475 0.562962962962963 0.19444444444444445 0.19166666666666668
2 0.4703703703703704 0.35185185185185186 0.15555555555555556 0.15833333333333333
2 0.4638888888888889 0.16666666666666666 0.16574074074074074 0.16574074074074074
3 0.25 0.7592592592592593 0.19907407407407407 0.18981481481481483
3 0.26296296296296295 0.5592592592592592 0.20185185185185187 0.18703703703703703
2 0.27314814814814814 0.3574074074074074 0.15555555555555556 0.16018518518518518
2 0.2777777777777778 0.1537037037037037 0.16574074074074074 0.16574074074074074
3 0.8472222222222222 0.7814814814814814 0.17962962962962964 0.1824074074074074
3 0.8546296296296296 0.5953703703703703 0.18703703703703703 0.18425925925925926
2 0.8388888888888889 0.3712962962962963 0.15092592592592594 0.15092592592592594
2 0.8361111111111111 0.20092592592592592 0.15092592592592594 0.15555555555555556