2 0.6611111111111111 0.44074074074074077 0.17222222222222222 0.16018518518518518
2 0.6648148148148149 0.2111111111111111 0.1675925925925926 0.1675925925925926
2 0.6546296296296297 0.6287037037037037 0.15555555555555556 0.15092592592592594
2 0.649074074074074 0.8305555555555556 0.16018518518518518 0.14814814814814814
1 0.4759259259259259 0.1925925925925926 0.17222222222222222 0.17962962962962964
1 0.45092592592592595 0.41388888888888886 0.18425925925925926 0.1675925925925926
1 0.4361111111111111 0.625 0.17962962962962964 0.1675925925925926
1 0.41574074074074074 0.8185185185185185 0.17962962962962964 0.17037037037037037
1 0.25833333333333336 0.20092592592592592 0.18425925925925926 0.18425925925925926
1 0.22870370370370371 0.6129629629629629 0.19166666666666668 0.1675925925925926
1 0.23055555555555557 0.4166666666666667 0.18981481481481483 0.1675925925925926
1 0.20277777777777778 0.8092592592592592 0.17962962962962964 0.16574074074074074
2 0.8833333333333333 0.2064814814814815 0.16574074074074074 0.16018518518518518
2 0.862037037037037 0.4361111111111111 0.1675925925925926 0.15092592592592594
2 0.8379629629629629 0.6259259259259259 0.16018518518518518 0.15092592592592594
2 0.8305555555555556 0.8398148148148148 0.16018518518518518 0.15092592592592594