2 0.7046296296296296 0.22037037037037038 0.14351851851851852 0.15092592592592594
1 0.6601851851851852 0.5361111111111111 0.1675925925925926 0.1675925925925926
2 0.6018518518518519 0.7611111111111111 0.14814814814814814 0.1537037037037037
2 0.5805555555555556 0.9 0.14351851851851852 0.15092592592592594
2 0.6222222222222222 0.32592592592592595 0.1537037037037037 0.1537037037037037
1 0.5481481481481482 0.44722222222222224 0.1675925925925926 0.1675925925925926
2 0.5685185185185185 0.18518518518518517 0.15833333333333333 0.16296296296296298
2 0.524074074074074 0.5851851851851851 0.14814814814814814 0.15833333333333333
1 0.4703703703703704 0.7185185185185186 0.1675925925925926 0.1675925925925926
1 0.44351851851851853 0.8740740740740741 0.175 0.17962962962962964
1 0.48055555555555557 0.3037037037037037 0.17037037037037037 0.17777777777777778
1 0.39537037037037037 0.48703703703703705 0.175 0.17962962962962964
2 0.3592592592592593 0.6305555555555555 0.15833333333333333 0.16296296296296298
1 0.3592592592592593 0.1962962962962963 0.17962962962962964 0.18425925925925926
2 0.33425925925925926 0.34814814814814815 0.16296296296296298 0.15833333333333333
1 0.2824074074074074 0.7814814814814814 0.18425925925925926 0.17962962962962964
1 0.21388888888888888 0.5805555555555556 0.19444444444444445 0.18425925925925926
2 0.21388888888888888 0.25925925925925924 0.17222222222222222 0.16018518518518518
1 0.18981481481481483 0.4166666666666667 0.19166666666666668 0.175
1 0.8916666666666667 0.41388888888888886 0.1537037037037037 0.15833333333333333
2 0.8268518518518518 0.6685185185185185 0.13148148148148148 0.14629629629629629
1 0.8092592592592592 0.5351851851851852 0.1537037037037037 0.16296296296296298
2 0.8157407407407408 0.29814814814814816 0.13148148148148148 0.14629629629629629
2 0.7203703703703703 0.7953703703703704 0.1388888888888889 0.14629629629629629
1 0.7324074074074074 0.4101851851851852 0.16296296296296298 0.16296296296296298
2 0.6972222222222222 0.6666666666666666 0.14351851851851852 0.14629629629629629