3 0.23703703703703705 0.6768518518518518 0.22037037037037038 0.21574074074074073
3 0.4546296296296296 0.649074074074074 0.21851851851851853 0.21574074074074073
2 0.8722222222222222 0.562962962962963 0.17777777777777778 0.1824074074074074
2 0.6722222222222223 0.5740740740740741 0.17037037037037037 0.17037037037037037
3 0.21666666666666667 0.4666666666666667 0.22592592592592592 0.22314814814814815
3 0.4425925925925926 0.4324074074074074 0.22037037037037038 0.21574074074074073
2 0.6546296296296297 0.39444444444444443 0.17777777777777778 0.17777777777777778
2 0.8481481481481481 0.3574074074074074 0.175 0.175
3 0.4027777777777778 0.21851851851851853 0.22592592592592592 0.22314814814814815
2 0.6175925925925926 0.18703703703703703 0.17777777777777778 0.17777777777777778
3 0.18055555555555555 0.23796296296296296 0.2111111111111111 0.21851851851851853
2 0.8342592592592593 0.15 0.1824074074074074 0.17777777777777778
3 0.2833333333333333 0.8712962962962963 0.2111111111111111 0.2037037037037037
3 0.4824074074074074 0.8416666666666667 0.21388888888888888 0.21388888888888888
2 0.7111111111111111 0.7851851851851852 0.1675925925925926 0.16296296296296298
2 0.8916666666666667 0.7509259259259259 0.17962962962962964 0.175