3 0.35185185185185186 0.6055555555555555 0.17962962962962964 0.1962962962962963
3 0.16018518518518518 0.6101851851851852 0.18703703703703703 0.19444444444444445
3 0.75 0.5675925925925925 0.20185185185185187 0.19907407407407407
3 0.5351851851851852 0.5722222222222222 0.18703703703703703 0.18703703703703703
2 0.7777777777777778 0.32592592592592595 0.16296296296296298 0.16296296296296298
2 0.5453703703703704 0.32314814814814813 0.15833333333333333 0.15833333333333333
2 0.1824074074074074 0.33796296296296297 0.14814814814814814 0.15833333333333333
2 0.35462962962962963 0.3175925925925926 0.1537037037037037 0.15833333333333333
2 0.7657407407407407 0.11574074074074074 0.16296296296296298 0.16296296296296298
2 0.5527777777777778 0.12777777777777777 0.15833333333333333 0.15833333333333333
2 0.35462962962962963 0.13703703703703704 0.1537037037037037 0.15833333333333333
2 0.1574074074074074 0.13425925925925927 0.1675925925925926 0.15833333333333333
3 0.549074074074074 0.8027777777777778 0.19166666666666668 0.2064814814814815
3 0.7675925925925926 0.7851851851851852 0.2064814814814815 0.20185185185185187
3 0.17592592592592593 0.8222222222222222 0.18425925925925926 0.18981481481481483
3 0.3509259259259259 0.7944444444444444 0.18703703703703703 0.19907407407407407