3 0.6129629629629629 0.812962962962963 0.20833333333333334 0.20833333333333334
3 0.625 0.6138888888888889 0.20833333333333334 0.20833333333333334
2 0.6462962962962963 0.3212962962962963 0.17222222222222222 0.17222222222222222
2 0.6657407407407407 0.1259259259259259 0.175 0.17962962962962964
3 0.4083333333333333 0.8055555555555556 0.2064814814814815 0.21851851851851853
3 0.4388888888888889 0.5675925925925925 0.22037037037037038 0.22037037037037038
2 0.44722222222222224 0.30648148148148147 0.1675925925925926 0.175
2 0.44722222222222224 0.10185185185185185 0.17962962962962964 0.18425925925925926
3 0.21388888888888888 0.5518518518518518 0.2324074074074074 0.23055555555555557
3 0.18055555555555555 0.775 0.23055555555555557 0.22314814814814815
2 0.20092592592592592 0.2953703703703704 0.18981481481481483 0.1824074074074074
2 0.22314814814814815 0.08425925925925926 0.1962962962962963 0.1675925925925926
3 0.7888888888888889 0.8472222222222222 0.19907407407407407 0.20185185185185187
3 0.8222222222222222 0.6324074074074074 0.2037037037037037 0.2037037037037037
2 0.8638888888888889 0.1425925925925926 0.17037037037037037 0.17037037037037037
2 0.8194444444444444 0.34814814814814815 0.16574074074074074 0.17222222222222222