2 0.45185185185185184 0.5435185185185185 0.1537037037037037 0.14814814814814814
2 0.4324074074074074 0.7222222222222222 0.15092592592592594 0.14814814814814814
2 0.4824074074074074 0.3638888888888889 0.16296296296296298 0.1537037037037037
2 0.512962962962963 0.16111111111111112 0.15555555555555556 0.1537037037037037
1 0.6407407407407407 0.7444444444444445 0.16574074074074074 0.16296296296296298
1 0.6620370370370371 0.5638888888888889 0.16296296296296298 0.1675925925925926
1 0.6851851851851852 0.3712962962962963 0.16296296296296298 0.17037037037037037
1 0.7129629629629629 0.15648148148148147 0.17037037037037037 0.17037037037037037
1 0.8296296296296296 0.7574074074074074 0.15833333333333333 0.1537037037037037
1 0.9083333333333333 0.16111111111111112 0.175 0.17222222222222222
1 0.8925925925925926 0.39537037037037037 0.17222222222222222 0.17962962962962964
1 0.8759259259259259 0.6046296296296296 0.17037037037037037 0.17037037037037037
2 0.27314814814814814 0.31851851851851853 0.15833333333333333 0.15555555555555556
2 0.23333333333333334 0.7064814814814815 0.15833333333333333 0.15092592592592594
2 0.3055555555555556 0.10833333333333334 0.16296296296296298 0.1537037037037037
2 0.27685185185185185 0.5027777777777778 0.16296296296296298 0.15092592592592594