2 0.2388888888888889 0.5111111111111111 0.12222222222222222 0.15555555555555556
2 0.28703703703703703 0.2898148148148148 0.125 0.16018518518518518
1 0.33796296296296297 0.6240740740740741 0.1675925925925926 0.19907407407407407
1 0.3425925925925926 0.4324074074074074 0.15833333333333333 0.20833333333333334
2 0.38796296296296295 0.8175925925925925 0.12685185185185185 0.17222222222222222
2 0.4064814814814815 0.1287037037037037 0.1361111111111111 0.1675925925925926
1 0.42777777777777776 0.2935185185185185 0.16296296296296298 0.2037037037037037
1 0.4722222222222222 0.6648148148148149 0.16296296296296298 0.2037037037037037
2 0.4925925925925926 0.8722222222222222 0.12685185185185185 0.1675925925925926
2 0.46111111111111114 0.49166666666666664 0.12685185185185185 0.1675925925925926
2 0.5814814814814815 0.7731481481481481 0.1388888888888889 0.1824074074074074
1 0.5555555555555556 0.37777777777777777 0.1675925925925926 0.21851851851851853
1 0.5416666666666666 0.17685185185185184 0.16574074074074074 0.21388888888888888
1 0.5962962962962963 0.5768518518518518 0.16574074074074074 0.20833333333333334
1 0.7046296296296296 0.4444444444444444 0.175 0.21851851851851853
2 0.7324074074074074 0.6324074074074074 0.14351851851851852 0.17777777777777778