2 0.6092592592592593 0.3574074074074074 0.06944444444444445 0.0712962962962963
2 0.562962962962963 0.4740740740740741 0.06851851851851852 0.06944444444444445
2 0.5018518518518519 0.5574074074074075 0.06574074074074074 0.06574074074074074
2 0.5138888888888888 0.2537037037037037 0.06851851851851852 0.0712962962962963
2 0.4083333333333333 0.44907407407407407 0.06759259259259259 0.0712962962962963
2 0.3453703703703704 0.4064814814814815 0.06574074074074074 0.06388888888888888
2 0.30648148148148147 0.32037037037037036 0.05925925925925926 0.05925925925925926
2 0.23425925925925925 0.5796296296296296 0.05925925925925926 0.06481481481481481
2 0.16574074074074074 0.5925925925925926 0.06111111111111111 0.06388888888888888
2 0.16574074074074074 0.5203703703703704 0.06018518518518518 0.06018518518518518
2 0.16203703703703703 0.4287037037037037 0.06018518518518518 0.06759259259259259
2 0.25 0.4064814814814815 0.06018518518518518 0.06388888888888888
2 0.2851851851851852 0.4648148148148148 0.062037037037037036 0.06481481481481481
2 0.30092592592592593 0.5722222222222222 0.062037037037037036 0.06574074074074074
2 0.2490740740740741 0.7185185185185186 0.062037037037037036 0.06944444444444445
1 0.17407407407407408 0.6925925925925925 0.062037037037037036 0.07314814814814814
1 0.38981481481481484 0.6824074074074075 0.075 0.07777777777777778
1 0.35648148148148145 0.27037037037037037 0.06851851851851852 0.0712962962962963
3 0.47129629629629627 0.34629629629629627 0.08333333333333333 0.08703703703703704
3 0.39537037037037037 0.5296296296296297 0.07962962962962963 0.08981481481481482
3 0.17314814814814813 0.32407407407407407 0.075 0.08148148148148149
0 0.3212962962962963 0.6453703703703704 0.058333333333333334 0.05925925925925926
0 0.017592592592592594 0.774074074074074 0.03518518518518519 0.062037037037037036