2 0.38055555555555554 0.22962962962962963 0.14166666666666666 0.14166666666666666
2 0.38055555555555554 0.6018518518518519 0.14166666666666666 0.13148148148148148
2 0.387037037037037 0.43148148148148147 0.13148148148148148 0.13148148148148148
2 0.39166666666666666 0.7814814814814814 0.1361111111111111 0.12685185185185185
1 0.5935185185185186 0.2064814814814815 0.14629629629629629 0.15555555555555556
1 0.6037037037037037 0.7981481481481482 0.15092592592592594 0.15092592592592594
1 0.6157407407407407 0.40185185185185185 0.15555555555555556 0.14629629629629629
1 0.6324074074074074 0.5898148148148148 0.14629629629629629 0.14166666666666666
1 0.7907407407407407 0.1935185185185185 0.16296296296296298 0.14629629629629629
1 0.7935185185185185 0.7953703703703704 0.15833333333333333 0.14629629629629629
1 0.8074074074074075 0.39444444444444443 0.14629629629629629 0.15092592592592594
1 0.8064814814814815 0.5925925925925926 0.14629629629629629 0.14351851851851852
2 0.21296296296296297 0.22685185185185186 0.1361111111111111 0.13148148148148148
2 0.23425925925925925 0.42685185185185187 0.14166666666666666 0.13425925925925927
2 0.23333333333333334 0.774074074074074 0.14166666666666666 0.12685185185185185
2 0.24166666666666667 0.5925925925925926 0.1361111111111111 0.1361111111111111