2 0.7675925925925926 0.6259259259259259 0.11666666666666667 0.11388888888888889
2 0.5472222222222223 0.6361111111111111 0.1175925925925926 0.11944444444444445
3 0.33055555555555555 0.6203703703703703 0.125 0.12962962962962962
2 0.6333333333333333 0.5740740740740741 0.12222222222222222 0.12222222222222222
2 0.42314814814814816 0.5601851851851852 0.10092592592592593 0.1037037037037037
2 0.7407407407407407 0.5185185185185185 0.1111111111111111 0.11574074074074074
3 0.524074074074074 0.5157407407407407 0.14166666666666666 0.14166666666666666
2 0.27685185185185185 0.5194444444444445 0.10555555555555556 0.11018518518518519
3 0.6388888888888888 0.44166666666666665 0.13518518518518519 0.13518518518518519
3 0.42777777777777776 0.42592592592592593 0.12962962962962962 0.1388888888888889
3 0.3037037037037037 0.4101851851851852 0.12685185185185185 0.14166666666666666
2 0.7111111111111111 0.33425925925925926 0.11388888888888889 0.12037037037037036
2 0.5148148148148148 0.35 0.1175925925925926 0.11944444444444445
3 0.3888888888888889 0.29814814814814816 0.13240740740740742 0.14629629629629629
3 0.5787037037037037 0.24074074074074073 0.13333333333333333 0.15185185185185185
3 0.44537037037037036 0.675 0.12962962962962962 0.13055555555555556