2 0.725925925925926 0.46111111111111114 0.1388888888888889 0.175
2 0.6703703703703704 0.7111111111111111 0.14166666666666666 0.17962962962962964
1 0.6129629629629629 0.3351851851851852 0.18703703703703703 0.22592592592592592
1 0.6092592592592593 0.5481481481481482 0.17777777777777778 0.2324074074074074
2 0.5601851851851852 0.11666666666666667 0.14166666666666666 0.19166666666666668
2 0.5370370370370371 0.8953703703703704 0.1537037037037037 0.18981481481481483
1 0.5120370370370371 0.7101851851851851 0.18425925925925926 0.23055555555555557
1 0.46296296296296297 0.29074074074074074 0.18425925925925926 0.2324074074074074
2 0.44074074074074077 0.07407407407407407 0.1388888888888889 0.14814814814814814
2 0.47685185185185186 0.48333333333333334 0.14166666666666666 0.18703703703703703
2 0.3416666666666667 0.16666666666666666 0.15833333333333333 0.2037037037037037
1 0.36944444444444446 0.612037037037037 0.18981481481481483 0.24722222222222223
1 0.38333333333333336 0.8416666666666667 0.18703703703703703 0.23981481481481481
1 0.32407407407407407 0.387037037037037 0.18703703703703703 0.2351851851851852
1 0.20092592592592592 0.5351851851851852 0.1962962962962963 0.24722222222222223
2 0.17222222222222222 0.32314814814814813 0.16296296296296298 0.19907407407407407