3 0.2796296296296296 0.47314814814814815 0.20833333333333334 0.2111111111111111
2 0.2796296296296296 0.13333333333333333 0.16018518518518518 0.16296296296296298
2 0.31296296296296294 0.29907407407407405 0.1675925925925926 0.16018518518518518
2 0.3388888888888889 0.8055555555555556 0.16296296296296298 0.17222222222222222
2 0.3416666666666667 0.6296296296296297 0.15833333333333333 0.16018518518518518
3 0.4462962962962963 0.18425925925925926 0.20833333333333334 0.21388888888888888
3 0.45555555555555555 0.39166666666666666 0.20833333333333334 0.21388888888888888
3 0.49907407407407406 0.7527777777777778 0.2064814814814815 0.21851851851851853
2 0.49444444444444446 0.5712962962962963 0.175 0.18425925925925926
2 0.6138888888888889 0.26666666666666666 0.17777777777777778 0.1675925925925926
3 0.6425925925925926 0.45925925925925926 0.20833333333333334 0.21388888888888888
3 0.6888888888888889 0.6657407407407407 0.21851851851851853 0.20833333333333334
2 0.11296296296296296 0.4101851851851852 0.16018518518518518 0.15833333333333333
2 0.125 0.562962962962963 0.15833333333333333 0.16296296296296298
3 0.15185185185185185 0.24166666666666667 0.19444444444444445 0.20833333333333334
3 0.17592592592592593 0.7324074074074074 0.20833333333333334 0.2064814814814815