3 0.6666666666666666 0.4111111111111111 0.19166666666666668 0.19444444444444445
2 0.6370370370370371 0.7138888888888889 0.15833333333333333 0.15833333333333333
2 0.6175925925925926 0.9111111111111111 0.16296296296296298 0.17037037037037037
3 0.47962962962962963 0.18518518518518517 0.19444444444444445 0.19444444444444445
3 0.47129629629629627 0.42685185185185187 0.1962962962962963 0.19444444444444445
2 0.4361111111111111 0.6925925925925925 0.16296296296296298 0.17037037037037037
2 0.3962962962962963 0.9027777777777778 0.16296296296296298 0.17962962962962964
3 0.2490740740740741 0.16666666666666666 0.19907407407407407 0.19907407407407407
3 0.24444444444444444 0.40370370370370373 0.21574074074074073 0.20833333333333334
2 0.18703703703703703 0.6611111111111111 0.175 0.16296296296296298
2 0.16666666666666666 0.8870370370370371 0.17962962962962964 0.175
3 0.875 0.2111111111111111 0.17962962962962964 0.18981481481481483
3 0.8666666666666667 0.4305555555555556 0.1824074074074074 0.18425925925925926
2 0.8222222222222222 0.924074074074074 0.15833333333333333 0.15092592592592594
2 0.8157407407407408 0.7111111111111111 0.1537037037037037 0.1537037037037037
3 0.6888888888888889 0.20925925925925926 0.18703703703703703 0.19444444444444445