1 0.2851851851851852 0.6361111111111111 0.18981481481481483 0.18425925925925926
2 0.2916666666666667 0.20462962962962963 0.16574074074074074 0.18425925925925926
2 0.3824074074074074 0.5111111111111111 0.15555555555555556 0.16018518518518518
2 0.4027777777777778 0.7592592592592593 0.15555555555555556 0.15555555555555556
1 0.44074074074074077 0.2898148148148148 0.18981481481481483 0.19444444444444445
1 0.5157407407407407 0.6092592592592593 0.19444444444444445 0.18425925925925926
1 0.5268518518518519 0.12777777777777777 0.18981481481481483 0.19166666666666668
1 0.5333333333333333 0.4398148148148148 0.1962962962962963 0.18981481481481483
2 0.5648148148148148 0.7675925925925926 0.16574074074074074 0.15555555555555556
2 0.6129629629629629 0.2861111111111111 0.17037037037037037 0.16574074074074074
1 0.6935185185185185 0.5805555555555556 0.17777777777777778 0.17962962962962964
1 0.7212962962962963 0.4074074074074074 0.18425925925925926 0.17962962962962964
2 0.8638888888888889 0.4925925925925926 0.17037037037037037 0.16574074074074074
1 0.14074074074074075 0.2814814814814815 0.19166666666666668 0.19444444444444445
2 0.16018518518518518 0.5277777777777778 0.16574074074074074 0.16574074074074074
2 0.26481481481481484 0.4101851851851852 0.17037037037037037 0.16574074074074074