3 0.8231481481481482 0.33611111111111114 0.19166666666666668 0.1962962962962963
3 0.6212962962962963 0.34629629629629627 0.19166666666666668 0.19166666666666668
2 0.32407407407407407 0.36574074074074076 0.16018518518518518 0.15833333333333333
2 0.125 0.36574074074074076 0.1675925925925926 0.15833333333333333
3 0.8416666666666667 0.5416666666666666 0.2037037037037037 0.18981481481481483
3 0.6 0.5444444444444444 0.2037037037037037 0.2037037037037037
2 0.33425925925925926 0.5657407407407408 0.16296296296296298 0.1537037037037037
2 0.1259259259259259 0.5898148148148148 0.17222222222222222 0.16296296296296298
3 0.612037037037037 0.7703703703703704 0.21388888888888888 0.21574074074074073
3 0.8398148148148148 0.7796296296296297 0.2037037037037037 0.21388888888888888
2 0.3537037037037037 0.8175925925925925 0.1675925925925926 0.175
2 0.12777777777777777 0.8222222222222222 0.17222222222222222 0.17962962962962964
3 0.8388888888888889 0.1537037037037037 0.18703703703703703 0.1824074074074074
3 0.6157407407407407 0.14814814814814814 0.18703703703703703 0.18703703703703703
2 0.11666666666666667 0.16574074074074074 0.15833333333333333 0.15833333333333333
2 0.33055555555555555 0.18425925925925926 0.16018518518518518 0.15092592592592594