3 0.6620370370370371 0.5194444444444445 0.17685185185185184 0.18518518518518517
3 0.6333333333333333 0.7342592592592593 0.17592592592592593 0.1925925925925926
2 0.6407407407407407 0.3074074074074074 0.14537037037037037 0.14722222222222223
2 0.6564814814814814 0.1388888888888889 0.1425925925925926 0.14722222222222223
3 0.45555555555555555 0.7333333333333333 0.18981481481481483 0.2
3 0.47685185185185186 0.49444444444444446 0.18611111111111112 0.18796296296296297
2 0.49074074074074076 0.10092592592592593 0.15185185185185185 0.1537037037037037
2 0.4583333333333333 0.28425925925925927 0.15185185185185185 0.15462962962962962
2 0.29074074074074074 0.25 0.1685185185185185 0.16666666666666666
2 0.30648148148148147 0.07777777777777778 0.16111111111111112 0.15555555555555556
3 0.20833333333333334 0.7388888888888889 0.22777777777777777 0.22314814814814815
3 0.2351851851851852 0.4444444444444444 0.21203703703703702 0.2
3 0.8175925925925925 0.7546296296296297 0.1712962962962963 0.18333333333333332
3 0.8351851851851851 0.5509259259259259 0.16666666666666666 0.18333333333333332
2 0.812962962962963 0.1712962962962963 0.1398148148148148 0.14722222222222223
2 0.7861111111111111 0.3351851851851852 0.13796296296296295 0.14722222222222223