3 0.26481481481481484 0.6287037037037037 0.19907407407407407 0.1962962962962963
2 0.8472222222222222 0.5518518518518518 0.1675925925925926 0.175
3 0.487962962962963 0.575925925925926 0.19166666666666668 0.19907407407407407
2 0.6611111111111111 0.5601851851851852 0.1675925925925926 0.15092592592592594
3 0.23333333333333334 0.45092592592592595 0.19907407407407407 0.19166666666666668
2 0.8296296296296296 0.35833333333333334 0.1675925925925926 0.16018518518518518
3 0.4361111111111111 0.3907407407407407 0.19166666666666668 0.1962962962962963
2 0.6564814814814814 0.35555555555555557 0.16296296296296298 0.15833333333333333
3 0.20833333333333334 0.20185185185185187 0.18981481481481483 0.2064814814814815
3 0.4083333333333333 0.17685185185185184 0.19444444444444445 0.2037037037037037
2 0.6324074074074074 0.1527777777777778 0.1537037037037037 0.16296296296296298
2 0.8092592592592592 0.13703703703703704 0.15092592592592594 0.16296296296296298
3 0.49537037037037035 0.8074074074074075 0.20185185185185187 0.2064814814814815
3 0.2777777777777778 0.8175925925925925 0.19907407407407407 0.19907407407407407
2 0.6842592592592592 0.7407407407407407 0.1675925925925926 0.16574074074074074
2 0.8601851851851852 0.7166666666666667 0.16296296296296298 0.16574074074074074