2 0.47314814814814815 0.34814814814814815 0.14351851851851852 0.14814814814814814
1 0.6166666666666667 0.3638888888888889 0.17037037037037037 0.17037037037037037
2 0.3574074074074074 0.41574074074074074 0.14814814814814814 0.14814814814814814
1 0.7472222222222222 0.4351851851851852 0.17777777777777778 0.17222222222222222
1 0.5212962962962963 0.48055555555555557 0.16018518518518518 0.17037037037037037
2 0.39537037037037037 0.5407407407407407 0.15092592592592594 0.15092592592592594
1 0.6453703703703704 0.562962962962963 0.17037037037037037 0.17037037037037037
2 0.7888888888888889 0.5768518518518518 0.15092592592592594 0.15092592592592594
2 0.31296296296296294 0.6416666666666667 0.14629629629629629 0.14351851851851852
1 0.5157407407407407 0.6287037037037037 0.16574074074074074 0.16574074074074074
2 0.6361111111111111 0.700925925925926 0.14351851851851852 0.14351851851851852
1 0.41388888888888886 0.7351851851851852 0.1675925925925926 0.16574074074074074
2 0.7712962962962963 0.7175925925925926 0.15092592592592594 0.15092592592592594
1 0.5444444444444444 0.8037037037037037 0.16574074074074074 0.17037037037037037
2 0.5472222222222223 0.23425925925925925 0.14814814814814814 0.14629629629629629
1 0.35462962962962963 0.27314814814814814 0.16296296296296298 0.17037037037037037