3 0.44722222222222224 0.3425925925925926 0.23055555555555557 0.22777777777777777
2 0.7583333333333333 0.41944444444444445 0.18703703703703703 0.18703703703703703
2 0.9305555555555556 0.4638888888888889 0.1388888888888889 0.18703703703703703
3 0.18425925925925926 0.5046296296296297 0.23055555555555557 0.23055555555555557
3 0.43703703703703706 0.549074074074074 0.23055555555555557 0.2324074074074074
2 0.7092592592592593 0.6240740740740741 0.20185185185185187 0.19444444444444445
2 0.899074074074074 0.6935185185185185 0.17222222222222222 0.18981481481481483
3 0.1361111111111111 0.7444444444444445 0.23796296296296296 0.23796296296296296
3 0.37777777777777777 0.7824074074074074 0.24259259259259258 0.25462962962962965
2 0.637962962962963 0.8787037037037037 0.19907407407407407 0.2037037037037037
2 0.8574074074074074 0.9120370370370371 0.18425925925925926 0.175
3 0.27037037037037037 0.1037037037037037 0.22314814814814815 0.2064814814814815
3 0.4962962962962963 0.13796296296296295 0.21851851851851853 0.21574074074074073
2 0.9555555555555556 0.25555555555555554 0.08888888888888889 0.17962962962962964
2 0.7833333333333333 0.2324074074074074 0.1824074074074074 0.1824074074074074
3 0.24074074074074073 0.29074074074074074 0.22777777777777777 0.22037037037037038