2 0.7462962962962963 0.45925925925925926 0.14351851851851852 0.17777777777777778
2 0.7111111111111111 0.7027777777777777 0.14351851851851852 0.17962962962962964
1 0.6305555555555555 0.34629629629629627 0.19166666666666668 0.22592592592592592
1 0.6416666666666667 0.5527777777777778 0.18425925925925926 0.2324074074074074
2 0.5638888888888889 0.14166666666666666 0.14814814814814814 0.18981481481481483
2 0.5962962962962963 0.8842592592592593 0.15833333333333333 0.19166666666666668
1 0.5601851851851852 0.7092592592592593 0.18981481481481483 0.22777777777777777
1 0.4842592592592593 0.3138888888888889 0.18981481481481483 0.23055555555555557
2 0.4444444444444444 0.09259259259259259 0.14351851851851852 0.18425925925925926
2 0.5083333333333333 0.49907407407407406 0.14351851851851852 0.18425925925925926
2 0.35833333333333334 0.20277777777777778 0.16018518518518518 0.2037037037037037
1 0.41574074074074074 0.6287037037037037 0.1962962962962963 0.24444444444444444
1 0.4462962962962963 0.8435185185185186 0.19166666666666668 0.23796296296296296
1 0.3574074074074074 0.41574074074074074 0.19166666666666668 0.2324074074074074
1 0.25 0.5657407407407408 0.20185185185185187 0.24722222222222223
2 0.2064814814814815 0.36574074074074076 0.16574074074074074 0.20185185185185187