2 0.5805555555555556 0.7907407407407407 0.16018518518518518 0.16018518518518518
2 0.6074074074074074 0.46296296296296297 0.15555555555555556 0.16018518518518518
2 0.6370370370370371 0.14537037037037037 0.15555555555555556 0.16574074074074074
1 0.5694444444444444 0.6296296296296297 0.16574074074074074 0.17222222222222222
2 0.5657407407407408 0.26666666666666666 0.15092592592592594 0.15833333333333333
1 0.4462962962962963 0.8833333333333333 0.18425925925925926 0.17962962962962964
2 0.45555555555555555 0.7268518518518519 0.16018518518518518 0.15555555555555556
1 0.48055555555555557 0.3907407407407407 0.17962962962962964 0.17962962962962964
1 0.5009259259259259 0.08148148148148149 0.18425925925925926 0.16296296296296298
1 0.43703703703703706 0.5537037037037037 0.18425925925925926 0.1824074074074074
2 0.4287037037037037 0.21296296296296297 0.16574074074074074 0.17222222222222222
1 0.3148148148148148 0.6666666666666666 0.19444444444444445 0.17962962962962964
2 0.33055555555555555 0.4527777777777778 0.16574074074074074 0.16574074074074074
1 0.23425925925925925 0.8342592592592593 0.19166666666666668 0.18981481481481483
1 0.2972222222222222 0.2851851851851852 0.2111111111111111 0.19166666666666668
2 0.30925925925925923 0.09537037037037037 0.17222222222222222 0.17037037037037037
1 0.1787037037037037 0.562962962962963 0.20185185185185187 0.19166666666666668
2 0.1814814814814815 0.39537037037037037 0.17777777777777778 0.16296296296296298
2 0.11944444444444445 0.7138888888888889 0.18425925925925926 0.17962962962962964
1 0.8425925925925926 0.5814814814814815 0.15555555555555556 0.17222222222222222
2 0.8629629629629629 0.3425925925925926 0.14629629629629629 0.1537037037037037
1 0.7712962962962963 0.44907407407407407 0.16018518518518518 0.17222222222222222
1 0.774074074074074 0.1824074074074074 0.16296296296296298 0.175
2 0.6962962962962963 0.7212962962962963 0.15092592592592594 0.15833333333333333
2 0.700925925925926 0.5814814814814815 0.15092592592592594 0.1537037037037037
1 0.6944444444444444 0.3175925925925926 0.1675925925925926 0.17777777777777778