2 0.6990740740740741 0.0787037037037037 0.06018518518518518 0.06111111111111111
2 0.4638888888888889 0.10833333333333334 0.06481481481481481 0.06666666666666667
2 0.40925925925925927 0.1648148148148148 0.06481481481481481 0.06944444444444445
2 0.5685185185185185 0.16203703703703703 0.06481481481481481 0.06481481481481481
2 0.7148148148148148 0.2777777777777778 0.06388888888888888 0.06851851851851852
2 0.7962962962962963 0.36944444444444446 0.06666666666666667 0.06851851851851852
2 0.6287037037037037 0.33425925925925926 0.06666666666666667 0.06759259259259259
2 0.5287037037037037 0.35185185185185186 0.06296296296296296 0.06666666666666667
2 0.48055555555555557 0.4305555555555556 0.06018518518518518 0.06574074074074074
3 0.49722222222222223 0.26944444444444443 0.075 0.08148148148148149
3 0.3111111111111111 0.25462962962962965 0.07777777777777778 0.07777777777777778
3 0.7074074074074074 0.44074074074074077 0.0787037037037037 0.07777777777777778
3 0.4962962962962963 0.5916666666666667 0.07592592592592592 0.07777777777777778
1 0.20185185185185187 0.1537037037037037 0.07777777777777778 0.07685185185185185
1 0.7907407407407407 0.2064814814814815 0.06944444444444445 0.06944444444444445
1 0.5768518518518518 0.4388888888888889 0.06759259259259259 0.06574074074074074
1 0.637962962962963 0.4777777777777778 0.05925925925925926 0.06666666666666667
0 0.3972222222222222 0.3314814814814815 0.05648148148148148 0.06111111111111111
0 0.29074074074074074 0.387037037037037 0.06018518518518518 0.06296296296296296
0 0.3416666666666667 0.4564814814814815 0.05462962962962963 0.06111111111111111
0 0.4148148148148148 0.5027777777777778 0.058333333333333334 0.06111111111111111
0 0.6675925925925926 0.6046296296296296 0.058333333333333334 0.05925925925925926
1 0.5925925925925926 0.24351851851851852 0.06759259259259259 0.06944444444444445
0 0.6481481481481481 0.14166666666666666 0.05462962962962963 0.058333333333333334