3 0.7212962962962963 0.35462962962962963 0.22037037037037038 0.21851851851851853
3 0.6962962962962963 0.11018518518518519 0.22314814814814815 0.22037037037037038
2 0.725 0.6074074074074074 0.18425925925925926 0.17777777777777778
2 0.7333333333333333 0.7861111111111111 0.18425925925925926 0.18425925925925926
3 0.5120370370370371 0.35185185185185186 0.22777777777777777 0.22314814814814815
3 0.4666666666666667 0.11666666666666667 0.22777777777777777 0.22777777777777777
2 0.5046296296296297 0.6037037037037037 0.18981481481481483 0.18425925925925926
2 0.4962962962962963 0.7935185185185185 0.18981481481481483 0.18981481481481483
3 0.2212962962962963 0.10462962962962963 0.2351851851851852 0.1824074074074074
3 0.24166666666666667 0.35833333333333334 0.24444444444444444 0.2351851851851852
2 0.23425925925925925 0.6157407407407407 0.19444444444444445 0.18703703703703703
2 0.2222222222222222 0.8231481481481482 0.20185185185185187 0.19166666666666668
3 0.9083333333333333 0.32222222222222224 0.17037037037037037 0.21574074074074073
3 0.887962962962963 0.11388888888888889 0.175 0.20833333333333334
2 0.9268518518518518 0.612037037037037 0.14629629629629629 0.17037037037037037
2 0.9259259259259259 0.7833333333333333 0.14814814814814814 0.17222222222222222