3 0.6296296296296297 0.5268518518518519 0.2111111111111111 0.2111111111111111
3 0.5935185185185186 0.7537037037037037 0.20185185185185187 0.21574074074074073
2 0.6055555555555555 0.30277777777777776 0.17222222222222222 0.17222222222222222
2 0.625 0.12222222222222222 0.17222222222222222 0.17777777777777778
3 0.4074074074074074 0.7462962962962963 0.21388888888888888 0.22037037037037038
3 0.4361111111111111 0.49722222222222223 0.21574074074074073 0.21574074074074073
2 0.4564814814814815 0.08148148148148149 0.17222222222222222 0.16296296296296298
2 0.4166666666666667 0.275 0.17962962962962964 0.18425925925925926
2 0.24166666666666667 0.2351851851851852 0.19166666666666668 0.18703703703703703
2 0.2657407407407407 0.0712962962962963 0.18425925925925926 0.14166666666666666
3 0.1398148148148148 0.75 0.24444444444444444 0.23981481481481481
3 0.1824074074074074 0.43703703703703706 0.24259259259259258 0.23055555555555557
3 0.7935185185185185 0.7777777777777778 0.18981481481481483 0.21388888888888888
3 0.8111111111111111 0.5638888888888889 0.19444444444444445 0.2037037037037037
2 0.7935185185185185 0.1574074074074074 0.16296296296296298 0.17037037037037037
2 0.7657407407407407 0.3314814814814815 0.15833333333333333 0.1675925925925926