2 0.6259259259259259 0.8194444444444444 0.14629629629629629 0.16296296296296298
3 0.6342592592592593 0.4601851851851852 0.1962962962962963 0.1962962962962963
3 0.5814814814814815 0.6398148148148148 0.1962962962962963 0.18981481481481483
2 0.549074074074074 0.30185185185185187 0.15092592592592594 0.16296296296296298
2 0.4925925925925926 0.8481481481481481 0.14629629629629629 0.15092592592592594
2 0.47685185185185186 0.43425925925925923 0.15833333333333333 0.15833333333333333
3 0.41388888888888886 0.7138888888888889 0.20185185185185187 0.19166666666666668
2 0.37407407407407406 0.31851851851851853 0.18981481481481483 0.16018518518518518
3 0.3435185185185185 0.5435185185185185 0.2064814814814815 0.19166666666666668
2 0.24074074074074073 0.7212962962962963 0.175 0.16018518518518518
2 0.2611111111111111 0.20555555555555555 0.17962962962962964 0.17037037037037037
3 0.21851851851851853 0.39814814814814814 0.21574074074074073 0.2037037037037037
3 0.13055555555555556 0.5898148148148148 0.21574074074074073 0.20185185185185187
2 0.7768518518518519 0.5351851851851852 0.14629629629629629 0.15092592592592594
3 0.7537037037037037 0.6935185185185185 0.1824074074074074 0.19166666666666668
3 0.7166666666666667 0.2898148148148148 0.19166666666666668 0.20185185185185187