2 0.4064814814814815 0.7712962962962963 0.17777777777777778 0.17037037037037037
2 0.41574074074074074 0.5611111111111111 0.175 0.175
2 0.4185185185185185 0.37962962962962965 0.18425925925925926 0.18425925925925926
2 0.42685185185185187 0.18055555555555555 0.18703703703703703 0.18703703703703703
3 0.65 0.8537037037037037 0.2111111111111111 0.21388888888888888
3 0.6546296296296297 0.6407407407407407 0.23055555555555557 0.21574074074074073
3 0.6527777777777778 0.3712962962962963 0.22592592592592592 0.23055555555555557
3 0.6537037037037037 0.14907407407407408 0.23796296296296296 0.23981481481481481
3 0.8898148148148148 0.8638888888888889 0.2111111111111111 0.2064814814814815
3 0.8777777777777778 0.6638888888888889 0.21574074074074073 0.20833333333333334
3 0.8759259259259259 0.39537037037037037 0.21203703703703702 0.21666666666666667
3 0.8740740740740741 0.13333333333333333 0.21574074074074073 0.23796296296296296
2 0.17685185185185184 0.1814814814814815 0.19166666666666668 0.19907407407407407
2 0.22962962962962963 0.7833333333333333 0.175 0.17962962962962964
2 0.22037037037037038 0.5916666666666667 0.17777777777777778 0.17037037037037037
2 0.20925925925925926 0.39444444444444443 0.1824074074074074 0.18425925925925926