3 0.41203703703703703 0.25277777777777777 0.2037037037037037 0.2064814814814815
2 0.37407407407407406 0.8462962962962963 0.1824074074074074 0.17222222222222222
3 0.4203703703703704 0.4842592592592593 0.2064814814814815 0.20185185185185187
2 0.40370370370370373 0.6611111111111111 0.16018518518518518 0.17222222222222222
3 0.5935185185185186 0.25555555555555554 0.20185185185185187 0.2064814814814815
2 0.5712962962962963 0.8666666666666667 0.16574074074074074 0.17037037037037037
3 0.6138888888888889 0.4703703703703704 0.2037037037037037 0.20185185185185187
2 0.6074074074074074 0.6944444444444444 0.16296296296296298 0.16574074074074074
3 0.8453703703703703 0.2777777777777778 0.20833333333333334 0.1962962962962963
3 0.8342592592592593 0.48333333333333334 0.20833333333333334 0.1962962962962963
2 0.8138888888888889 0.7092592592592593 0.1675925925925926 0.15833333333333333
2 0.7953703703703704 0.8870370370370371 0.1675925925925926 0.1537037037037037
3 0.18703703703703703 0.44907407407407407 0.21388888888888888 0.2064814814814815
3 0.22037037037037038 0.22592592592592592 0.2064814814814815 0.2064814814814815
2 0.2175925925925926 0.6462962962962963 0.17222222222222222 0.17222222222222222
2 0.20925925925925926 0.8296296296296296 0.17037037037037037 0.1675925925925926