3 0.7111111111111111 0.6694444444444444 0.19907407407407407 0.19907407407407407
2 0.1685185185185185 0.5509259259259259 0.1675925925925926 0.175
3 0.5037037037037037 0.6018518518518519 0.19444444444444445 0.19907407407407407
2 0.3435185185185185 0.5722222222222222 0.17037037037037037 0.15833333333333333
3 0.7546296296296297 0.5055555555555555 0.19907407407407407 0.19444444444444445
2 0.19907407407407407 0.3675925925925926 0.16574074074074074 0.16296296296296298
3 0.5685185185185185 0.43148148148148147 0.19444444444444445 0.19907407407407407
2 0.36574074074074076 0.38055555555555554 0.16018518518518518 0.16018518518518518
3 0.7981481481481482 0.2740740740740741 0.19166666666666668 0.2037037037037037
3 0.612037037037037 0.2324074074074074 0.19166666666666668 0.2037037037037037
2 0.4027777777777778 0.19074074074074074 0.15833333333333333 0.16574074074074074
2 0.23796296296296296 0.16203703703703703 0.1537037037037037 0.16296296296296298
3 0.47685185185185186 0.8212962962962963 0.20185185185185187 0.20833333333333334
3 0.6824074074074075 0.8472222222222222 0.19907407407407407 0.19907407407407407
2 0.3074074074074074 0.7416666666666667 0.1675925925925926 0.1675925925925926
2 0.14166666666666666 0.7027777777777777 0.1675925925925926 0.1675925925925926