3 0.28888888888888886 0.33055555555555555 0.19907407407407407 0.19907407407407407
2 0.8314814814814815 0.44907407407407407 0.1675925925925926 0.175
3 0.4962962962962963 0.39814814814814814 0.19444444444444445 0.19907407407407407
2 0.6564814814814814 0.42777777777777776 0.17037037037037037 0.15833333333333333
3 0.24537037037037038 0.49444444444444446 0.19907407407407407 0.19444444444444445
2 0.8009259259259259 0.6324074074074074 0.16574074074074074 0.16296296296296298
3 0.43148148148148147 0.5685185185185185 0.19444444444444445 0.19907407407407407
2 0.6342592592592593 0.6194444444444445 0.16018518518518518 0.16018518518518518
3 0.20185185185185187 0.725925925925926 0.19166666666666668 0.2037037037037037
3 0.38796296296296295 0.7675925925925926 0.19166666666666668 0.2037037037037037
2 0.5972222222222222 0.8092592592592592 0.15833333333333333 0.16574074074074074
2 0.7620370370370371 0.8379629629629629 0.1537037037037037 0.16296296296296298
3 0.5231481481481481 0.1787037037037037 0.20185185185185187 0.20833333333333334
3 0.3175925925925926 0.1527777777777778 0.19907407407407407 0.19907407407407407
2 0.6925925925925925 0.25833333333333336 0.1675925925925926 0.1675925925925926
2 0.8583333333333333 0.2972222222222222 0.1675925925925926 0.1675925925925926