2 0.17314814814814813 0.47962962962962963 0.14166666666666666 0.17777777777777778
2 0.2175925925925926 0.7287037037037037 0.14351851851851852 0.1824074074074074
1 0.28703703703703703 0.36018518518518516 0.19166666666666668 0.22777777777777777
1 0.2833333333333333 0.5685185185185185 0.1824074074074074 0.2324074074074074
2 0.34629629629629627 0.14629629629629629 0.14629629629629629 0.19166666666666668
2 0.3435185185185185 0.9037037037037037 0.1537037037037037 0.17222222222222222
1 0.37407407407407406 0.7305555555555555 0.18703703703703703 0.23055555555555557
1 0.43703703703703706 0.32222222222222224 0.18703703703703703 0.2351851851851852
2 0.4685185185185185 0.09259259259259259 0.14351851851851852 0.18425925925925926
2 0.4166666666666667 0.5092592592592593 0.14351851851851852 0.18703703703703703
2 0.5592592592592592 0.20277777777777778 0.16018518518518518 0.2037037037037037
1 0.5175925925925926 0.6398148148148148 0.19444444444444445 0.24722222222222223
1 0.49537037037037035 0.8638888888888889 0.19166666666666668 0.23981481481481481
1 0.5685185185185185 0.4222222222222222 0.18981481481481483 0.2351851851851852
1 0.6861111111111111 0.5685185185185185 0.19907407407407407 0.24722222222222223
2 0.7203703703703703 0.36203703703703705 0.16574074074074074 0.20185185185185187