2 0.762962962962963 0.4759259259259259 0.12222222222222222 0.1537037037037037
2 0.6824074074074075 0.25925925925925924 0.12222222222222222 0.15833333333333333
3 0.6842592592592592 0.6046296296296296 0.1537037037037037 0.2037037037037037
3 0.6481481481481481 0.41574074074074074 0.14166666666666666 0.19444444444444445
2 0.6648148148148149 0.8111111111111111 0.1175925925925926 0.15833333333333333
2 0.5398148148148149 0.11203703703703703 0.12685185185185185 0.16018518518518518
3 0.5435185185185185 0.2796296296296296 0.14351851851851852 0.20185185185185187
3 0.5509259259259259 0.6657407407407407 0.1537037037037037 0.2037037037037037
2 0.5592592592592592 0.8824074074074074 0.125 0.16296296296296298
2 0.5351851851851852 0.487962962962963 0.12222222222222222 0.1675925925925926
2 0.45555555555555555 0.7944444444444444 0.12962962962962962 0.175
3 0.42407407407407405 0.3925925925925926 0.15833333333333333 0.2064814814814815
3 0.4111111111111111 0.1814814814814815 0.15833333333333333 0.20833333333333334
3 0.4148148148148148 0.5981481481481481 0.1537037037037037 0.20833333333333334
3 0.2814814814814815 0.475 0.17037037037037037 0.21851851851851853
2 0.2777777777777778 0.6703703703703704 0.14629629629629629 0.17962962962962964