1 0.2712962962962963 0.24814814814814815 0.06759259259259259 0.07685185185185185
1 0.512962962962963 0.6462962962962963 0.07314814814814814 0.07407407407407407
1 0.6370370370370371 0.6444444444444445 0.07592592592592592 0.07222222222222222
2 0.35555555555555557 0.24259259259259258 0.06111111111111111 0.06574074074074074
2 0.4111111111111111 0.4148148148148148 0.06388888888888888 0.06481481481481481
2 0.42592592592592593 0.5388888888888889 0.06759259259259259 0.06666666666666667
2 0.5592592592592592 0.5398148148148149 0.06759259259259259 0.06666666666666667
2 0.674074074074074 0.5222222222222223 0.075 0.06944444444444445
2 0.55 0.7407407407407407 0.06944444444444445 0.06944444444444445
0 0.40925925925925927 0.6407407407407407 0.06759259259259259 0.06111111111111111
0 0.37592592592592594 0.4777777777777778 0.06018518518518518 0.062037037037037036
0 0.30185185185185187 0.4101851851851852 0.06296296296296296 0.06851851851851852
0 0.4888888888888889 0.37407407407407406 0.06018518518518518 0.06388888888888888
0 0.5518518518518518 0.44907407407407407 0.06111111111111111 0.06481481481481481
3 0.44166666666666665 0.24444444444444444 0.08703703703703704 0.08981481481481482
3 0.5805555555555556 0.2074074074074074 0.08703703703703704 0.08518518518518518
3 0.6527777777777778 0.3712962962962963 0.08518518518518518 0.08888888888888889