3 0.5268518518518519 0.37037037037037035 0.2111111111111111 0.2111111111111111
3 0.7537037037037037 0.4064814814814815 0.21574074074074073 0.20185185185185187
2 0.30277777777777776 0.39444444444444443 0.17222222222222222 0.17222222222222222
2 0.12222222222222222 0.375 0.17777777777777778 0.17222222222222222
3 0.7462962962962963 0.5925925925925926 0.22037037037037038 0.21388888888888888
3 0.49722222222222223 0.5638888888888889 0.21574074074074073 0.21574074074074073
2 0.08148148148148149 0.5435185185185185 0.16296296296296298 0.17222222222222222
2 0.275 0.5833333333333334 0.18425925925925926 0.17962962962962964
2 0.2351851851851852 0.7583333333333333 0.18703703703703703 0.19166666666666668
2 0.0712962962962963 0.7342592592592593 0.14166666666666666 0.18425925925925926
3 0.75 0.8601851851851852 0.23981481481481481 0.24444444444444444
3 0.43703703703703706 0.8175925925925925 0.23055555555555557 0.24259259259259258
3 0.7777777777777778 0.2064814814814815 0.21388888888888888 0.18981481481481483
3 0.5638888888888889 0.18888888888888888 0.2037037037037037 0.19444444444444445
2 0.1574074074074074 0.2064814814814815 0.17037037037037037 0.16296296296296298
2 0.3314814814814815 0.23425925925925925 0.1675925925925926 0.15833333333333333