3 0.3175925925925926 0.5314814814814814 0.1962962962962963 0.19907407407407407
2 0.3111111111111111 0.21666666666666667 0.15092592592592594 0.1537037037037037
2 0.3435185185185185 0.37037037037037035 0.15833333333333333 0.15092592592592594
2 0.37592592592592594 0.8361111111111111 0.1537037037037037 0.16018518518518518
2 0.375 0.6759259259259259 0.14814814814814814 0.15092592592592594
3 0.4648148148148148 0.2611111111111111 0.1962962962962963 0.20185185185185187
3 0.47685185185185186 0.4527777777777778 0.1962962962962963 0.20185185185185187
3 0.5231481481481481 0.7851851851851852 0.19444444444444445 0.2037037037037037
2 0.5157407407407407 0.6175925925925926 0.16574074074074074 0.175
2 0.6222222222222222 0.33425925925925926 0.1675925925925926 0.15833333333333333
3 0.6527777777777778 0.5120370370370371 0.1962962962962963 0.20185185185185187
3 0.6972222222222222 0.7018518518518518 0.2064814814814815 0.1962962962962963
2 0.16111111111111112 0.475 0.15092592592592594 0.14814814814814814
2 0.17592592592592593 0.6157407407407407 0.14814814814814814 0.1537037037037037
3 0.19444444444444445 0.31851851851851853 0.1824074074074074 0.1962962962962963
3 0.2222222222222222 0.7703703703703704 0.1962962962962963 0.19166666666666668