2 0.27685185185185185 0.1925925925925926 0.125 0.13148148148148148
2 0.2935185185185185 0.42407407407407405 0.1175925925925926 0.11296296296296296
3 0.3296296296296296 0.6611111111111111 0.1361111111111111 0.13425925925925927
2 0.35 0.32592592592592595 0.1175925925925926 0.1175925925925926
2 0.38981481481481484 0.5537037037037037 0.11296296296296296 0.10555555555555556
2 0.39537037037037037 0.2064814814814815 0.125 0.125
3 0.42407407407407405 0.4351851851851852 0.1388888888888889 0.1388888888888889
2 0.44907407407407407 0.7018518518518518 0.10555555555555556 0.10092592592592593
3 0.4888888888888889 0.30925925925925923 0.14351851851851852 0.14351851851851852
3 0.5296296296296297 0.5314814814814814 0.1388888888888889 0.1361111111111111
3 0.5611111111111111 0.6583333333333333 0.1388888888888889 0.125
2 0.5935185185185186 0.2222222222222222 0.125 0.12685185185185185
2 0.6018518518518519 0.42777777777777776 0.1175925925925926 0.11296296296296296
3 0.6722222222222223 0.5592592592592592 0.14351851851851852 0.13425925925925927
3 0.7111111111111111 0.34814814814814815 0.15833333333333333 0.14814814814814814
3 0.26296296296296295 0.5416666666666666 0.14814814814814814 0.13148148148148148