2 0.3416666666666667 0.2657407407407407 0.16574074074074074 0.16574074074074074
2 0.37037037037037035 0.12129629629629629 0.1675925925925926 0.175
2 0.30185185185185187 0.7305555555555555 0.16296296296296298 0.175
1 0.38981481481481484 0.6101851851851852 0.18425925925925926 0.18703703703703703
2 0.4185185185185185 0.46296296296296297 0.17037037037037037 0.17222222222222222
2 0.35462962962962963 0.887962962962963 0.17037037037037037 0.17777777777777778
1 0.47685185185185186 0.3175925925925926 0.1824074074074074 0.1824074074074074
1 0.5166666666666667 0.1537037037037037 0.18981481481481483 0.19907407407407407
1 0.4546296296296296 0.7620370370370371 0.1962962962962963 0.1962962962962963
1 0.5453703703703704 0.5675925925925925 0.18425925925925926 0.19444444444444445
2 0.5925925925925926 0.4185185185185185 0.17222222222222222 0.17037037037037037
1 0.6861111111111111 0.2574074074074074 0.2037037037037037 0.2064814814814815
2 0.6074074074074074 0.7203703703703703 0.17777777777777778 0.17777777777777778
1 0.5796296296296296 0.8824074074074074 0.2037037037037037 0.2037037037037037
1 0.75 0.4787037037037037 0.21851851851851853 0.2064814814814815
1 0.7657407407407407 0.6537037037037037 0.21388888888888888 0.2037037037037037
2 0.7388888888888889 0.8222222222222222 0.19444444444444445 0.18425925925925926
1 0.053703703703703705 0.6305555555555555 0.10740740740740741 0.17962962962962964
2 0.1037037037037037 0.35833333333333334 0.15555555555555556 0.16296296296296298
1 0.11666666666666667 0.5037037037037037 0.17037037037037037 0.17777777777777778
2 0.1 0.7490740740740741 0.1537037037037037 0.16296296296296298
2 0.21666666666666667 0.22592592592592592 0.1537037037037037 0.16296296296296298
2 0.2351851851851852 0.3638888888888889 0.16018518518518518 0.16018518518518518
1 0.18703703703703703 0.6407407407407407 0.175 0.1824074074074074
1 0.27037037037037037 0.5074074074074074 0.17962962962962964 0.18703703703703703
2 0.2111111111111111 0.8398148148148148 0.16296296296296298 0.17037037037037037