2 0.25555555555555554 0.612037037037037 0.11296296296296296 0.1175925925925926
2 0.38981481481481484 0.6092592592592593 0.11018518518518519 0.11296296296296296
2 0.6861111111111111 0.5972222222222222 0.1175925925925926 0.1175925925925926
2 0.5194444444444445 0.5898148148148148 0.11481481481481481 0.1175925925925926
1 0.7064814814814815 0.44814814814814813 0.13425925925925927 0.12222222222222222
1 0.5324074074074074 0.4444444444444444 0.12222222222222222 0.125
1 0.25555555555555554 0.4351851851851852 0.12222222222222222 0.125
1 0.387037037037037 0.4324074074074074 0.11944444444444445 0.125
1 0.37962962962962965 0.30185185185185187 0.11481481481481481 0.12222222222222222
1 0.7111111111111111 0.2916666666666667 0.12962962962962962 0.12222222222222222
1 0.25277777777777777 0.2851851851851852 0.11944444444444445 0.12222222222222222
1 0.5398148148148149 0.26296296296296295 0.12222222222222222 0.12222222222222222
2 0.7064814814814815 0.762962962962963 0.11944444444444445 0.12222222222222222
2 0.25277777777777777 0.7490740740740741 0.11018518518518519 0.11296296296296296
2 0.4027777777777778 0.7305555555555555 0.11296296296296296 0.11018518518518519
2 0.5453703703703704 0.725925925925926 0.11481481481481481 0.11481481481481481