1 0.7416666666666667 0.31851851851851853 0.18981481481481483 0.18425925925925926
2 0.7148148148148148 0.737037037037037 0.17037037037037037 0.1824074074074074
2 0.6416666666666667 0.4351851851851852 0.1537037037037037 0.15833333333333333
2 0.6333333333333333 0.1925925925925926 0.1537037037037037 0.1537037037037037
1 0.575925925925926 0.6462962962962963 0.18981481481481483 0.19444444444444445
1 0.5166666666666667 0.3314814814814815 0.19444444444444445 0.18425925925925926
1 0.48055555555555557 0.8009259259259259 0.18981481481481483 0.18981481481481483
1 0.49074074074074076 0.49722222222222223 0.1962962962962963 0.18981481481481483
2 0.4787037037037037 0.17592592592592593 0.16296296296296298 0.1537037037037037
2 0.4083333333333333 0.6407407407407407 0.1675925925925926 0.16296296296296298
1 0.3453703703703704 0.3509259259259259 0.175 0.17777777777777778
1 0.30925925925925923 0.5175925925925926 0.1824074074074074 0.17962962962962964
2 0.17222222222222222 0.42777777777777776 0.1675925925925926 0.16296296296296298
1 0.8638888888888889 0.6694444444444444 0.18981481481481483 0.1962962962962963
2 0.8601851851851852 0.4305555555555556 0.16296296296296298 0.1675925925925926
2 0.7537037037037037 0.5370370370370371 0.1675925925925926 0.16296296296296298