3 0.30648148148148147 0.4064814814814815 0.19444444444444445 0.19907407407407407
3 0.3148148148148148 0.17407407407407408 0.18981481481481483 0.19907407407407407
2 0.35462962962962963 0.6175925925925926 0.15092592592592594 0.16018518518518518
2 0.35462962962962963 0.8018518518518518 0.16296296296296298 0.17037037037037037
3 0.5055555555555555 0.1537037037037037 0.19166666666666668 0.21388888888888888
3 0.5037037037037037 0.4074074074074074 0.19907407407407407 0.18981481481481483
2 0.5333333333333333 0.8111111111111111 0.16574074074074074 0.16574074074074074
2 0.5435185185185185 0.6101851851851852 0.16574074074074074 0.16018518518518518
2 0.7185185185185186 0.6259259259259259 0.16574074074074074 0.16296296296296298
2 0.7231481481481481 0.8064814814814815 0.17222222222222222 0.17777777777777778
3 0.7462962962962963 0.1398148148148148 0.20833333333333334 0.21388888888888888
3 0.7527777777777778 0.42592592592592593 0.21388888888888888 0.2064814814814815
3 0.10925925925925926 0.38981481481481484 0.1824074074074074 0.18981481481481483
3 0.11574074074074074 0.17777777777777778 0.18981481481481483 0.18425925925925926
2 0.17407407407407408 0.7935185185185185 0.16018518518518518 0.1537037037037037
2 0.18981481481481483 0.6083333333333333 0.14351851851851852 0.16018518518518518