0 0.5712962962962963 0.4212962962962963 0.06018518518518518 0.06111111111111111
0 0.6157407407407407 0.662962962962963 0.06111111111111111 0.06018518518518518
0 0.35185185185185186 0.5444444444444444 0.06018518518518518 0.06111111111111111
0 0.2824074074074074 0.7342592592592593 0.062037037037037036 0.06388888888888888
0 0.28425925925925927 0.8287037037037037 0.058333333333333334 0.05277777777777778
3 0.5555555555555556 0.7722222222222223 0.08333333333333333 0.0787037037037037
1 0.2916666666666667 0.49074074074074076 0.0712962962962963 0.07407407407407407
1 0.39814814814814814 0.8324074074074074 0.06759259259259259 0.06388888888888888
2 0.7555555555555555 0.7583333333333333 0.062037037037037036 0.06111111111111111
2 0.6861111111111111 0.6555555555555556 0.06851851851851852 0.06851851851851852
2 0.33240740740740743 0.6101851851851852 0.06666666666666667 0.06759259259259259
2 0.24537037037037038 0.6370370370370371 0.06574074074074074 0.06388888888888888
2 0.4 0.6953703703703704 0.06666666666666667 0.062037037037037036
2 0.3888888888888889 0.7574074074074074 0.06388888888888888 0.062037037037037036
2 0.45925925925925926 0.7861111111111111 0.06018518518518518 0.06666666666666667
2 0.5296296296296297 0.5787037037037037 0.06574074074074074 0.06851851851851852
2 0.44814814814814813 0.6240740740740741 0.06574074074074074 0.07037037037037037