2 0.44722222222222224 0.6157407407407407 0.16574074074074074 0.17222222222222222
2 0.23425925925925925 0.637962962962963 0.1675925925925926 0.1675925925925926
2 0.6203703703703703 0.5953703703703703 0.1537037037037037 0.15833333333333333
2 0.8064814814814815 0.5731481481481482 0.15092592592592594 0.16296296296296298
1 0.20092592592592592 0.4638888888888889 0.17962962962962964 0.175
1 0.4046296296296296 0.42314814814814816 0.17037037037037037 0.1824074074074074
1 0.5981481481481481 0.39166666666666666 0.17037037037037037 0.17777777777777778
1 0.7768518518518519 0.35833333333333334 0.17222222222222222 0.17777777777777778
1 0.1925925925925926 0.262037037037037 0.18425925925925926 0.18425925925925926
1 0.5712962962962963 0.20092592592592592 0.17037037037037037 0.19166666666666668
1 0.3907407407407407 0.21851851851851853 0.17037037037037037 0.18703703703703703
1 0.7509259259259259 0.16111111111111112 0.1675925925925926 0.17777777777777778
2 0.2462962962962963 0.8416666666666667 0.16018518518518518 0.16574074074074074
2 0.45925925925925926 0.8018518518518518 0.1537037037037037 0.1675925925925926
2 0.6333333333333333 0.7648148148148148 0.1537037037037037 0.16296296296296298
2 0.8296296296296296 0.7407407407407407 0.1537037037037037 0.16296296296296298