2 0.7648148148148148 0.33796296296296297 0.14166666666666666 0.14351851851851852
3 0.4361111111111111 0.3111111111111111 0.17222222222222222 0.175
3 0.6 0.36574074074074076 0.17222222222222222 0.18425925925925926
2 0.2851851851851852 0.38055555555555554 0.1537037037037037 0.14166666666666666
2 0.7907407407407407 0.4601851851851852 0.14351851851851852 0.1361111111111111
2 0.4027777777777778 0.4564814814814815 0.14629629629629629 0.14814814814814814
3 0.6638888888888889 0.5212962962962963 0.17777777777777778 0.18425925925925926
2 0.29907407407407405 0.5416666666666666 0.1537037037037037 0.14166666666666666
3 0.5037037037037037 0.5805555555555556 0.17777777777777778 0.19444444444444445
2 0.6657407407407407 0.6759259259259259 0.15092592592592594 0.15555555555555556
2 0.18611111111111112 0.6527777777777778 0.16018518518518518 0.15833333333333333
3 0.3638888888888889 0.6925925925925925 0.19907407407407407 0.19907407407407407
3 0.5435185185185185 0.7796296296296297 0.18703703703703703 0.2064814814814815
2 0.5037037037037037 0.18425925925925926 0.14166666666666666 0.14166666666666666
3 0.6537037037037037 0.22037037037037038 0.17777777777777778 0.1824074074074074
3 0.2796296296296296 0.23425925925925925 0.19444444444444445 0.18981481481481483