3 0.6453703703703704 0.47129629629629627 0.18703703703703703 0.18703703703703703
3 0.6305555555555555 0.687037037037037 0.17962962962962964 0.19166666666666668
2 0.6046296296296296 0.2611111111111111 0.1537037037037037 0.1537037037037037
2 0.6074074074074074 0.08981481481481482 0.15092592592592594 0.15555555555555556
3 0.4527777777777778 0.6972222222222222 0.18703703703703703 0.1962962962962963
3 0.4601851851851852 0.4583333333333333 0.19166666666666668 0.19166666666666668
2 0.4444444444444444 0.06944444444444445 0.1537037037037037 0.1388888888888889
2 0.42407407407407405 0.25 0.15833333333333333 0.16018518518518518
2 0.25462962962962965 0.22685185185185186 0.17037037037037037 0.16574074074074074
2 0.25833333333333336 0.06574074074074074 0.16018518518518518 0.13148148148148148
3 0.20185185185185187 0.7222222222222222 0.21574074074074073 0.20833333333333334
3 0.21481481481481482 0.42407407407407405 0.21388888888888888 0.20185185185185187
3 0.8194444444444444 0.6944444444444444 0.1675925925925926 0.18981481481481483
3 0.8212962962962963 0.49074074074074076 0.17222222222222222 0.17962962962962964
2 0.7694444444444445 0.10833333333333334 0.14166666666666666 0.15092592592592594
2 0.7574074074074074 0.27685185185185185 0.14166666666666666 0.15092592592592594