2 0.6546296296296297 0.7546296296296297 0.1824074074074074 0.1824074074074074
2 0.5722222222222222 0.3351851851851852 0.1824074074074074 0.175
2 0.6018518518518519 0.5277777777777778 0.17222222222222222 0.17222222222222222
2 0.5212962962962963 0.13703703703703704 0.17222222222222222 0.1675925925925926
1 0.4222222222222222 0.8240740740740741 0.18981481481481483 0.1962962962962963
1 0.2833333333333333 0.1685185185185185 0.19166666666666668 0.1962962962962963
1 0.3537037037037037 0.612037037037037 0.2037037037037037 0.19166666666666668
1 0.2953703703703704 0.4064814814814815 0.18981481481481483 0.18425925925925926
1 0.20185185185185187 0.8824074074074074 0.20833333333333334 0.19166666666666668
1 0.08611111111111111 0.20833333333333334 0.17222222222222222 0.19444444444444445
1 0.14166666666666666 0.6611111111111111 0.19166666666666668 0.19166666666666668
1 0.1 0.4388888888888889 0.18981481481481483 0.18425925925925926
2 0.8416666666666667 0.7185185185185186 0.17222222222222222 0.17037037037037037
2 0.774074074074074 0.49907407407407406 0.1824074074074074 0.175
2 0.700925925925926 0.11018518518518519 0.17962962962962964 0.17037037037037037
2 0.7324074074074074 0.31851851851851853 0.17777777777777778 0.17777777777777778