2 0.6296296296296297 0.30925925925925923 0.1537037037037037 0.14814814814814814
2 0.6287037037037037 0.4462962962962963 0.14814814814814814 0.14814814814814814
1 0.6175925925925926 0.5916666666666667 0.17222222222222222 0.16574074074074074
1 0.5712962962962963 0.7490740740740741 0.19166666666666668 0.175
2 0.5324074074074074 0.2111111111111111 0.14351851851851852 0.1537037037037037
1 0.49074074074074076 0.35462962962962963 0.17222222222222222 0.16574074074074074
2 0.5 0.5027777777777778 0.14814814814814814 0.14814814814814814
1 0.38796296296296295 0.24074074074074073 0.16296296296296298 0.16296296296296298
1 0.3861111111111111 0.5981481481481481 0.1675925925925926 0.16296296296296298
1 0.36666666666666664 0.44351851851851853 0.17222222222222222 0.17037037037037037
2 0.37777777777777777 0.7657407407407407 0.16296296296296298 0.16296296296296298
2 0.2657407407407407 0.33425925925925926 0.14814814814814814 0.1537037037037037
1 0.2388888888888889 0.6814814814814815 0.17222222222222222 0.17037037037037037
2 0.2222222222222222 0.5055555555555555 0.15833333333333333 0.14814814814814814
2 0.7527777777777778 0.5111111111111111 0.16296296296296298 0.1537037037037037
1 0.7527777777777778 0.687037037037037 0.175 0.18425925925925926