2 0.7527777777777778 0.25092592592592594 0.12685185185185185 0.13425925925925927
2 0.7305555555555555 0.4824074074074074 0.11944444444444445 0.11481481481481481
3 0.6888888888888889 0.7185185185185186 0.1388888888888889 0.1361111111111111
2 0.6768518518518518 0.3824074074074074 0.11944444444444445 0.11944444444444445
2 0.6324074074074074 0.6092592592592593 0.11481481481481481 0.10740740740740741
2 0.6324074074074074 0.26296296296296295 0.12685185185185185 0.12685185185185185
3 0.5972222222222222 0.49074074074074076 0.14166666666666666 0.14166666666666666
2 0.5712962962962963 0.7555555555555555 0.10740740740740741 0.10277777777777777
3 0.5370370370370371 0.3638888888888889 0.14629629629629629 0.14629629629629629
3 0.49074074074074076 0.5842592592592593 0.14166666666666666 0.1388888888888889
3 0.45925925925925926 0.7111111111111111 0.14166666666666666 0.12685185185185185
2 0.43148148148148147 0.2740740740740741 0.12685185185185185 0.12685185185185185
2 0.41944444444444445 0.47962962962962963 0.11944444444444445 0.11481481481481481
3 0.35 0.6101851851851852 0.14629629629629629 0.1361111111111111
3 0.3111111111111111 0.39814814814814814 0.16018518518518518 0.15092592592592594
3 0.7574074074074074 0.6 0.15092592592592594 0.13425925925925927