2 0.21296296296296297 0.7018518518518518 0.15092592592592594 0.14351851851851852
1 0.5314814814814814 0.6564814814814814 0.1675925925925926 0.1675925925925926
2 0.7574074074074074 0.5972222222222222 0.1537037037037037 0.14814814814814814
2 0.8953703703703704 0.5768518518518518 0.15092592592592594 0.14351851851851852
2 0.31851851851851853 0.6175925925925926 0.1537037037037037 0.1537037037037037
1 0.44074074074074077 0.5435185185185185 0.17037037037037037 0.1675925925925926
2 0.17777777777777778 0.5638888888888889 0.16296296296296298 0.15833333333333333
2 0.5805555555555556 0.5194444444444445 0.16018518518518518 0.14814814814814814
1 0.7148148148148148 0.4648148148148148 0.1675925925925926 0.1675925925925926
1 0.8694444444444445 0.4388888888888889 0.17962962962962964 0.175
1 0.29814814814814816 0.4759259259259259 0.17777777777777778 0.17037037037037037
1 0.48055555555555557 0.38981481481481484 0.17962962962962964 0.175
2 0.6259259259259259 0.35462962962962963 0.16296296296296298 0.15833333333333333
1 0.18981481481481483 0.3537037037037037 0.18703703703703703 0.17962962962962964
2 0.3435185185185185 0.33055555555555555 0.15833333333333333 0.16296296296296298
1 0.7777777777777778 0.27685185185185185 0.17962962962962964 0.18425925925925926
1 0.5768518518518518 0.20833333333333334 0.18425925925925926 0.19444444444444445
2 0.25277777777777777 0.2064814814814815 0.16018518518518518 0.17222222222222222
1 0.4111111111111111 0.1824074074074074 0.17777777777777778 0.19444444444444445
1 0.4074074074074074 0.8898148148148148 0.16018518518518518 0.1537037037037037
2 0.6638888888888889 0.8231481481481482 0.14629629629629629 0.13425925925925927
1 0.5296296296296297 0.8064814814814815 0.16296296296296298 0.1537037037037037
2 0.29074074074074074 0.8138888888888889 0.14629629629629629 0.13425925925925927
2 0.7907407407407407 0.7175925925925926 0.14629629629629629 0.14166666666666666
1 0.4027777777777778 0.7287037037037037 0.16574074074074074 0.16296296296296298
2 0.6620370370370371 0.6944444444444444 0.14629629629629629 0.14351851851851852