3 0.6574074074074074 0.44722222222222224 0.22777777777777777 0.23055555555555557
2 0.5805555555555556 0.7583333333333333 0.18703703703703703 0.18703703703703703
2 0.5361111111111111 0.9305555555555556 0.18703703703703703 0.1388888888888889
3 0.49537037037037035 0.18425925925925926 0.23055555555555557 0.23055555555555557
3 0.45092592592592595 0.43703703703703706 0.2324074074074074 0.23055555555555557
2 0.37592592592592594 0.7092592592592593 0.19444444444444445 0.20185185185185187
2 0.30648148148148147 0.899074074074074 0.18981481481481483 0.17222222222222222
3 0.25555555555555554 0.1361111111111111 0.23796296296296296 0.23796296296296296
3 0.2175925925925926 0.37777777777777777 0.25462962962962965 0.24259259259259258
2 0.12129629629629629 0.637962962962963 0.2037037037037037 0.19907407407407407
2 0.08796296296296297 0.8574074074074074 0.175 0.18425925925925926
3 0.8962962962962963 0.27037037037037037 0.2064814814814815 0.22314814814814815
3 0.862037037037037 0.4962962962962963 0.21574074074074073 0.21851851851851853
2 0.7444444444444445 0.9555555555555556 0.17962962962962964 0.08888888888888889
2 0.7675925925925926 0.7833333333333333 0.1824074074074074 0.1824074074074074
3 0.7092592592592593 0.24074074074074073 0.22037037037037038 0.22777777777777777