2 0.6759259259259259 0.7574074074074074 0.16018518518518518 0.16018518518518518
2 0.6666666666666666 0.3990740740740741 0.15092592592592594 0.16018518518518518
2 0.6638888888888889 0.06851851851851852 0.15555555555555556 0.13425925925925927
1 0.6462962962962963 0.5842592592592593 0.16574074074074074 0.17037037037037037
2 0.600925925925926 0.1925925925925926 0.15092592592592594 0.16018518518518518
1 0.5370370370370371 0.8722222222222222 0.1824074074074074 0.175
2 0.5296296296296297 0.7018518518518518 0.15833333333333333 0.15555555555555556
1 0.5194444444444445 0.33611111111111114 0.175 0.175
1 0.5092592592592593 0.040740740740740744 0.1824074074074074 0.08148148148148149
1 0.49444444444444446 0.5175925925925926 0.1824074074074074 0.17962962962962964
2 0.44351851851851853 0.14907407407407408 0.16574074074074074 0.17037037037037037
1 0.3712962962962963 0.6537037037037037 0.19444444444444445 0.175
2 0.362962962962963 0.4203703703703704 0.16296296296296298 0.16574074074074074
1 0.30648148148148147 0.8435185185185186 0.18981481481481483 0.18981481481481483
1 0.3111111111111111 0.24259259259259258 0.20833333333333334 0.18981481481481483
2 0.3037037037037037 0.06018518518518518 0.17037037037037037 0.11944444444444445
1 0.21481481481481482 0.5555555555555556 0.19907407407407407 0.18981481481481483
2 0.1962962962962963 0.375 0.175 0.16018518518518518
2 0.1685185185185185 0.725925925925926 0.1824074074074074 0.175
1 0.9287037037037037 0.5009259259259259 0.14166666666666666 0.17037037037037037
2 0.9277777777777778 0.2388888888888889 0.14351851851851852 0.15555555555555556
1 0.8416666666666667 0.36666666666666664 0.16018518518518518 0.17222222222222222
1 0.8138888888888889 0.08425925925925926 0.16018518518518518 0.15833333333333333
2 0.7935185185185185 0.6685185185185185 0.15092592592592594 0.16018518518518518
2 0.7787037037037037 0.5166666666666667 0.15092592592592594 0.15092592592592594
1 0.7453703703703703 0.2324074074074074 0.16574074074074074 0.175