3 0.5370370370370371 0.6620370370370371 0.20185185185185187 0.2037037037037037
3 0.7796296296296297 0.6620370370370371 0.2064814814814815 0.2064814814814815
2 0.2898148148148148 0.6407407407407407 0.16018518518518518 0.17037037037037037
2 0.11296296296296296 0.6287037037037037 0.17037037037037037 0.1675925925925926
3 0.5611111111111111 0.4583333333333333 0.2064814814814815 0.20833333333333334
3 0.7953703703703704 0.4361111111111111 0.2111111111111111 0.2111111111111111
2 0.3148148148148148 0.42314814814814816 0.17037037037037037 0.175
2 0.12962962962962962 0.3962962962962963 0.175 0.175
3 0.862037037037037 0.19814814814814816 0.22037037037037038 0.22037037037037038
3 0.5814814814814815 0.1925925925925926 0.21574074074074073 0.23055555555555557
2 0.3314814814814815 0.16018518518518518 0.17222222222222222 0.17962962962962964
2 0.1287037037037037 0.125 0.175 0.18425925925925926
3 0.5509259259259259 0.8712962962962963 0.2037037037037037 0.19907407407407407
3 0.7555555555555555 0.8694444444444445 0.19444444444444445 0.19166666666666668
2 0.26296296296296295 0.85 0.16018518518518518 0.16018518518518518
2 0.09351851851851851 0.8277777777777777 0.16018518518518518 0.16018518518518518