2 0.7944444444444444 0.4388888888888889 0.175 0.175
2 0.44351851851851853 0.39814814814814814 0.175 0.1675925925925926
2 0.10555555555555556 0.3537037037037037 0.17962962962962964 0.17222222222222222
1 0.6203703703703703 0.44351851851851853 0.18703703703703703 0.1824074074074074
2 0.23425925925925925 0.43425925925925923 0.175 0.16574074074074074
1 0.8842592592592593 0.5851851851851851 0.1962962962962963 0.20185185185185187
2 0.7212962962962963 0.5694444444444444 0.17037037037037037 0.175
1 0.362962962962963 0.5287037037037037 0.19444444444444445 0.19444444444444445
1 0.06296296296296296 0.5009259259259259 0.125 0.19444444444444445
1 0.5370370370370371 0.5814814814814815 0.19907407407407407 0.20185185185185187
2 0.17314814814814813 0.5777777777777777 0.18703703703703703 0.1824074074074074
1 0.6518518518518519 0.7166666666666667 0.1962962962962963 0.2111111111111111
2 0.42314814814814816 0.6925925925925925 0.1824074074074074 0.1824074074074074
1 0.8268518518518518 0.8074074074074075 0.20833333333333334 0.20833333333333334
1 0.24259259259259258 0.7222222222222222 0.2111111111111111 0.22777777777777777
2 0.06851851851851852 0.7027777777777777 0.1361111111111111 0.18981481481481483
1 0.5351851851851852 0.8574074074074074 0.2111111111111111 0.21851851851851853
2 0.35833333333333334 0.8481481481481481 0.17777777777777778 0.19166666666666668
2 0.6935185185185185 0.9138888888888889 0.19907407407407407 0.17222222222222222
1 0.5814814814814815 0.1527777777777778 0.18703703703703703 0.17222222222222222
2 0.3277777777777778 0.12129629629629629 0.1675925925925926 0.16018518518518518
1 0.4361111111111111 0.2222222222222222 0.18703703703703703 0.17777777777777778
1 0.1527777777777778 0.20925925925925926 0.18703703703703703 0.17777777777777778
2 0.7222222222222222 0.3138888888888889 0.175 0.16574074074074074
2 0.575925925925926 0.3037037037037037 0.1675925925925926 0.16574074074074074
1 0.2935185185185185 0.29907407407407405 0.19166666666666668 0.1824074074074074