2 0.3472222222222222 0.4759259259259259 0.16018518518518518 0.15555555555555556
1 0.36574074074074076 0.625 0.1824074074074074 0.1824074074074074
2 0.4203703703703704 0.34814814814814815 0.16018518518518518 0.16018518518518518
1 0.44074074074074077 0.7675925925925926 0.1824074074074074 0.19166666666666668
1 0.4888888888888889 0.5268518518518519 0.17962962962962964 0.17222222222222222
2 0.5527777777777778 0.3907407407407407 0.16296296296296298 0.16018518518518518
1 0.5768518518518518 0.6574074074074074 0.1824074074074074 0.1824074074074074
2 0.5935185185185186 0.8074074074074075 0.16018518518518518 0.16018518518518518
2 0.6611111111111111 0.3037037037037037 0.15555555555555556 0.15555555555555556
1 0.6481481481481481 0.5175925925925926 0.17777777777777778 0.17777777777777778
2 0.725 0.649074074074074 0.15555555555555556 0.15555555555555556
1 0.7620370370370371 0.4101851851851852 0.17777777777777778 0.17962962962962964
2 0.7416666666666667 0.7935185185185185 0.16296296296296298 0.16018518518518518
1 0.8351851851851851 0.5518518518518518 0.1824074074074074 0.17777777777777778
2 0.22592592592592592 0.5555555555555556 0.15555555555555556 0.16018518518518518
1 0.2675925925925926 0.35 0.17962962962962964 0.175