3 0.5388888888888889 0.6222222222222222 0.19444444444444445 0.19907407407407407
3 0.7583333333333333 0.6296296296296297 0.18981481481481483 0.19444444444444445
2 0.33425925925925926 0.5601851851851852 0.15833333333333333 0.16296296296296298
2 0.16018518518518518 0.5416666666666666 0.16296296296296298 0.1675925925925926
3 0.7861111111111111 0.44814814814814813 0.19444444444444445 0.19166666666666668
3 0.5518518518518518 0.4287037037037037 0.19444444444444445 0.19907407407407407
2 0.16574074074074074 0.36574074074074076 0.16296296296296298 0.16296296296296298
2 0.35555555555555557 0.37407407407407406 0.15833333333333333 0.16296296296296298
2 0.3574074074074074 0.20185185185185187 0.15833333333333333 0.16296296296296298
2 0.17777777777777778 0.18518518518518517 0.16296296296296298 0.16296296296296298
3 0.8305555555555556 0.21388888888888888 0.2037037037037037 0.20833333333333334
3 0.5509259259259259 0.1824074074074074 0.19907407407407407 0.20833333333333334
3 0.7453703703703703 0.8277777777777777 0.19166666666666668 0.18981481481481483
3 0.5388888888888889 0.8092592592592592 0.19166666666666668 0.18425925925925926
2 0.15 0.7175925925925926 0.15833333333333333 0.15833333333333333
2 0.3277777777777778 0.7148148148148148 0.1537037037037037 0.15833333333333333