3 0.29907407407407405 0.6416666666666667 0.19444444444444445 0.2111111111111111
3 0.09166666666666666 0.6240740740740741 0.1824074074074074 0.20833333333333334
3 0.7416666666666667 0.6453703703703704 0.21851851851851853 0.21388888888888888
3 0.5037037037037037 0.6277777777777778 0.19907407407407407 0.19907407407407407
2 0.7981481481481482 0.38333333333333336 0.175 0.175
2 0.5435185185185185 0.35462962962962963 0.17037037037037037 0.17037037037037037
2 0.14166666666666666 0.33055555555555555 0.15833333333333333 0.16296296296296298
2 0.3351851851851852 0.32592592592592595 0.16296296296296298 0.17037037037037037
2 0.8101851851851852 0.15185185185185185 0.175 0.175
2 0.5740740740740741 0.14074074074074075 0.1675925925925926 0.17037037037037037
2 0.35555555555555557 0.12777777777777777 0.16296296296296298 0.17037037037037037
2 0.13703703703703704 0.10092592592592593 0.175 0.1675925925925926
3 0.4925925925925926 0.8805555555555555 0.2037037037037037 0.22314814814814815
3 0.7333333333333333 0.8870370370370371 0.22314814814814815 0.21851851851851853
3 0.08796296296296297 0.8592592592592593 0.175 0.2037037037037037
3 0.275 0.850925925925926 0.19907407407407407 0.21388888888888888