3 0.2935185185185185 0.46111111111111114 0.22037037037037038 0.22037037037037038
2 0.3509259259259259 0.13703703703703704 0.1675925925925926 0.17222222222222222
2 0.35185185185185186 0.29907407407407405 0.17777777777777778 0.17037037037037037
2 0.2935185185185185 0.7824074074074074 0.175 0.17962962962962964
2 0.32407407407407407 0.6203703703703703 0.1675925925925926 0.1675925925925926
3 0.49722222222222223 0.21296296296296297 0.22037037037037038 0.22314814814814815
3 0.4722222222222222 0.41388888888888886 0.22037037037037038 0.22314814814814815
3 0.4527777777777778 0.7611111111111111 0.21851851851851853 0.22592592592592592
2 0.47962962962962963 0.5861111111111111 0.18425925925925926 0.19444444444444445
2 0.6453703703703704 0.31851851851851853 0.18981481481481483 0.17962962962962964
3 0.6398148148148148 0.5055555555555555 0.22037037037037038 0.22314814814814815
3 0.649074074074074 0.7129629629629629 0.23055555555555557 0.22037037037037038
2 0.14444444444444443 0.37037037037037035 0.1675925925925926 0.1675925925925926
2 0.13055555555555556 0.5194444444444445 0.1675925925925926 0.17222222222222222
3 0.2101851851851852 0.22037037037037038 0.2037037037037037 0.21851851851851853
3 0.15 0.6861111111111111 0.21851851851851853 0.21574074074074073