2 0.37037037037037035 0.6907407407407408 0.1537037037037037 0.14814814814814814
2 0.3712962962962963 0.5537037037037037 0.14814814814814814 0.14814814814814814
1 0.3824074074074074 0.4083333333333333 0.17222222222222222 0.16574074074074074
1 0.4287037037037037 0.25092592592592594 0.19166666666666668 0.175
2 0.4675925925925926 0.7888888888888889 0.14351851851851852 0.1537037037037037
1 0.5092592592592593 0.6453703703703704 0.17222222222222222 0.16574074074074074
2 0.5 0.49722222222222223 0.14814814814814814 0.14814814814814814
1 0.612037037037037 0.7592592592592593 0.16296296296296298 0.16296296296296298
1 0.6138888888888889 0.40185185185185185 0.1675925925925926 0.16296296296296298
1 0.6333333333333333 0.5564814814814815 0.17222222222222222 0.17037037037037037
2 0.6222222222222222 0.23425925925925925 0.16296296296296298 0.16296296296296298
2 0.7342592592592593 0.6657407407407407 0.14814814814814814 0.1537037037037037
1 0.7611111111111111 0.31851851851851853 0.17222222222222222 0.17037037037037037
2 0.7777777777777778 0.49444444444444446 0.15833333333333333 0.14814814814814814
2 0.24722222222222223 0.4888888888888889 0.16296296296296298 0.1537037037037037
1 0.24722222222222223 0.31296296296296294 0.175 0.18425925925925926