3 0.4027777777777778 0.35462962962962963 0.18425925925925926 0.17222222222222222
3 0.4 0.16666666666666666 0.18703703703703703 0.17777777777777778
3 0.4324074074074074 0.7416666666666667 0.19166666666666668 0.19444444444444445
3 0.4305555555555556 0.5324074074074074 0.17777777777777778 0.17777777777777778
2 0.6666666666666666 0.7731481481481481 0.15555555555555556 0.15833333333333333
2 0.6722222222222223 0.5472222222222223 0.15092592592592594 0.15092592592592594
2 0.6648148148148149 0.19444444444444445 0.15092592592592594 0.14166666666666666
2 0.6824074074074075 0.36203703703703705 0.15092592592592594 0.14629629629629629
2 0.8712962962962963 0.7648148148148148 0.15555555555555556 0.15833333333333333
2 0.8629629629629629 0.5574074074074075 0.15092592592592594 0.15092592592592594
2 0.8583333333333333 0.3638888888888889 0.15092592592592594 0.14629629629629629
2 0.8629629629629629 0.17407407407407408 0.15092592592592594 0.16018518518518518
3 0.20833333333333334 0.5416666666666666 0.19907407407407407 0.18425925925925926
3 0.2222222222222222 0.7546296296296297 0.19444444444444445 0.19907407407407407
3 0.1962962962962963 0.1787037037037037 0.1824074074074074 0.17777777777777778
3 0.21851851851851853 0.35 0.19166666666666668 0.17962962962962964