2 0.3574074074074074 0.3907407407407407 0.0712962962962963 0.06944444444444445
2 0.4740740740740741 0.43703703703703706 0.06944444444444445 0.06851851851851852
2 0.5574074074074075 0.4981481481481482 0.06574074074074074 0.06574074074074074
2 0.2537037037037037 0.4861111111111111 0.0712962962962963 0.06851851851851852
2 0.44907407407407407 0.5916666666666667 0.0712962962962963 0.06759259259259259
2 0.4064814814814815 0.6546296296296297 0.06388888888888888 0.06574074074074074
2 0.32037037037037036 0.6935185185185185 0.05925925925925926 0.05925925925925926
2 0.5796296296296296 0.7657407407407407 0.06481481481481481 0.05925925925925926
2 0.5925925925925926 0.8342592592592593 0.06388888888888888 0.06111111111111111
2 0.5203703703703704 0.8342592592592593 0.06018518518518518 0.06018518518518518
2 0.4287037037037037 0.8379629629629629 0.06759259259259259 0.06018518518518518
2 0.4064814814814815 0.75 0.06388888888888888 0.06018518518518518
2 0.4648148148148148 0.7148148148148148 0.06481481481481481 0.062037037037037036
2 0.5722222222222222 0.6990740740740741 0.06574074074074074 0.062037037037037036
2 0.7185185185185186 0.7509259259259259 0.06944444444444445 0.062037037037037036
1 0.6925925925925925 0.825925925925926 0.07314814814814814 0.062037037037037036
1 0.6824074074074075 0.6101851851851852 0.07777777777777778 0.075
1 0.27037037037037037 0.6435185185185185 0.0712962962962963 0.06851851851851852
3 0.34629629629629627 0.5287037037037037 0.08703703703703704 0.08333333333333333
3 0.5296296296296297 0.6046296296296296 0.08981481481481482 0.07962962962962963
3 0.32407407407407407 0.8268518518518518 0.08148148148148149 0.075
0 0.6453703703703704 0.6787037037037037 0.05925925925925926 0.058333333333333334
0 0.774074074074074 0.9824074074074074 0.062037037037037036 0.03518518518518519