2 0.19814814814814816 0.41388888888888886 0.15833333333333333 0.15833333333333333
2 0.524074074074074 0.39166666666666666 0.15833333333333333 0.14814814814814814
2 0.8351851851851851 0.3675925925925926 0.16296296296296298 0.1537037037037037
1 0.35833333333333334 0.42592592592592593 0.1675925925925926 0.16296296296296298
2 0.7129629629629629 0.4351851851851852 0.15833333333333333 0.14814814814814814
1 0.10833333333333334 0.5435185185185185 0.175 0.17962962962962964
2 0.25833333333333336 0.5361111111111111 0.1537037037037037 0.15555555555555556
1 0.5916666666666667 0.5175925925925926 0.175 0.175
1 0.9064814814814814 0.5009259259259259 0.18703703703703703 0.17962962962962964
1 0.42777777777777776 0.5574074074074075 0.175 0.17962962962962964
2 0.7620370370370371 0.5712962962962963 0.1675925925925926 0.16296296296296298
1 0.3148148148148148 0.6759259259259259 0.175 0.18981481481481483
2 0.5268518518518519 0.6638888888888889 0.16296296296296298 0.15833333333333333
1 0.15 0.7509259259259259 0.18425925925925926 0.18425925925925926
1 0.6907407407407408 0.6990740740740741 0.18703703703703703 0.2037037037037037
2 0.875 0.6907407407407408 0.16296296296296298 0.1675925925925926
1 0.4185185185185185 0.8111111111111111 0.18703703703703703 0.19444444444444445
2 0.5796296296296296 0.8101851851851852 0.16018518518518518 0.17222222222222222
2 0.2675925925925926 0.8666666666666667 0.17777777777777778 0.17962962962962964
1 0.4074074074074074 0.16018518518518518 0.1675925925925926 0.1537037037037037
2 0.6444444444444445 0.1425925925925926 0.15092592592592594 0.14351851851851852
1 0.5388888888888889 0.23055555555555557 0.1675925925925926 0.15833333333333333
1 0.799074074074074 0.23333333333333334 0.1675925925925926 0.15833333333333333
2 0.2712962962962963 0.30185185185185187 0.15833333333333333 0.14814814814814814
2 0.4064814814814815 0.29907407407407405 0.14814814814814814 0.14814814814814814
1 0.6657407407407407 0.3101851851851852 0.17222222222222222 0.16574074074074074