3 0.3472222222222222 0.512962962962963 0.2037037037037037 0.2064814814814815
2 0.39537037037037037 0.8157407407407408 0.15555555555555556 0.16018518518518518
2 0.40185185185185185 0.6620370370370371 0.16574074074074074 0.15555555555555556
2 0.3537037037037037 0.20925925925925926 0.16018518518518518 0.16574074074074074
2 0.37962962962962965 0.3638888888888889 0.15555555555555556 0.15555555555555556
3 0.5351851851851852 0.7462962962962963 0.2037037037037037 0.20833333333333334
3 0.5148148148148148 0.5601851851851852 0.2037037037037037 0.20833333333333334
3 0.5037037037037037 0.23333333333333334 0.20185185185185187 0.2111111111111111
2 0.525 0.39537037037037037 0.17222222222222222 0.17962962962962964
2 0.674074074074074 0.649074074074074 0.175 0.1675925925925926
3 0.6722222222222223 0.47314814814814815 0.2037037037037037 0.20833333333333334
3 0.6842592592592592 0.2833333333333333 0.21388888888888888 0.2037037037037037
2 0.20833333333333334 0.5925925925925926 0.15555555555555556 0.15555555555555556
2 0.19722222222222222 0.4546296296296296 0.15555555555555556 0.16018518518518518
3 0.26666666666666666 0.737037037037037 0.18981481481481483 0.20185185185185187
3 0.2175925925925926 0.2972222222222222 0.2037037037037037 0.20185185185185187