2 0.4759259259259259 0.7472222222222222 0.1537037037037037 0.11944444444444445
2 0.700925925925926 0.6851851851851852 0.15833333333333333 0.11944444444444445
3 0.35462962962962963 0.6537037037037037 0.20185185185185187 0.15092592592592594
3 0.5472222222222223 0.6361111111111111 0.19166666666666668 0.14166666666666666
2 0.14907407407407408 0.6166666666666667 0.16018518518518518 0.11481481481481481
2 0.862037037037037 0.5527777777777778 0.15833333333333333 0.125
3 0.6925925925925925 0.5416666666666666 0.20185185185185187 0.14166666666666666
3 0.3037037037037037 0.5175925925925926 0.20185185185185187 0.15092592592592594
2 0.08796296296296297 0.5046296296296297 0.16574074074074074 0.12222222222222222
2 0.48333333333333334 0.5175925925925926 0.17037037037037037 0.11944444444444445
2 0.18425925925925926 0.4111111111111111 0.175 0.125
3 0.5888888888888889 0.41574074074074074 0.2064814814814815 0.15555555555555556
3 0.8027777777777778 0.4203703703703704 0.2064814814814815 0.15555555555555556
3 0.38425925925925924 0.3861111111111111 0.2064814814814815 0.15092592592592594
3 0.5203703703703704 0.26296296296296295 0.21574074074074073 0.1675925925925926
2 0.32314814814814813 0.24444444444444444 0.17777777777777778 0.14351851851851852