1 0.6324074074074074 0.8527777777777777 0.07314814814814814 0.07777777777777778
1 0.33796296296296297 0.7944444444444444 0.075 0.07685185185185185
1 0.6314814814814815 0.725 0.07777777777777778 0.075
1 0.2824074074074074 0.5388888888888889 0.07314814814814814 0.07685185185185185
1 0.4925925925925926 0.3287037037037037 0.07222222222222222 0.075
0 0.4361111111111111 0.8333333333333334 0.06018518518518518 0.06666666666666667
0 0.5407407407407407 0.8546296296296296 0.06481481481481481 0.06296296296296296
0 0.5657407407407408 0.7638888888888888 0.062037037037037036 0.06759259259259259
0 0.6824074074074075 0.6722222222222223 0.06296296296296296 0.06296296296296296
0 0.7027777777777777 0.5962962962962963 0.06296296296296296 0.06481481481481481
0 0.5962962962962963 0.5805555555555556 0.06296296296296296 0.05740740740740741
0 0.4638888888888889 0.4638888888888889 0.05555555555555555 0.058333333333333334
0 0.3861111111111111 0.4101851851851852 0.06111111111111111 0.053703703703703705
3 0.737037037037037 0.7805555555555556 0.08425925925925926 0.09074074074074075
2 0.2611111111111111 0.8916666666666667 0.07037037037037037 0.07407407407407407
2 0.5175925925925926 0.6990740740740741 0.06666666666666667 0.06666666666666667
2 0.4148148148148148 0.7305555555555555 0.06481481481481481 0.06851851851851852
2 0.287962962962963 0.7111111111111111 0.06388888888888888 0.06759259259259259
2 0.3388888888888889 0.6648148148148149 0.06296296296296296 0.06759259259259259
2 0.4398148148148148 0.6148148148148148 0.06111111111111111 0.06388888888888888
2 0.5046296296296297 0.6046296296296296 0.06018518518518518 0.06666666666666667
2 0.5037037037037037 0.5370370370370371 0.06666666666666667 0.06574074074074074
2 0.6148148148148148 0.5027777777777778 0.06759259259259259 0.06388888888888888
2 0.5527777777777778 0.4564814814814815 0.06111111111111111 0.062037037037037036
2 0.4064814814814815 0.5175925925925926 0.06759259259259259 0.06018518518518518
2 0.23703703703703705 0.4361111111111111 0.06666666666666667 0.06759259259259259
2 0.33055555555555555 0.3296296296296296 0.06388888888888888 0.06666666666666667