3 0.33796296296296297 0.5333333333333333 0.2064814814814815 0.2037037037037037
3 0.3712962962962963 0.7425925925925926 0.19907407407407407 0.1962962962962963
2 0.35462962962962963 0.32222222222222224 0.1675925925925926 0.16296296296296298
2 0.33425925925925926 0.15 0.17222222222222222 0.1675925925925926
3 0.5518518518518518 0.7342592592592593 0.19907407407407407 0.20185185185185187
3 0.5231481481481481 0.5074074074074074 0.2064814814814815 0.2037037037037037
2 0.5037037037037037 0.12129629629629629 0.1675925925925926 0.1675925925925926
2 0.5351851851851852 0.3037037037037037 0.1675925925925926 0.16296296296296298
2 0.6990740740740741 0.27314814814814814 0.1675925925925926 0.16574074074074074
2 0.6805555555555556 0.09814814814814815 0.1675925925925926 0.17222222222222222
3 0.7861111111111111 0.7305555555555555 0.21574074074074073 0.20833333333333334
3 0.7583333333333333 0.4527777777777778 0.21574074074074073 0.2037037037037037
3 0.1814814814814815 0.774074074074074 0.1962962962962963 0.1962962962962963
3 0.15462962962962962 0.5685185185185185 0.19166666666666668 0.1962962962962963
2 0.16574074074074074 0.18055555555555555 0.16296296296296298 0.16296296296296298
2 0.20185185185185187 0.35 0.16574074074074074 0.16018518518518518