3 0.17685185185185184 0.38796296296296295 0.2064814814814815 0.19907407407407407
3 0.39166666666666666 0.37407407407407406 0.2037037037037037 0.20185185185185187
2 0.8074074074074075 0.3787037037037037 0.16296296296296298 0.1675925925925926
2 0.6157407407407407 0.4027777777777778 0.16018518518518518 0.16018518518518518
3 0.19814814814814816 0.5935185185185186 0.2111111111111111 0.20833333333333334
3 0.4185185185185185 0.5833333333333334 0.2064814814814815 0.20185185185185187
2 0.6324074074074074 0.5805555555555556 0.16296296296296298 0.16296296296296298
2 0.825925925925926 0.5796296296296296 0.16574074074074074 0.16296296296296298
3 0.42314814814814816 0.7953703703703704 0.2111111111111111 0.20833333333333334
2 0.6333333333333333 0.7861111111111111 0.16296296296296298 0.16296296296296298
3 0.20277777777777778 0.8212962962962963 0.1962962962962963 0.2037037037037037
2 0.8481481481481481 0.7814814814814814 0.1675925925925926 0.16296296296296298
3 0.18703703703703703 0.18981481481481483 0.1962962962962963 0.18981481481481483
3 0.38055555555555554 0.1824074074074074 0.19907407407407407 0.19907407407407407
2 0.612037037037037 0.19444444444444445 0.15833333333333333 0.1537037037037037
2 0.7916666666666666 0.1925925925925926 0.1675925925925926 0.16018518518518518