3 0.5037037037037037 0.6259259259259259 0.20833333333333334 0.2037037037037037
2 0.16203703703703703 0.6203703703703703 0.16018518518518518 0.15833333333333333
2 0.3296296296296296 0.5898148148148148 0.15833333333333333 0.16574074074074074
2 0.8379629629629629 0.5731481481481482 0.17037037037037037 0.16296296296296298
2 0.6620370370370371 0.5685185185185185 0.15833333333333333 0.15555555555555556
3 0.21666666666666667 0.45555555555555555 0.2111111111111111 0.20833333333333334
3 0.42407407407407405 0.44907407407407407 0.2111111111111111 0.2064814814814815
3 0.7888888888888889 0.4111111111111111 0.21388888888888888 0.2064814814814815
2 0.6055555555555555 0.41203703703703703 0.18425925925925926 0.17222222222222222
2 0.30185185185185187 0.2861111111111111 0.16574074074074074 0.17777777777777778
3 0.4962962962962963 0.2611111111111111 0.2111111111111111 0.2064814814814815
3 0.7046296296296296 0.21851851851851853 0.20833333333333334 0.21574074074074073
2 0.4361111111111111 0.7935185185185185 0.15555555555555556 0.15833333333333333
2 0.5898148148148148 0.7851851851851852 0.16296296296296298 0.15555555555555556
3 0.2675925925925926 0.7509259259259259 0.2037037037037037 0.18981481481481483
3 0.7611111111111111 0.737037037037037 0.2037037037037037 0.2037037037037037