2 0.7574074074074074 0.32407407407407407 0.16018518518518518 0.16018518518518518
2 0.3990740740740741 0.3333333333333333 0.16018518518518518 0.15092592592592594
2 0.06851851851851852 0.33611111111111114 0.13425925925925927 0.15555555555555556
1 0.5842592592592593 0.3537037037037037 0.17037037037037037 0.16574074074074074
2 0.1925925925925926 0.3990740740740741 0.16018518518518518 0.15092592592592594
1 0.8722222222222222 0.46296296296296297 0.175 0.1824074074074074
2 0.7018518518518518 0.4703703703703704 0.15555555555555556 0.15833333333333333
1 0.33611111111111114 0.48055555555555557 0.175 0.175
1 0.040740740740740744 0.49074074074074076 0.08148148148148149 0.1824074074074074
1 0.5175925925925926 0.5055555555555555 0.17962962962962964 0.1824074074074074
2 0.14907407407407408 0.5564814814814815 0.17037037037037037 0.16574074074074074
1 0.6537037037037037 0.6287037037037037 0.175 0.19444444444444445
2 0.4203703703703704 0.6370370370370371 0.16574074074074074 0.16296296296296298
1 0.8435185185185186 0.6935185185185185 0.18981481481481483 0.18981481481481483
1 0.24259259259259258 0.6888888888888889 0.18981481481481483 0.20833333333333334
2 0.06018518518518518 0.6962962962962963 0.11944444444444445 0.17037037037037037
1 0.5555555555555556 0.7851851851851852 0.18981481481481483 0.19907407407407407
2 0.375 0.8037037037037037 0.16018518518518518 0.175
2 0.725925925925926 0.8314814814814815 0.175 0.1824074074074074
1 0.5009259259259259 0.0712962962962963 0.17037037037037037 0.14166666666666666
2 0.2388888888888889 0.07222222222222222 0.15555555555555556 0.14351851851851852
1 0.36666666666666664 0.15833333333333333 0.17222222222222222 0.16018518518518518
1 0.08425925925925926 0.18611111111111112 0.15833333333333333 0.16018518518518518
2 0.6685185185185185 0.2064814814814815 0.16018518518518518 0.15092592592592594
2 0.5166666666666667 0.2212962962962963 0.15092592592592594 0.15092592592592594
1 0.2324074074074074 0.25462962962962965 0.175 0.16574074074074074