2 0.20277777777777778 0.41944444444444445 0.16018518518518518 0.16018518518518518
2 0.5203703703703704 0.38796296296296295 0.15833333333333333 0.1537037037037037
2 0.8296296296296296 0.3537037037037037 0.16296296296296298 0.15555555555555556
1 0.35833333333333334 0.42685185185185187 0.17037037037037037 0.16574074074074074
2 0.7111111111111111 0.42314814814814816 0.15833333333333333 0.15092592592592594
1 0.11574074074074074 0.5518518518518518 0.17777777777777778 0.17962962962962964
2 0.26666666666666666 0.5388888888888889 0.15555555555555556 0.15555555555555556
1 0.5925925925925926 0.5083333333333333 0.175 0.175
1 0.9037037037037037 0.49166666666666664 0.16944444444444445 0.16018518518518518
1 0.4351851851851852 0.5537037037037037 0.17962962962962964 0.1824074074074074
2 0.7666666666666667 0.5564814814814815 0.17037037037037037 0.16574074074074074
1 0.3277777777777778 0.674074074074074 0.17777777777777778 0.18981481481481483
2 0.5333333333333333 0.6564814814814814 0.16574074074074074 0.16296296296296298
1 0.16666666666666666 0.7546296296296297 0.18703703703703703 0.18981481481481483
1 0.6953703703703704 0.6888888888888889 0.17407407407407408 0.17685185185185184
2 0.8824074074074074 0.6703703703703704 0.1675925925925926 0.17037037037037037
1 0.4324074074074074 0.8055555555555556 0.18703703703703703 0.1962962962962963
2 0.5935185185185186 0.8009259259259259 0.16018518518518518 0.175
2 0.2861111111111111 0.8657407407407407 0.17777777777777778 0.17962962962962964
1 0.4 0.16203703703703703 0.1675925925925926 0.15555555555555556
2 0.6333333333333333 0.13703703703703704 0.1537037037037037 0.14351851851851852
1 0.5314814814814814 0.22685185185185186 0.17037037037037037 0.16018518518518518
1 0.7898148148148149 0.22037037037037038 0.17222222222222222 0.16018518518518518
2 0.26944444444444443 0.3055555555555556 0.15833333333333333 0.15092592592592594
2 0.40370370370370373 0.29907407407407405 0.15092592592592594 0.14814814814814814
1 0.6611111111111111 0.30092592592592593 0.175 0.16574074074074074