3 0.6398148148148148 0.7768518518518519 0.21851851851851853 0.22037037037037038
2 0.5277777777777778 0.16666666666666666 0.19444444444444445 0.18425925925925926
3 0.5722222222222222 0.5444444444444444 0.22037037037037038 0.21574074074074073
2 0.5444444444444444 0.36018518518518516 0.17037037037037037 0.18425925925925926
3 0.4546296296296296 0.8194444444444444 0.21574074074074073 0.22037037037037038
2 0.32222222222222224 0.1962962962962963 0.17962962962962964 0.18425925925925926
3 0.37962962962962965 0.6083333333333333 0.21574074074074073 0.21388888888888888
2 0.3314814814814815 0.3787037037037037 0.175 0.17777777777777778
3 0.1935185185185185 0.8601851851851852 0.22592592592592592 0.2111111111111111
3 0.1537037037037037 0.65 0.22592592592592592 0.2111111111111111
2 0.11666666666666667 0.41574074074074074 0.17777777777777778 0.17037037037037037
2 0.09166666666666666 0.23055555555555557 0.17962962962962964 0.1675925925925926
3 0.8175925925925925 0.5203703703703704 0.23055555555555557 0.22314814814814815
3 0.8398148148148148 0.7546296296296297 0.22314814814814815 0.22314814814814815
2 0.737037037037037 0.3277777777777778 0.18425925925925926 0.18703703703703703
2 0.6990740740740741 0.14166666666666666 0.18425925925925926 0.17962962962962964