2 0.4074074074074074 0.4064814814814815 0.16574074074074074 0.16018518518518518
2 0.38333333333333336 0.21481481481481482 0.16018518518518518 0.16018518518518518
2 0.44074074074074077 0.5962962962962963 0.175 0.1675925925925926
2 0.47962962962962963 0.812962962962963 0.16574074074074074 0.16574074074074074
1 0.6046296296296296 0.18703703703703703 0.17777777777777778 0.17777777777777778
1 0.6305555555555555 0.37962962962962965 0.17777777777777778 0.1824074074074074
1 0.6583333333333333 0.5851851851851851 0.17777777777777778 0.18425925925925926
1 0.6925925925925925 0.812962962962963 0.18425925925925926 0.18425925925925926
1 0.8055555555555556 0.17314814814814813 0.17037037037037037 0.17037037037037037
1 0.9 0.8027777777777778 0.18981481481481483 0.18425925925925926
1 0.8787037037037037 0.5564814814814815 0.18703703703703703 0.1962962962962963
1 0.8555555555555555 0.3333333333333333 0.18425925925925926 0.18425925925925926
2 0.22037037037037038 0.6462962962962963 0.17037037037037037 0.16574074074074074
2 0.17037037037037037 0.23703703703703705 0.17037037037037037 0.16018518518518518
2 0.25833333333333336 0.8722222222222222 0.175 0.1675925925925926
2 0.2212962962962963 0.4527777777777778 0.175 0.16296296296296298