2 0.20462962962962963 0.33611111111111114 0.13425925925925927 0.125
1 0.5166666666666667 0.34629629629629627 0.14814814814814814 0.14814814814814814
2 0.7407407407407407 0.3824074074074074 0.13425925925925927 0.12962962962962962
2 0.8777777777777778 0.38796296296296295 0.13425925925925927 0.12685185185185185
2 0.31574074074074077 0.40370370370370373 0.1361111111111111 0.13425925925925927
1 0.44074074074074077 0.4666666666666667 0.15092592592592594 0.14814814814814814
2 0.18518518518518517 0.47129629629629627 0.14351851851851852 0.1388888888888889
2 0.5777777777777777 0.47314814814814815 0.14166666666666666 0.12962962962962962
1 0.7138888888888889 0.5148148148148148 0.14814814814814814 0.14814814814814814
1 0.8657407407407407 0.524074074074074 0.15833333333333333 0.1537037037037037
1 0.3101851851851852 0.5453703703703704 0.15833333333333333 0.14814814814814814
1 0.49537037037037035 0.6083333333333333 0.15833333333333333 0.1537037037037037
2 0.6398148148148148 0.6277777777777778 0.14351851851851852 0.1388888888888889
1 0.2175925925925926 0.6759259259259259 0.16574074074074074 0.15833333333333333
2 0.3675925925925926 0.6824074074074075 0.1388888888888889 0.14351851851851852
1 0.7935185185185185 0.6898148148148148 0.15833333333333333 0.16296296296296298
1 0.6055555555555555 0.7768518518518519 0.16296296296296298 0.17222222222222222
2 0.2935185185185185 0.8101851851851852 0.1388888888888889 0.1537037037037037
1 0.44814814814814813 0.8148148148148148 0.15555555555555556 0.17222222222222222
1 0.37407407407407406 0.13333333333333333 0.14166666666666666 0.1361111111111111
2 0.6277777777777778 0.17037037037037037 0.12962962962962962 0.11481481481481481
1 0.5 0.20092592592592592 0.14351851851851852 0.1361111111111111
2 0.26944444444444443 0.2212962962962963 0.12962962962962962 0.11481481481481481
2 0.7620370370370371 0.2611111111111111 0.12962962962962962 0.12222222222222222
1 0.3861111111111111 0.28888888888888886 0.14629629629629629 0.14351851851851852
2 0.6398148148148148 0.2953703703703704 0.12962962962962962 0.125