3 0.3592592592592593 0.33796296296296297 0.2037037037037037 0.2037037037037037
3 0.5361111111111111 0.3453703703703704 0.20185185185185187 0.19166666666666668
2 0.22962962962962963 0.45092592592592595 0.16574074074074074 0.16296296296296298
2 0.7620370370370371 0.38796296296296295 0.16296296296296298 0.16018518518518518
2 0.3675925925925926 0.49074074074074076 0.17222222222222222 0.16574074074074074
3 0.6453703703703704 0.48703703703703705 0.20185185185185187 0.2037037037037037
2 0.2814814814814815 0.6074074074074074 0.17777777777777778 0.16574074074074074
3 0.4962962962962963 0.5805555555555556 0.20833333333333334 0.2064814814814815
2 0.6907407407407408 0.6425925925925926 0.16574074074074074 0.17222222222222222
2 0.20092592592592592 0.7388888888888889 0.17222222222222222 0.17037037037037037
3 0.38425925925925924 0.7379629629629629 0.22592592592592592 0.22037037037037038
3 0.5888888888888889 0.775 0.22314814814814815 0.22592592592592592
2 0.40370370370370373 0.18888888888888888 0.16018518518518518 0.15092592592592594
3 0.5555555555555556 0.18055555555555555 0.19166666666666668 0.19444444444444445
3 0.18611111111111112 0.2972222222222222 0.2111111111111111 0.1962962962962963
2 0.700925925925926 0.26296296296296295 0.1537037037037037 0.15092592592592594