2 0.6583333333333333 0.7555555555555555 0.14166666666666666 0.14351851851851852
2 0.6527777777777778 0.899074074074074 0.14351851851851852 0.15092592592592594
2 0.625 0.29814814814814816 0.1388888888888889 0.15092592592592594
1 0.5601851851851852 0.42777777777777776 0.16018518518518518 0.16574074074074074
2 0.5527777777777778 0.5768518518518518 0.14629629629629629 0.14814814814814814
2 0.5509259259259259 0.1537037037037037 0.14629629629629629 0.15555555555555556
1 0.5194444444444445 0.725925925925926 0.16018518518518518 0.16018518518518518
1 0.5055555555555555 0.8916666666666667 0.16574074074074074 0.17037037037037037
1 0.47314814814814815 0.2916666666666667 0.17037037037037037 0.17037037037037037
1 0.41388888888888886 0.49444444444444446 0.16018518518518518 0.17037037037037037
2 0.3907407407407407 0.6462962962962963 0.14814814814814814 0.14629629629629629
1 0.32407407407407407 0.8175925925925925 0.175 0.17777777777777778
2 0.33055555555555555 0.35555555555555557 0.15092592592592594 0.15555555555555556
1 0.3314814814814815 0.1935185185185185 0.175 0.175
1 0.22870370370370371 0.612037037037037 0.18981481481481483 0.175
1 0.18611111111111112 0.44351851851851853 0.18425925925925926 0.175
2 0.18611111111111112 0.275 0.17037037037037037 0.16018518518518518
1 0.9138888888888889 0.35185185185185186 0.14814814814814814 0.16018518518518518
2 0.8759259259259259 0.6287037037037037 0.13425925925925927 0.14166666666666666
1 0.8416666666666667 0.49074074074074076 0.14629629629629629 0.15555555555555556
2 0.8194444444444444 0.25 0.12962962962962962 0.14351851851851852
2 0.7870370370370371 0.7768518518518519 0.12962962962962962 0.14351851851851852
2 0.7462962962962963 0.6444444444444445 0.1388888888888889 0.1388888888888889
1 0.7509259259259259 0.36944444444444446 0.14814814814814814 0.15555555555555556
1 0.6898148148148148 0.5111111111111111 0.15555555555555556 0.16574074074074074
2 0.6962962962962963 0.1787037037037037 0.1388888888888889 0.14814814814814814