2 0.8194444444444444 0.37407407407407406 0.16296296296296298 0.14629629629629629
3 0.4601851851851852 0.36574074074074076 0.1962962962962963 0.1962962962962963
3 0.6398148148148148 0.4185185185185185 0.18981481481481483 0.1962962962962963
2 0.30185185185185187 0.45092592592592595 0.16296296296296298 0.15092592592592594
2 0.8481481481481481 0.5074074074074074 0.15092592592592594 0.14629629629629629
2 0.43425925925925923 0.5231481481481481 0.15833333333333333 0.15833333333333333
3 0.7138888888888889 0.5861111111111111 0.19166666666666668 0.20185185185185187
2 0.31851851851851853 0.6259259259259259 0.16018518518518518 0.18981481481481483
3 0.5435185185185185 0.6564814814814814 0.19166666666666668 0.2064814814814815
2 0.7212962962962963 0.7592592592592593 0.16018518518518518 0.175
2 0.20555555555555555 0.7388888888888889 0.17037037037037037 0.17962962962962964
3 0.39814814814814814 0.7814814814814814 0.2037037037037037 0.21574074074074073
3 0.5898148148148148 0.8694444444444445 0.20185185185185187 0.21574074074074073
2 0.5351851851851852 0.22314814814814815 0.15092592592592594 0.14629629629629629
3 0.6935185185185185 0.2462962962962963 0.19166666666666668 0.1824074074074074
3 0.2898148148148148 0.2833333333333333 0.20185185185185187 0.19166666666666668