2 0.6574074074074074 0.4842592592592593 0.16018518518518518 0.15555555555555556
1 0.5981481481481481 0.35185185185185186 0.1824074074074074 0.1824074074074074
2 0.6259259259259259 0.6222222222222222 0.16018518518518518 0.16018518518518518
1 0.49074074074074076 0.24259259259259258 0.18425925925925926 0.18703703703703703
1 0.512962962962963 0.4787037037037037 0.1824074074074074 0.175
2 0.49166666666666664 0.6212962962962963 0.16018518518518518 0.16018518518518518
1 0.3962962962962963 0.3824074074074074 0.1824074074074074 0.1824074074074074
2 0.3388888888888889 0.24722222222222223 0.16018518518518518 0.16018518518518518
2 0.4185185185185185 0.7305555555555555 0.15555555555555556 0.15555555555555556
1 0.37037037037037035 0.5296296296296297 0.17777777777777778 0.17777777777777778
2 0.26296296296296295 0.43148148148148147 0.15555555555555556 0.15555555555555556
1 0.2953703703703704 0.6620370370370371 0.17777777777777778 0.17777777777777778
2 0.2064814814814815 0.3037037037037037 0.16018518518518518 0.16018518518518518
1 0.18981481481481483 0.5527777777777778 0.1824074074074074 0.17777777777777778
2 0.7472222222222222 0.3787037037037037 0.15555555555555556 0.16018518518518518
1 0.7666666666666667 0.5777777777777777 0.1824074074074074 0.175