3 0.6018518518518519 0.6898148148148148 0.2064814814814815 0.21574074074074073
2 0.7888888888888889 0.6259259259259259 0.17962962962962964 0.17962962962962964
2 0.3333333333333333 0.5574074074074075 0.1537037037037037 0.16296296296296298
3 0.17037037037037037 0.5120370370370371 0.1962962962962963 0.2037037037037037
3 0.49537037037037035 0.5388888888888889 0.2111111111111111 0.2037037037037037
3 0.49907407407407406 0.5351851851851852 0.2037037037037037 0.21574074074074073
2 0.6731481481481482 0.5203703703703704 0.18425925925925926 0.175
3 0.3509259259259259 0.3907407407407407 0.21574074074074073 0.21574074074074073
2 0.18703703703703703 0.3453703703703704 0.16018518518518518 0.17037037037037037
2 0.525 0.3638888888888889 0.17962962962962964 0.17962962962962964
3 0.7064814814814815 0.35185185185185186 0.22037037037037038 0.22592592592592592
3 0.5611111111111111 0.1824074074074074 0.2324074074074074 0.2324074074074074
2 0.37407407407407406 0.8518518518518519 0.1537037037037037 0.14814814814814814
3 0.5407407407407407 0.8657407407407407 0.2111111111111111 0.19166666666666668
2 0.75 0.775 0.16574074074074074 0.16018518518518518
3 0.4083333333333333 0.7018518518518518 0.19444444444444445 0.18981481481481483
2 0.24259259259259258 0.6694444444444444 0.15833333333333333 0.16018518518518518