2 0.2796296296296296 0.549074074074074 0.062037037037037036 0.06851851851851852
2 0.41388888888888886 0.5064814814814815 0.06388888888888888 0.062037037037037036
2 0.575925925925926 0.5111111111111111 0.06388888888888888 0.06388888888888888
2 0.5962962962962963 0.6453703703703704 0.062037037037037036 0.06759259259259259
2 0.6425925925925926 0.737037037037037 0.06388888888888888 0.06851851851851852
2 0.5935185185185186 0.812037037037037 0.062037037037037036 0.062037037037037036
2 0.5166666666666667 0.7685185185185185 0.06111111111111111 0.06111111111111111
2 0.4546296296296296 0.7296296296296296 0.05925925925925926 0.058333333333333334
2 0.41203703703703703 0.7722222222222223 0.06018518518518518 0.06111111111111111
2 0.3296296296296296 0.8490740740740741 0.05925925925925926 0.06574074074074074
0 0.40555555555555556 0.8574074074074074 0.05740740740740741 0.05648148148148148
0 0.4462962962962963 0.6370370370370371 0.06111111111111111 0.06481481481481481
1 0.4759259259259259 0.575925925925926 0.06759259259259259 0.06944444444444445
1 0.6953703703703704 0.8287037037037037 0.07222222222222222 0.07222222222222222
1 0.5333333333333333 0.8805555555555555 0.07222222222222222 0.07222222222222222
1 0.7185185185185186 0.6564814814814814 0.07592592592592592 0.07314814814814814