2 0.2796296296296296 0.2972222222222222 0.1361111111111111 0.13148148148148148
2 0.4888888888888889 0.3453703703703704 0.11944444444444445 0.125
3 0.6981481481481482 0.41203703703703703 0.14166666666666666 0.14166666666666666
2 0.3907407407407407 0.38333333333333336 0.12685185185185185 0.12685185185185185
2 0.5925925925925926 0.4527777777777778 0.11296296296296296 0.1175925925925926
2 0.27685185185185185 0.4074074074074074 0.13148148148148148 0.13148148148148148
3 0.47962962962962963 0.4666666666666667 0.14814814814814814 0.14814814814814814
2 0.7185185185185186 0.5277777777777778 0.10740740740740741 0.11296296296296296
3 0.3574074074074074 0.5074074074074074 0.1537037037037037 0.1537037037037037
3 0.5527777777777778 0.5768518518518518 0.14351851851851852 0.14629629629629629
3 0.6638888888888889 0.6222222222222222 0.13425925925925927 0.14629629629629629
2 0.262037037037037 0.5898148148148148 0.13148148148148148 0.13148148148148148
2 0.44722222222222224 0.6259259259259259 0.11944444444444445 0.125
3 0.5564814814814815 0.7101851851851851 0.14351851851851852 0.15092592592592594
3 0.3592592592592593 0.7148148148148148 0.15833333333333333 0.16574074074074074
3 0.6 0.3351851851851852 0.1388888888888889 0.15555555555555556