2 0.6240740740740741 0.7416666666666667 0.175 0.17222222222222222
2 0.6324074074074074 0.5916666666666667 0.17222222222222222 0.1675925925925926
1 0.6324074074074074 0.43425925925925923 0.19907407407407407 0.19166666666666668
1 0.5925925925925926 0.25833333333333336 0.22037037037037038 0.2037037037037037
2 0.5111111111111111 0.8416666666666667 0.1675925925925926 0.175
1 0.475 0.6787037037037037 0.19907407407407407 0.19166666666666668
2 0.4962962962962963 0.5212962962962963 0.1675925925925926 0.1675925925925926
1 0.35555555555555557 0.7972222222222223 0.18981481481481483 0.18981481481481483
1 0.37962962962962965 0.4074074074074074 0.19444444444444445 0.18981481481481483
1 0.34814814814814815 0.5731481481481482 0.19907407407407407 0.1962962962962963
2 0.38425925925925924 0.2222222222222222 0.18981481481481483 0.18981481481481483
2 0.22870370370370371 0.6842592592592592 0.17222222222222222 0.175
1 0.22592592592592592 0.3074074074074074 0.19907407407407407 0.1962962962962963
2 0.19444444444444445 0.49444444444444446 0.1824074074074074 0.175
2 0.7731481481481481 0.5296296296296297 0.18703703703703703 0.17777777777777778
1 0.7861111111111111 0.3388888888888889 0.20185185185185187 0.21388888888888888