3 0.31296296296296294 0.22870370370370371 0.19907407407407407 0.2037037037037037
3 0.33425925925925926 0.4324074074074074 0.20185185185185187 0.20185185185185187
2 0.4083333333333333 0.8240740740740741 0.16574074074074074 0.16018518518518518
2 0.3990740740740741 0.6370370370370371 0.15833333333333333 0.15833333333333333
3 0.5092592592592593 0.21296296296296297 0.2064814814814815 0.2111111111111111
3 0.5370370370370371 0.42407407407407405 0.20185185185185187 0.2064814814814815
2 0.5694444444444444 0.625 0.16018518518518518 0.16018518518518518
2 0.600925925925926 0.8064814814814815 0.16018518518518518 0.16296296296296298
3 0.7379629629629629 0.39166666666666666 0.2064814814814815 0.2111111111111111
2 0.762962962962963 0.5935185185185186 0.16018518518518518 0.16018518518518518
3 0.7231481481481481 0.1824074074074074 0.19907407407407407 0.1962962962962963
2 0.7944444444444444 0.7972222222222223 0.16018518518518518 0.16574074074074074
3 0.12777777777777777 0.27037037037037037 0.18981481481481483 0.19444444444444445
3 0.15462962962962962 0.4564814814814815 0.19444444444444445 0.19444444444444445
2 0.20277777777777778 0.6722222222222223 0.15092592592592594 0.15555555555555556
2 0.23055555555555557 0.8416666666666667 0.15833333333333333 0.16574074074074074