2 0.5805555555555556 0.20277777777777778 0.16018518518518518 0.16018518518518518
2 0.612037037037037 0.5203703703703704 0.1537037037037037 0.15833333333333333
2 0.6462962962962963 0.8296296296296296 0.15555555555555556 0.16296296296296298
1 0.5731481481481482 0.35833333333333334 0.16574074074074074 0.17037037037037037
2 0.5768518518518518 0.7111111111111111 0.15092592592592594 0.15833333333333333
1 0.44814814814814813 0.11574074074074074 0.17962962962962964 0.17777777777777778
2 0.46111111111111114 0.26666666666666666 0.15555555555555556 0.15555555555555556
1 0.49166666666666664 0.5925925925925926 0.175 0.175
1 0.5083333333333333 0.9037037037037037 0.16018518518518518 0.16944444444444445
1 0.4462962962962963 0.4351851851851852 0.1824074074074074 0.17962962962962964
2 0.44351851851851853 0.7666666666666667 0.16574074074074074 0.17037037037037037
1 0.32592592592592595 0.3277777777777778 0.18981481481481483 0.17777777777777778
2 0.3435185185185185 0.5333333333333333 0.16296296296296298 0.16574074074074074
1 0.24537037037037038 0.16666666666666666 0.18981481481481483 0.18703703703703703
1 0.3111111111111111 0.6953703703703704 0.17685185185185184 0.17407407407407408
2 0.3296296296296296 0.8824074074074074 0.17037037037037037 0.1675925925925926
1 0.19444444444444445 0.4324074074074074 0.1962962962962963 0.18703703703703703
2 0.19907407407407407 0.5935185185185186 0.175 0.16018518518518518
2 0.13425925925925927 0.2861111111111111 0.17962962962962964 0.17777777777777778
1 0.8379629629629629 0.4 0.15555555555555556 0.1675925925925926
2 0.8629629629629629 0.6333333333333333 0.14351851851851852 0.1537037037037037
1 0.7731481481481481 0.5314814814814814 0.16018518518518518 0.17037037037037037
1 0.7796296296296297 0.7898148148148149 0.16018518518518518 0.17222222222222222
2 0.6944444444444444 0.26944444444444443 0.15092592592592594 0.15833333333333333
2 0.700925925925926 0.40370370370370373 0.14814814814814814 0.15092592592592594
1 0.6990740740740741 0.6611111111111111 0.16574074074074074 0.175