2 0.600925925925926 0.5324074074074074 0.16296296296296298 0.15833333333333333
1 0.5509259259259259 0.687037037037037 0.18981481481481483 0.18981481481481483
2 0.5509259259259259 0.38055555555555554 0.16296296296296298 0.16296296296296298
1 0.44074074074074077 0.8231481481481482 0.18981481481481483 0.19907407407407407
1 0.44074074074074077 0.5574074074074075 0.18981481481481483 0.17962962962962964
2 0.4 0.39814814814814814 0.1675925925925926 0.16296296296296298
1 0.3194444444444444 0.6768518518518518 0.18981481481481483 0.18981481481481483
2 0.27037037037037037 0.8342592592592593 0.16296296296296298 0.16296296296296298
2 0.30277777777777776 0.2833333333333333 0.15833333333333333 0.16296296296296298
1 0.2740740740740741 0.5148148148148148 0.18425925925925926 0.18425925925925926
2 0.1648148148148148 0.637962962962963 0.15833333333333333 0.15833333333333333
1 0.17592592592592593 0.37592592592592594 0.18425925925925926 0.18703703703703703
2 0.11666666666666667 0.7870370370370371 0.1675925925925926 0.16296296296296298
1 0.08055555555555556 0.5120370370370371 0.16018518518518518 0.1824074074074074
2 0.7138888888888889 0.6407407407407407 0.16296296296296298 0.16296296296296298
1 0.7111111111111111 0.41388888888888886 0.18981481481481483 0.17962962962962964