3 0.32407407407407407 0.6018518518518519 0.175 0.175
3 0.35555555555555557 0.43425925925925923 0.16018518518518518 0.175
2 0.41388888888888886 0.7416666666666667 0.1361111111111111 0.14351851851851852
2 0.42777777777777776 0.225 0.1361111111111111 0.14166666666666666
2 0.47314814814814815 0.6138888888888889 0.14166666666666666 0.14814814814814814
3 0.5037037037037037 0.35 0.175 0.17037037037037037
2 0.5694444444444444 0.7138888888888889 0.1361111111111111 0.1537037037037037
3 0.5768518518518518 0.5037037037037037 0.175 0.17962962962962964
2 0.6620370370370371 0.32685185185185184 0.14814814814814814 0.14166666666666666
2 0.687037037037037 0.8064814814814815 0.14629629629629629 0.14814814814814814
3 0.7092592592592593 0.6324074074074074 0.18981481481481483 0.19444444444444445
3 0.775 0.4425925925925926 0.19166666666666668 0.18981481481481483
2 0.18703703703703703 0.5407407407407407 0.12685185185185185 0.1361111111111111
3 0.20092592592592592 0.39444444444444443 0.16574074074074074 0.16296296296296298
3 0.2611111111111111 0.7620370370370371 0.16574074074074074 0.18425925925925926
2 0.29907407407407405 0.26666666666666666 0.12685185185185185 0.13148148148148148