2 0.40370370370370373 0.7898148148148149 0.1537037037037037 0.1675925925925926
1 0.38981481481481484 0.4287037037037037 0.18425925925925926 0.18425925925925926
2 0.41203703703703703 0.16574074074074074 0.15833333333333333 0.16296296296296298
2 0.4111111111111111 0.04537037037037037 0.15092592592592594 0.09074074074074075
2 0.4722222222222222 0.6564814814814814 0.16296296296296298 0.1675925925925926
1 0.5333333333333333 0.5074074074074074 0.18425925925925926 0.18703703703703703
2 0.5601851851851852 0.8018518518518518 0.17222222222222222 0.17962962962962964
2 0.5314814814814814 0.34814814814814815 0.16018518518518518 0.17222222222222222
1 0.5675925925925925 0.18518518518518517 0.18425925925925926 0.18425925925925926
1 0.5685185185185185 0.05555555555555555 0.18425925925925926 0.11018518518518519
1 0.6361111111111111 0.649074074074074 0.18425925925925926 0.19444444444444445
1 0.6925925925925925 0.43148148148148147 0.18981481481481483 0.19444444444444445
2 0.7046296296296296 0.26296296296296295 0.17222222222222222 0.17962962962962964
1 0.7935185185185185 0.7453703703703703 0.1962962962962963 0.2037037037037037
2 0.7898148148148149 0.5740740740740741 0.17962962962962964 0.17222222222222222
1 0.7648148148148148 0.08888888888888889 0.20185185185185187 0.17777777777777778
1 0.8787037037037037 0.2935185185185185 0.2111111111111111 0.20185185185185187
2 0.9231481481481482 0.6481481481481481 0.1537037037037037 0.17037037037037037
1 0.9148148148148149 0.47314814814814815 0.17037037037037037 0.19166666666666668
1 0.15648148148148147 0.6083333333333333 0.17037037037037037 0.17222222222222222
2 0.17777777777777778 0.3138888888888889 0.14351851851851852 0.15833333333333333
1 0.2222222222222222 0.4583333333333333 0.17037037037037037 0.17777777777777778
2 0.26481481481481484 0.7222222222222222 0.14351851851851852 0.16018518518518518
2 0.27037037037037037 0.15462962962962962 0.15092592592592594 0.15833333333333333
1 0.3333333333333333 0.5833333333333334 0.17962962962962964 0.17962962962962964
2 0.3212962962962963 0.2898148148148148 0.1537037037037037 0.15833333333333333