2 0.7231481481481481 0.8074074074074075 0.125 0.13148148148148148
2 0.7064814814814815 0.575925925925926 0.1175925925925926 0.11296296296296296
3 0.6703703703703704 0.3388888888888889 0.1361111111111111 0.13425925925925927
2 0.65 0.674074074074074 0.1175925925925926 0.1175925925925926
2 0.6101851851851852 0.4462962962962963 0.11296296296296296 0.10555555555555556
2 0.6046296296296296 0.7935185185185185 0.125 0.125
3 0.575925925925926 0.5648148148148148 0.1388888888888889 0.1388888888888889
2 0.5509259259259259 0.29814814814814816 0.10555555555555556 0.10092592592592593
3 0.5111111111111111 0.6907407407407408 0.14351851851851852 0.14351851851851852
3 0.4703703703703704 0.4685185185185185 0.1388888888888889 0.1361111111111111
3 0.4388888888888889 0.3416666666666667 0.1388888888888889 0.125
2 0.4064814814814815 0.7777777777777778 0.125 0.12685185185185185
2 0.39814814814814814 0.5722222222222222 0.1175925925925926 0.11296296296296296
3 0.3277777777777778 0.44074074074074077 0.14351851851851852 0.13425925925925927
3 0.28888888888888886 0.6518518518518519 0.15833333333333333 0.14814814814814814
3 0.737037037037037 0.4583333333333333 0.14814814814814814 0.13148148148148148