3 0.3398148148148148 0.4638888888888889 0.19444444444444445 0.17777777777777778
2 0.3537037037037037 0.7583333333333333 0.1537037037037037 0.14629629629629629
2 0.387037037037037 0.6175925925925926 0.1537037037037037 0.1388888888888889
3 0.4287037037037037 0.3074074074074074 0.18425925925925926 0.1824074074074074
3 0.5092592592592593 0.7203703703703703 0.18703703703703703 0.18981481481481483
2 0.5148148148148148 0.1638888888888889 0.1537037037037037 0.14814814814814814
2 0.5333333333333333 0.5555555555555556 0.15833333333333333 0.14351851851851852
2 0.5574074074074075 0.4148148148148148 0.15833333333333333 0.14629629629629629
2 0.6055555555555555 0.2675925925925926 0.14351851851851852 0.15092592592592594
3 0.6990740740740741 0.7388888888888889 0.1962962962962963 0.19444444444444445
3 0.6990740740740741 0.5555555555555556 0.20185185185185187 0.18703703703703703
3 0.7407407407407407 0.37037037037037035 0.1962962962962963 0.1962962962962963
3 0.14629629629629629 0.45925925925925926 0.18703703703703703 0.17777777777777778
3 0.23055555555555557 0.6203703703703703 0.18703703703703703 0.18703703703703703
2 0.24722222222222223 0.3314814814814815 0.14814814814814814 0.1537037037037037
2 0.30648148148148147 0.20277777777777778 0.14629629629629629 0.14166666666666666