3 0.5194444444444445 0.33796296296296297 0.18518518518518517 0.17685185185185184
3 0.7342592592592593 0.36666666666666664 0.1925925925925926 0.17592592592592593
2 0.3074074074074074 0.3592592592592593 0.14722222222222223 0.14537037037037037
2 0.1388888888888889 0.3435185185185185 0.14722222222222223 0.1425925925925926
3 0.7333333333333333 0.5444444444444444 0.2 0.18981481481481483
3 0.49444444444444446 0.5231481481481481 0.18796296296296297 0.18611111111111112
2 0.10092592592592593 0.5092592592592593 0.1537037037037037 0.15185185185185185
2 0.28425925925925927 0.5416666666666666 0.15462962962962962 0.15185185185185185
2 0.25 0.7092592592592593 0.16666666666666666 0.1685185185185185
2 0.07777777777777778 0.6935185185185185 0.15555555555555556 0.16111111111111112
3 0.7388888888888889 0.7916666666666666 0.22314814814814815 0.22777777777777777
3 0.4444444444444444 0.7648148148148148 0.2 0.21203703703703702
3 0.7546296296296297 0.1824074074074074 0.18333333333333332 0.1712962962962963
3 0.5509259259259259 0.1648148148148148 0.18333333333333332 0.16666666666666666
2 0.1712962962962963 0.18703703703703703 0.14722222222222223 0.1398148148148148
2 0.3351851851851852 0.21388888888888888 0.14722222222222223 0.13796296296296295