2 0.7712962962962963 0.5935185185185186 0.17037037037037037 0.17777777777777778
2 0.5611111111111111 0.5842592592592593 0.175 0.175
2 0.37962962962962965 0.5814814814814815 0.18425925925925926 0.18425925925925926
2 0.18055555555555555 0.5731481481481482 0.18703703703703703 0.18703703703703703
3 0.8537037037037037 0.35 0.21388888888888888 0.2111111111111111
3 0.6407407407407407 0.3453703703703704 0.21574074074074073 0.23055555555555557
3 0.3712962962962963 0.3472222222222222 0.23055555555555557 0.22592592592592592
3 0.14907407407407408 0.34629629629629627 0.23981481481481481 0.23796296296296296
3 0.8638888888888889 0.11018518518518519 0.2064814814814815 0.2111111111111111
3 0.6638888888888889 0.12222222222222222 0.20833333333333334 0.21574074074074073
3 0.39537037037037037 0.12407407407407407 0.21666666666666667 0.21203703703703702
3 0.13333333333333333 0.1259259259259259 0.23796296296296296 0.21574074074074073
2 0.1814814814814815 0.8231481481481482 0.19907407407407407 0.19166666666666668
2 0.7833333333333333 0.7703703703703704 0.17962962962962964 0.175
2 0.5916666666666667 0.7796296296296297 0.17037037037037037 0.17777777777777778
2 0.39444444444444443 0.7907407407407407 0.18425925925925926 0.1824074074074074