2 0.38425925925925924 0.1814814814814815 0.1537037037037037 0.1537037037037037
2 0.38055555555555554 0.5148148148148148 0.14629629629629629 0.1537037037037037
2 0.37222222222222223 0.8361111111111111 0.14814814814814814 0.16018518518518518
1 0.4074074074074074 0.3425925925925926 0.16018518518518518 0.16574074074074074
2 0.4361111111111111 0.7064814814814815 0.14351851851851852 0.1537037037037037
1 0.5157407407407407 0.08333333333333333 0.175 0.16574074074074074
2 0.5157407407407407 0.2351851851851852 0.15092592592592594 0.14814814814814814
1 0.5148148148148148 0.5768518518518518 0.17037037037037037 0.17037037037037037
1 0.5148148148148148 0.9046296296296297 0.17777777777777778 0.18703703703703703
1 0.5453703703703704 0.4101851851851852 0.175 0.17222222222222222
2 0.5777777777777777 0.7537037037037037 0.16018518518518518 0.16574074074074074
1 0.6611111111111111 0.28703703703703703 0.18425925925925926 0.17222222222222222
2 0.6611111111111111 0.5037037037037037 0.15555555555555556 0.16018518518518518
1 0.7296296296296296 0.11296296296296296 0.18425925925925926 0.1824074074074074
1 0.7064814814814815 0.6703703703703704 0.20185185185185187 0.1824074074074074
2 0.7064814814814815 0.862037037037037 0.16574074074074074 0.16018518518518518
1 0.8055555555555556 0.38333333333333336 0.19166666666666668 0.1824074074074074
2 0.8148148148148148 0.5527777777777778 0.17037037037037037 0.1537037037037037
2 0.8546296296296296 0.22592592592592592 0.175 0.17222222222222222
1 0.13703703703703704 0.4101851851851852 0.14814814814814814 0.16574074074074074
2 0.13055555555555556 0.6537037037037037 0.1388888888888889 0.14814814814814814
1 0.21666666666666667 0.5388888888888889 0.1537037037037037 0.16574074074074074
1 0.2324074074074074 0.8074074074074075 0.1537037037037037 0.16574074074074074
2 0.2740740740740741 0.25925925925925924 0.14351851851851852 0.1537037037037037
2 0.27870370370370373 0.4 0.14351851851851852 0.14629629629629629
1 0.30277777777777776 0.6685185185185185 0.16018518518518518 0.17037037037037037