2 0.4398148148148148 0.4305555555555556 0.14629629629629629 0.14166666666666666
2 0.45092592592592595 0.2537037037037037 0.14166666666666666 0.14166666666666666
2 0.4398148148148148 0.6083333333333333 0.15555555555555556 0.14629629629629629
2 0.44074074074074077 0.8101851851851852 0.14629629629629629 0.14629629629629629
1 0.6537037037037037 0.26296296296296295 0.15555555555555556 0.15555555555555556
1 0.6462962962962963 0.4425925925925926 0.15555555555555556 0.15555555555555556
1 0.6407407407407407 0.6333333333333333 0.15555555555555556 0.16018518518518518
1 0.6333333333333333 0.8462962962962963 0.16018518518518518 0.16018518518518518
1 0.8388888888888889 0.2814814814814815 0.15092592592592594 0.14629629629629629
1 0.825925925925926 0.8694444444444445 0.16574074074074074 0.16018518518518518
1 0.8425925925925926 0.6407407407407407 0.16018518518518518 0.17037037037037037
1 0.8583333333333333 0.4361111111111111 0.16018518518518518 0.16018518518518518
2 0.23055555555555557 0.6194444444444445 0.14629629629629629 0.14629629629629629
2 0.25277777777777777 0.23796296296296296 0.15092592592592594 0.14166666666666666
2 0.22962962962962963 0.8305555555555556 0.15092592592592594 0.14629629629629629
2 0.26481481481481484 0.44351851851851853 0.15092592592592594 0.14166666666666666