2 0.6240740740740741 0.575925925925926 0.175 0.17037037037037037
2 0.6546296296296297 0.7731481481481481 0.17037037037037037 0.17037037037037037
2 0.5814814814814815 0.38055555555555554 0.18703703703703703 0.17777777777777778
2 0.5361111111111111 0.15833333333333333 0.175 0.175
1 0.42777777777777776 0.8074074074074075 0.18981481481481483 0.18981481481481483
1 0.39444444444444443 0.6101851851851852 0.18981481481481483 0.19166666666666668
1 0.35833333333333334 0.3990740740740741 0.18981481481481483 0.19444444444444445
1 0.31574074074074077 0.16574074074074074 0.19444444444444445 0.19444444444444445
1 0.2222222222222222 0.8314814814814815 0.17962962962962964 0.17777777777777778
1 0.10092592592592593 0.1824074074074074 0.20185185185185187 0.1962962962962963
1 0.13240740740740742 0.43703703703703706 0.1962962962962963 0.2064814814814815
1 0.16203703703703703 0.6685185185185185 0.19444444444444445 0.19444444444444445
2 0.8092592592592592 0.3194444444444444 0.17962962962962964 0.17777777777777778
2 0.8740740740740741 0.7425925925925926 0.17962962962962964 0.17222222222222222
2 0.7611111111111111 0.08981481481481482 0.18425925925925926 0.17777777777777778
2 0.8148148148148148 0.5194444444444445 0.18425925925925926 0.17222222222222222