1 0.6 0.5972222222222222 0.1388888888888889 0.1361111111111111
1 0.5675925925925925 0.7935185185185185 0.14351851851851852 0.14166666666666666
1 0.600925925925926 0.39444444444444443 0.14351851851851852 0.14166666666666666
1 0.6138888888888889 0.25462962962962965 0.14166666666666666 0.14166666666666666
2 0.3962962962962963 0.7796296296296297 0.12962962962962962 0.125
2 0.4361111111111111 0.2675925925925926 0.12685185185185185 0.125
2 0.4064814814814815 0.5879629629629629 0.12962962962962962 0.125
2 0.4083333333333333 0.4388888888888889 0.12685185185185185 0.125
2 0.27037037037037037 0.5564814814814815 0.12962962962962962 0.125
2 0.2972222222222222 0.2537037037037037 0.125 0.125
2 0.2675925925925926 0.40370370370370373 0.125 0.11944444444444445
2 0.23055555555555557 0.7537037037037037 0.12962962962962962 0.125
1 0.7453703703703703 0.7861111111111111 0.14351851851851852 0.14166666666666666
1 0.7342592592592593 0.5962962962962963 0.1361111111111111 0.1388888888888889
1 0.7509259259259259 0.2814814814814815 0.1388888888888889 0.1361111111111111
1 0.7388888888888889 0.41388888888888886 0.14166666666666666 0.14166666666666666