2 0.32407407407407407 0.24259259259259258 0.16018518518518518 0.16018518518518518
2 0.3333333333333333 0.600925925925926 0.15092592592592594 0.16018518518518518
2 0.33611111111111114 0.9314814814814815 0.15555555555555556 0.13425925925925927
1 0.3537037037037037 0.41574074074074074 0.16574074074074074 0.17037037037037037
2 0.3990740740740741 0.8074074074074075 0.15092592592592594 0.16018518518518518
1 0.46296296296296297 0.12777777777777777 0.1824074074074074 0.175
2 0.4703703703703704 0.29814814814814816 0.15833333333333333 0.15555555555555556
1 0.48055555555555557 0.6638888888888889 0.175 0.175
1 0.49074074074074076 0.9592592592592593 0.1824074074074074 0.08148148148148149
1 0.5055555555555555 0.4824074074074074 0.1824074074074074 0.17962962962962964
2 0.5564814814814815 0.850925925925926 0.16574074074074074 0.17037037037037037
1 0.6287037037037037 0.34629629629629627 0.19444444444444445 0.175
2 0.6370370370370371 0.5796296296296296 0.16296296296296298 0.16574074074074074
1 0.6935185185185185 0.15648148148148147 0.18981481481481483 0.18981481481481483
1 0.6888888888888889 0.7574074074074074 0.20833333333333334 0.18981481481481483
2 0.6962962962962963 0.9398148148148148 0.17037037037037037 0.11944444444444445
1 0.7851851851851852 0.4444444444444444 0.19907407407407407 0.18981481481481483
2 0.8037037037037037 0.625 0.175 0.16018518518518518
2 0.8314814814814815 0.2740740740740741 0.1824074074074074 0.175
1 0.0712962962962963 0.49907407407407406 0.14166666666666666 0.17037037037037037
2 0.07222222222222222 0.7611111111111111 0.14351851851851852 0.15555555555555556
1 0.15833333333333333 0.6333333333333333 0.16018518518518518 0.17222222222222222
1 0.18611111111111112 0.9157407407407407 0.16018518518518518 0.15833333333333333
2 0.2064814814814815 0.3314814814814815 0.15092592592592594 0.16018518518518518
2 0.2212962962962963 0.48333333333333334 0.15092592592592594 0.15092592592592594
1 0.25462962962962965 0.7675925925925926 0.16574074074074074 0.175