2 0.5981481481481481 0.4787037037037037 0.17777777777777778 0.17037037037037037
2 0.6138888888888889 0.25462962962962965 0.175 0.175
2 0.5842592592592593 0.6611111111111111 0.16296296296296298 0.15833333333333333
2 0.5675925925925925 0.8629629629629629 0.1675925925925926 0.1537037037037037
1 0.4305555555555556 0.22592592592592592 0.17962962962962964 0.18425925925925926
1 0.3925925925925926 0.4398148148148148 0.18981481481481483 0.175
1 0.37037037037037035 0.649074074074074 0.18425925925925926 0.175
1 0.3388888888888889 0.8361111111111111 0.18425925925925926 0.175
1 0.21851851851851853 0.2212962962962963 0.18981481481481483 0.18981481481481483
1 0.1685185185185185 0.625 0.19907407407407407 0.175
1 0.17777777777777778 0.4351851851851852 0.19444444444444445 0.175
1 0.13240740740740742 0.8185185185185185 0.1824074074074074 0.17222222222222222
2 0.8296296296296296 0.2611111111111111 0.17037037037037037 0.16574074074074074
2 0.7981481481481482 0.48703703703703705 0.17222222222222222 0.16018518518518518
2 0.7657407407407407 0.6694444444444444 0.1675925925925926 0.15833333333333333
2 0.7453703703703703 0.8805555555555555 0.1675925925925926 0.15833333333333333