2 0.7018518518518518 0.7870370370370371 0.14351851851851852 0.15092592592592594
1 0.6564814814814814 0.4685185185185185 0.1675925925925926 0.1675925925925926
2 0.5972222222222222 0.24259259259259258 0.14814814814814814 0.1537037037037037
2 0.5768518518518518 0.10462962962962963 0.14351851851851852 0.15092592592592594
2 0.6175925925925926 0.6814814814814815 0.1537037037037037 0.1537037037037037
1 0.5435185185185185 0.5592592592592592 0.1675925925925926 0.17037037037037037
2 0.5638888888888889 0.8222222222222222 0.15833333333333333 0.16296296296296298
2 0.5194444444444445 0.41944444444444445 0.14814814814814814 0.16018518518518518
1 0.4648148148148148 0.2851851851851852 0.1675925925925926 0.1675925925925926
1 0.4388888888888889 0.13055555555555556 0.175 0.17962962962962964
1 0.4759259259259259 0.7018518518518518 0.17037037037037037 0.17777777777777778
1 0.38981481481481484 0.5194444444444445 0.175 0.17962962962962964
2 0.35462962962962963 0.37407407407407406 0.15833333333333333 0.16296296296296298
1 0.3537037037037037 0.8101851851851852 0.17962962962962964 0.18703703703703703
2 0.33055555555555555 0.6564814814814814 0.16296296296296298 0.15833333333333333
1 0.27685185185185185 0.2222222222222222 0.18425925925925926 0.17962962962962964
1 0.20833333333333334 0.42314814814814816 0.19444444444444445 0.18425925925925926
2 0.2064814814814815 0.7472222222222222 0.17222222222222222 0.16018518518518518
1 0.1824074074074074 0.5888888888888889 0.19444444444444445 0.17777777777777778
1 0.8898148148148148 0.5925925925925926 0.1537037037037037 0.16018518518518518
2 0.8231481481481482 0.33611111111111114 0.13425925925925927 0.14629629629629629
1 0.8064814814814815 0.4703703703703704 0.1537037037037037 0.16296296296296298
2 0.8138888888888889 0.7092592592592593 0.13425925925925927 0.14629629629629629
2 0.7175925925925926 0.20925925925925926 0.14166666666666666 0.14629629629629629
1 0.7287037037037037 0.5972222222222222 0.16296296296296298 0.16574074074074074
2 0.6944444444444444 0.33796296296296297 0.14351851851851852 0.14629629629629629