2 0.487962962962963 0.2490740740740741 0.14629629629629629 0.11018518518518519
2 0.275 0.31851851851851853 0.15092592592592594 0.11296296296296296
1 0.6074074074074074 0.33425925925925926 0.18703703703703703 0.15092592592592594
1 0.42314814814814816 0.3574074074074074 0.19444444444444445 0.14166666666666666
2 0.8009259259259259 0.36018518518518516 0.16018518518518518 0.11296296296296296
2 0.12962962962962962 0.45092592592592595 0.15833333333333333 0.12222222222222222
1 0.2916666666666667 0.45555555555555555 0.18981481481481483 0.14629629629629629
1 0.6583333333333333 0.46111111111111114 0.19166666666666668 0.14629629629629629
2 0.8638888888888889 0.4601851851851852 0.15555555555555556 0.11296296296296296
2 0.4925925925925926 0.4666666666666667 0.15555555555555556 0.11296296296296296
2 0.7777777777777778 0.5537037037037037 0.17037037037037037 0.125
1 0.3907407407407407 0.5722222222222222 0.2037037037037037 0.15092592592592594
1 0.19074074074074074 0.5777777777777777 0.19907407407407407 0.14814814814814814
1 0.5879629629629629 0.5888888888888889 0.19444444444444445 0.14814814814814814
1 0.4722222222222222 0.7092592592592593 0.2037037037037037 0.15555555555555556
2 0.6574074074074074 0.7148148148148148 0.16574074074074074 0.12962962962962962