3 0.6166666666666667 0.3277777777777778 0.2064814814814815 0.20185185185185187
2 0.32407407407407407 0.32222222222222224 0.16296296296296298 0.16296296296296298
2 0.13240740740740742 0.3175925925925926 0.175 0.17222222222222222
3 0.8111111111111111 0.5351851851851852 0.2064814814814815 0.2064814814814815
3 0.5796296296296296 0.5148148148148148 0.2064814814814815 0.2064814814814815
2 0.3212962962962963 0.5157407407407407 0.17777777777777778 0.17222222222222222
2 0.11574074074074074 0.5314814814814814 0.18425925925925926 0.17222222222222222
3 0.8018518518518518 0.7583333333333333 0.2111111111111111 0.2111111111111111
3 0.5740740740740741 0.7351851851851852 0.21851851851851853 0.22592592592592592
2 0.32222222222222224 0.7592592592592593 0.17222222222222222 0.17962962962962964
2 0.10185185185185185 0.7509259259259259 0.1824074074074074 0.18703703703703703
3 0.8333333333333334 0.1527777777777778 0.19907407407407407 0.18981481481481483
3 0.6212962962962963 0.13425925925925927 0.19166666666666668 0.18981481481481483
2 0.13796296296296295 0.12129629629629629 0.17037037037037037 0.16574074074074074
2 0.3472222222222222 0.15 0.15833333333333333 0.15833333333333333
3 0.8138888888888889 0.3333333333333333 0.2037037037037037 0.1962962962962963