3 0.39814814814814814 0.32407407407407407 0.175 0.175
3 0.5657407407407408 0.35555555555555557 0.175 0.16018518518518518
2 0.25833333333333336 0.41388888888888886 0.14351851851851852 0.1361111111111111
2 0.775 0.42777777777777776 0.14166666666666666 0.1361111111111111
2 0.3861111111111111 0.47314814814814815 0.14814814814814814 0.14166666666666666
3 0.65 0.5037037037037037 0.17037037037037037 0.175
2 0.2861111111111111 0.5694444444444444 0.1537037037037037 0.1361111111111111
3 0.4962962962962963 0.5768518518518518 0.17962962962962964 0.175
2 0.6731481481481482 0.6620370370370371 0.14166666666666666 0.14814814814814814
2 0.1935185185185185 0.687037037037037 0.14814814814814814 0.14629629629629629
3 0.3675925925925926 0.7092592592592593 0.19444444444444445 0.18981481481481483
3 0.5574074074074075 0.775 0.18981481481481483 0.19166666666666668
2 0.45925925925925926 0.18703703703703703 0.1361111111111111 0.12685185185185185
3 0.6055555555555555 0.20092592592592592 0.16296296296296298 0.16574074074074074
3 0.23796296296296296 0.2611111111111111 0.18425925925925926 0.16574074074074074
2 0.7333333333333333 0.29907407407407405 0.13148148148148148 0.12685185185185185