3 0.7777777777777778 0.29444444444444445 0.21574074074074073 0.22314814814814815
3 0.5527777777777778 0.32685185185185184 0.21851851851851853 0.21851851851851853
2 0.1175925925925926 0.4148148148148148 0.17777777777777778 0.1824074074074074
2 0.3296296296296296 0.40370370370370373 0.1824074074074074 0.17777777777777778
3 0.7972222222222223 0.5083333333333333 0.22037037037037038 0.22592592592592592
3 0.5712962962962963 0.5416666666666666 0.22592592592592592 0.22777777777777777
2 0.3425925925925926 0.5925925925925926 0.18425925925925926 0.1824074074074074
2 0.14166666666666666 0.6370370370370371 0.19166666666666668 0.19166666666666668
3 0.8351851851851851 0.7453703703703703 0.22037037037037038 0.23055555555555557
3 0.6129629629629629 0.7731481481481481 0.22037037037037038 0.2324074074074074
2 0.38981481481481484 0.8064814814814815 0.18703703703703703 0.1824074074074074
2 0.16666666666666666 0.8453703703703703 0.19444444444444445 0.19166666666666668
3 0.7333333333333333 0.09537037037037037 0.2111111111111111 0.18981481481481483
3 0.5268518518518519 0.11944444444444445 0.21388888888888888 0.21851851851851853
2 0.2861111111111111 0.18425925925925926 0.17777777777777778 0.17777777777777778
2 0.09814814814814815 0.22314814814814815 0.1824074074074074 0.17777777777777778