2 0.42407407407407405 0.6240740740740741 0.17037037037037037 0.175
2 0.22685185185185186 0.6546296296296297 0.17037037037037037 0.17037037037037037
2 0.6194444444444445 0.5814814814814815 0.17777777777777778 0.18703703703703703
2 0.8416666666666667 0.5361111111111111 0.175 0.175
1 0.1925925925925926 0.42777777777777776 0.18981481481481483 0.18981481481481483
1 0.38981481481481484 0.39444444444444443 0.19166666666666668 0.18981481481481483
1 0.600925925925926 0.35833333333333334 0.19444444444444445 0.18981481481481483
1 0.8342592592592593 0.31574074074074077 0.19444444444444445 0.19444444444444445
1 0.1685185185185185 0.2222222222222222 0.17777777777777778 0.17962962962962964
1 0.8175925925925925 0.10092592592592593 0.1962962962962963 0.20185185185185187
1 0.562962962962963 0.13240740740740742 0.2064814814814815 0.1962962962962963
1 0.3314814814814815 0.16203703703703703 0.19444444444444445 0.19444444444444445
2 0.6805555555555556 0.8092592592592592 0.17777777777777778 0.17962962962962964
2 0.2574074074074074 0.8740740740740741 0.17222222222222222 0.17962962962962964
2 0.9101851851851852 0.7611111111111111 0.17777777777777778 0.18425925925925926
2 0.48055555555555557 0.8148148148148148 0.17222222222222222 0.18425925925925926