3 0.6898148148148148 0.39814814814814814 0.21574074074074073 0.2064814814814815
2 0.6259259259259259 0.2111111111111111 0.17962962962962964 0.17962962962962964
2 0.5574074074074075 0.6666666666666666 0.16296296296296298 0.1537037037037037
3 0.5120370370370371 0.8296296296296296 0.2037037037037037 0.1962962962962963
3 0.5388888888888889 0.5046296296296297 0.2037037037037037 0.2111111111111111
3 0.5351851851851852 0.5009259259259259 0.21574074074074073 0.2037037037037037
2 0.5203703703703704 0.32685185185185184 0.175 0.18425925925925926
3 0.3907407407407407 0.649074074074074 0.21574074074074073 0.21574074074074073
2 0.3453703703703704 0.812962962962963 0.17037037037037037 0.16018518518518518
2 0.3638888888888889 0.475 0.17962962962962964 0.17962962962962964
3 0.35185185185185186 0.2935185185185185 0.22592592592592592 0.22037037037037038
3 0.1824074074074074 0.4388888888888889 0.2324074074074074 0.2324074074074074
2 0.8518518518518519 0.6259259259259259 0.14814814814814814 0.1537037037037037
3 0.8657407407407407 0.45925925925925926 0.19166666666666668 0.2111111111111111
2 0.775 0.25 0.16018518518518518 0.16574074074074074
3 0.7018518518518518 0.5916666666666667 0.18981481481481483 0.19444444444444445
2 0.6694444444444444 0.7574074074074074 0.16018518518518518 0.15833333333333333