1 0.7148148148148148 0.3638888888888889 0.18981481481481483 0.18425925925925926
2 0.7083333333333334 0.7953703703703704 0.16574074074074074 0.18425925925925926
2 0.6175925925925926 0.4888888888888889 0.15555555555555556 0.16018518518518518
2 0.5972222222222222 0.24074074074074073 0.15555555555555556 0.15555555555555556
1 0.5592592592592592 0.7101851851851851 0.18981481481481483 0.19444444444444445
1 0.4842592592592593 0.3907407407407407 0.19444444444444445 0.18425925925925926
1 0.47314814814814815 0.8722222222222222 0.18981481481481483 0.19166666666666668
1 0.4666666666666667 0.5601851851851852 0.1962962962962963 0.18981481481481483
2 0.4351851851851852 0.2324074074074074 0.16574074074074074 0.15555555555555556
2 0.387037037037037 0.7138888888888889 0.17037037037037037 0.16574074074074074
1 0.30648148148148147 0.41944444444444445 0.17777777777777778 0.17962962962962964
1 0.27870370370370373 0.5925925925925926 0.18425925925925926 0.17962962962962964
2 0.1361111111111111 0.5074074074074074 0.17037037037037037 0.16574074074074074
1 0.8592592592592593 0.7185185185185186 0.19166666666666668 0.19444444444444445
2 0.8398148148148148 0.4722222222222222 0.16574074074074074 0.16574074074074074
2 0.7351851851851852 0.5898148148148148 0.17037037037037037 0.16574074074074074