2 0.2101851851851852 0.40370370370370373 0.1675925925925926 0.1537037037037037
1 0.5712962962962963 0.38981481481481484 0.18425925925925926 0.18425925925925926
2 0.8342592592592593 0.41203703703703703 0.16296296296296298 0.15833333333333333
2 0.9546296296296296 0.4111111111111111 0.09074074074074075 0.15092592592592594
2 0.3435185185185185 0.4722222222222222 0.1675925925925926 0.16296296296296298
1 0.4925925925925926 0.5333333333333333 0.18703703703703703 0.18425925925925926
2 0.19814814814814816 0.5601851851851852 0.17962962962962964 0.17222222222222222
2 0.6518518518518519 0.5314814814814814 0.17222222222222222 0.16018518518518518
1 0.8148148148148148 0.5675925925925925 0.18425925925925926 0.18425925925925926
1 0.9444444444444444 0.5685185185185185 0.11018518518518519 0.18425925925925926
1 0.3509259259259259 0.6361111111111111 0.19444444444444445 0.18425925925925926
1 0.5685185185185185 0.6925925925925925 0.19444444444444445 0.18981481481481483
2 0.737037037037037 0.7046296296296296 0.17962962962962964 0.17222222222222222
1 0.25462962962962965 0.7935185185185185 0.2037037037037037 0.1962962962962963
2 0.42592592592592593 0.7898148148148149 0.17222222222222222 0.17962962962962964
1 0.9111111111111111 0.7648148148148148 0.17777777777777778 0.20185185185185187
1 0.7064814814814815 0.8787037037037037 0.20185185185185187 0.2111111111111111
2 0.35185185185185186 0.9231481481481482 0.17037037037037037 0.1537037037037037
1 0.5268518518518519 0.9148148148148149 0.19166666666666668 0.17037037037037037
1 0.39166666666666666 0.15648148148148147 0.17222222222222222 0.17037037037037037
2 0.6861111111111111 0.17777777777777778 0.15833333333333333 0.14351851851851852
1 0.5416666666666666 0.2222222222222222 0.17777777777777778 0.17037037037037037
2 0.2777777777777778 0.26481481481481484 0.16018518518518518 0.14351851851851852
2 0.8453703703703703 0.27037037037037037 0.15833333333333333 0.15092592592592594
1 0.4166666666666667 0.3333333333333333 0.17962962962962964 0.17962962962962964
2 0.7101851851851851 0.3212962962962963 0.15833333333333333 0.1537037037037037