3 0.5888888888888889 0.6666666666666666 0.19444444444444445 0.19166666666666668
2 0.2861111111111111 0.6370370370370371 0.15833333333333333 0.15833333333333333
2 0.08888888888888889 0.6175925925925926 0.17037037037037037 0.16296296296296298
3 0.8148148148148148 0.47962962962962963 0.19444444444444445 0.19444444444444445
3 0.5731481481481482 0.47129629629629627 0.19444444444444445 0.1962962962962963
2 0.3074074074074074 0.4361111111111111 0.17037037037037037 0.16296296296296298
2 0.09722222222222222 0.3962962962962963 0.17962962962962964 0.16296296296296298
3 0.8333333333333334 0.2490740740740741 0.19907407407407407 0.19907407407407407
3 0.5962962962962963 0.24444444444444444 0.20833333333333334 0.21574074074074073
2 0.3388888888888889 0.18703703703703703 0.16296296296296298 0.175
2 0.11296296296296296 0.16666666666666666 0.175 0.17962962962962964
3 0.7888888888888889 0.875 0.18981481481481483 0.17962962962962964
3 0.5694444444444444 0.8666666666666667 0.18425925925925926 0.1824074074074074
2 0.07592592592592592 0.8222222222222222 0.15092592592592594 0.15833333333333333
2 0.28888888888888886 0.8157407407407408 0.1537037037037037 0.1537037037037037
3 0.7907407407407407 0.6888888888888889 0.19444444444444445 0.18703703703703703