3 0.5935185185185186 0.30648148148148147 0.19907407407407407 0.19444444444444445
3 0.825925925925926 0.3148148148148148 0.19907407407407407 0.18981481481481483
2 0.3824074074074074 0.35462962962962963 0.16018518518518518 0.15092592592592594
2 0.19814814814814816 0.35462962962962963 0.17037037037037037 0.16296296296296298
3 0.8462962962962963 0.5055555555555555 0.21388888888888888 0.19166666666666668
3 0.5925925925925926 0.5037037037037037 0.18981481481481483 0.19907407407407407
2 0.18888888888888888 0.5333333333333333 0.16574074074074074 0.16574074074074074
2 0.38981481481481484 0.5435185185185185 0.16018518518518518 0.16574074074074074
2 0.37407407407407406 0.7185185185185186 0.16296296296296298 0.16574074074074074
2 0.1935185185185185 0.7231481481481481 0.17777777777777778 0.17222222222222222
3 0.8601851851851852 0.7462962962962963 0.21388888888888888 0.20833333333333334
3 0.5740740740740741 0.7527777777777778 0.2064814814814815 0.21388888888888888
3 0.6101851851851852 0.10925925925925926 0.18981481481481483 0.1824074074074074
3 0.8222222222222222 0.11574074074074074 0.18425925925925926 0.18981481481481483
2 0.2064814814814815 0.17407407407407408 0.1537037037037037 0.16018518518518518
2 0.39166666666666666 0.18981481481481483 0.16018518518518518 0.14351851851851852