2 0.6194444444444445 0.7703703703703704 0.14166666666666666 0.14166666666666666
2 0.6194444444444445 0.39814814814814814 0.14166666666666666 0.13148148148148148
2 0.6129629629629629 0.5685185185185185 0.13148148148148148 0.13148148148148148
2 0.6083333333333333 0.21851851851851853 0.1361111111111111 0.12685185185185185
1 0.4064814814814815 0.7935185185185185 0.14629629629629629 0.15555555555555556
1 0.3962962962962963 0.20185185185185187 0.15092592592592594 0.15092592592592594
1 0.38425925925925924 0.5981481481481481 0.15555555555555556 0.14629629629629629
1 0.3675925925925926 0.4101851851851852 0.14629629629629629 0.14166666666666666
1 0.20925925925925926 0.8064814814814815 0.16296296296296298 0.14629629629629629
1 0.2064814814814815 0.20462962962962963 0.15833333333333333 0.14629629629629629
1 0.1925925925925926 0.6055555555555555 0.14629629629629629 0.15092592592592594
1 0.1935185185185185 0.4074074074074074 0.14629629629629629 0.14351851851851852
2 0.7870370370370371 0.7731481481481481 0.1361111111111111 0.13148148148148148
2 0.7657407407407407 0.5731481481481482 0.14166666666666666 0.13425925925925927
2 0.7666666666666667 0.22592592592592592 0.14166666666666666 0.12685185185185185
2 0.7583333333333333 0.4074074074074074 0.1361111111111111 0.1361111111111111