2 0.5092592592592593 0.6574074074074074 0.15555555555555556 0.16018518518518518
1 0.6481481481481481 0.5962962962962963 0.18703703703703703 0.18703703703703703
2 0.3712962962962963 0.625 0.16018518518518518 0.16018518518518518
1 0.7555555555555555 0.48518518518518516 0.19444444444444445 0.18703703703703703
1 0.5175925925925926 0.5092592592592593 0.175 0.18425925925925926
2 0.37407407407407406 0.487962962962963 0.16296296296296298 0.16574074074074074
1 0.6166666666666667 0.3907407407407407 0.18703703703703703 0.18703703703703703
2 0.7537037037037037 0.3314814814814815 0.16296296296296298 0.16574074074074074
2 0.25833333333333336 0.41203703703703703 0.16018518518518518 0.15555555555555556
1 0.4666666666666667 0.362962962962963 0.17962962962962964 0.17962962962962964
2 0.5638888888888889 0.25462962962962965 0.15555555555555556 0.15555555555555556
1 0.33055555555555555 0.28703703703703703 0.1824074074074074 0.17962962962962964
2 0.6944444444444444 0.1962962962962963 0.16296296296296298 0.16574074074074074
1 0.44074074074074077 0.17777777777777778 0.1824074074074074 0.18425925925925926
2 0.6175925925925926 0.7490740740740741 0.16018518518518518 0.16018518518518518
1 0.41388888888888886 0.7675925925925926 0.17962962962962964 0.18425925925925926