3 0.65 0.1935185185185185 0.2111111111111111 0.21388888888888888
2 0.6981481481481482 0.8037037037037037 0.18981481481481483 0.17777777777777778
3 0.6453703703703704 0.43425925925925923 0.21388888888888888 0.20833333333333334
2 0.6657407407407407 0.6129629629629629 0.16574074074074074 0.17962962962962964
3 0.46296296296296297 0.20092592592592592 0.20833333333333334 0.21388888888888888
2 0.4962962962962963 0.8268518518518518 0.175 0.17962962962962964
3 0.4462962962962963 0.4203703703703704 0.2111111111111111 0.20833333333333334
2 0.4583333333333333 0.6518518518518519 0.17222222222222222 0.175
3 0.20462962962962963 0.22870370370370371 0.22314814814814815 0.2064814814814815
3 0.22037037037037038 0.4388888888888889 0.21851851851851853 0.2064814814814815
2 0.24537037037037038 0.6731481481481482 0.175 0.16574074074074074
2 0.26666666666666666 0.8546296296296296 0.175 0.16296296296296298
3 0.8833333333333333 0.3907407407407407 0.22314814814814815 0.21574074074074073
3 0.8462962962962963 0.16666666666666666 0.21388888888888888 0.21388888888888888
2 0.8574074074074074 0.5972222222222222 0.17777777777777778 0.1824074074074074
2 0.8694444444444445 0.7814814814814814 0.17777777777777778 0.17777777777777778