1 0.6898148148148148 0.65 0.1675925925925926 0.16296296296296298
2 0.6777777777777778 0.2574074074074074 0.14814814814814814 0.16296296296296298
2 0.6 0.5370370370370371 0.1388888888888889 0.14351851851851852
2 0.5851851851851851 0.7648148148148148 0.1388888888888889 0.1388888888888889
1 0.5416666666666666 0.33796296296296297 0.1675925925925926 0.175
1 0.47962962962962963 0.6296296296296297 0.175 0.16296296296296298
1 0.46296296296296297 0.19074074074074074 0.1675925925925926 0.17222222222222222
1 0.46111111111111114 0.475 0.17777777777777778 0.1675925925925926
2 0.43703703703703706 0.775 0.14814814814814814 0.1388888888888889
2 0.3861111111111111 0.33796296296296297 0.1537037037037037 0.14814814814814814
1 0.3175925925925926 0.6055555555555555 0.15833333333333333 0.16296296296296298
1 0.2898148148148148 0.44814814814814813 0.16296296296296298 0.16296296296296298
2 0.16111111111111112 0.5287037037037037 0.1537037037037037 0.14814814814814814
1 0.8157407407407408 0.32407407407407407 0.17222222222222222 0.175
2 0.8027777777777778 0.5509259259259259 0.14814814814814814 0.14814814814814814
2 0.7064814814814815 0.4444444444444444 0.1537037037037037 0.14814814814814814