1 0.3592592592592593 0.03425925925925926 0.07777777777777778 0.06759259259259259
1 0.3416666666666667 0.17222222222222222 0.07962962962962963 0.08703703703703704
1 0.6648148148148149 0.18333333333333332 0.08333333333333333 0.09444444444444444
1 0.6472222222222223 0.48518518518518516 0.08518518518518518 0.08981481481481482
1 0.3592592592592593 0.6416666666666667 0.08333333333333333 0.08518518518518518
3 0.22592592592592592 0.0787037037037037 0.09907407407407408 0.09814814814814815
0 0.2222222222222222 0.21944444444444444 0.06481481481481481 0.06944444444444445
0 0.4287037037037037 0.16018518518518518 0.06851851851851852 0.0712962962962963
0 0.4564814814814815 0.049074074074074076 0.06759259259259259 0.075
0 0.5694444444444444 0.1037037037037037 0.07037037037037037 0.07407407407407407
0 0.4287037037037037 0.5037037037037037 0.062037037037037036 0.062037037037037036
0 0.49537037037037035 0.5861111111111111 0.06574074074074074 0.06296296296296296
0 0.32037037037037036 0.33796296296296297 0.06666666666666667 0.06944444444444445
2 0.28055555555555556 0.4185185185185185 0.07685185185185185 0.07592592592592592
2 0.3277777777777778 0.48703703703703705 0.07037037037037037 0.07037037037037037
2 0.4064814814814815 0.412962962962963 0.06944444444444445 0.075
2 0.42407407407407405 0.3398148148148148 0.07314814814814814 0.075
2 0.5 0.35 0.07314814814814814 0.07685185185185185
2 0.5055555555555555 0.46296296296296297 0.06759259259259259 0.07407407407407407
2 0.6638888888888889 0.6055555555555555 0.07222222222222222 0.0712962962962963
2 0.5314814814814814 0.687962962962963 0.06944444444444445 0.06944444444444445
2 0.44074074074074077 0.23148148148148148 0.07777777777777778 0.0712962962962963
2 0.5601851851851852 0.22777777777777777 0.07777777777777778 0.07685185185185185
2 0.6953703703703704 0.28703703703703703 0.07685185185185185 0.07685185185185185
2 0.6259259259259259 0.32685185185185184 0.07222222222222222 0.07407407407407407
2 0.7824074074074074 0.08703703703703704 0.07777777777777778 0.08333333333333333