3 0.8333333333333334 0.6296296296296297 0.23055555555555557 0.2324074074074074
3 0.6166666666666667 0.649074074074074 0.23055555555555557 0.23055555555555557
2 0.2972222222222222 0.674074074074074 0.19444444444444445 0.19444444444444445
2 0.1 0.6990740740740741 0.1675925925925926 0.18981481481481483
3 0.8222222222222222 0.4074074074074074 0.24259259259259258 0.23055555555555557
3 0.562962962962963 0.44074074074074077 0.24444444444444444 0.24444444444444444
2 0.27685185185185185 0.4583333333333333 0.19444444444444445 0.18703703703703703
2 0.07777777777777778 0.46111111111111114 0.15555555555555556 0.1962962962962963
3 0.5435185185185185 0.19722222222222222 0.25925925925925924 0.2611111111111111
3 0.7851851851851852 0.1537037037037037 0.25 0.25462962962962965
2 0.2611111111111111 0.18703703703703703 0.2037037037037037 0.2111111111111111
2 0.06111111111111111 0.21481481481481482 0.12222222222222222 0.21388888888888888
3 0.8777777777777778 0.8222222222222222 0.22314814814814815 0.21851851851851853
3 0.6398148148148148 0.862037037037037 0.22592592592592592 0.22592592592592592
2 0.1259259259259259 0.9111111111111111 0.14629629629629629 0.17777777777777778
2 0.33055555555555555 0.8666666666666667 0.19166666666666668 0.18425925925925926