2 0.524074074074074 0.25277777777777777 0.1537037037037037 0.11944444444444445
2 0.29907407407407405 0.3148148148148148 0.15833333333333333 0.11944444444444445
3 0.6453703703703704 0.34629629629629627 0.20185185185185187 0.15092592592592594
3 0.4527777777777778 0.3638888888888889 0.19166666666666668 0.14166666666666666
2 0.850925925925926 0.38333333333333336 0.16018518518518518 0.11481481481481481
2 0.13796296296296295 0.44722222222222224 0.15833333333333333 0.125
3 0.3074074074074074 0.4583333333333333 0.20185185185185187 0.14166666666666666
3 0.6962962962962963 0.4824074074074074 0.20185185185185187 0.15092592592592594
2 0.9120370370370371 0.49537037037037035 0.16574074074074074 0.12222222222222222
2 0.5166666666666667 0.4824074074074074 0.17037037037037037 0.11944444444444445
2 0.8157407407407408 0.5888888888888889 0.175 0.125
3 0.4111111111111111 0.5842592592592593 0.2064814814814815 0.15555555555555556
3 0.19722222222222222 0.5796296296296296 0.2064814814814815 0.15555555555555556
3 0.6157407407407407 0.6138888888888889 0.2064814814814815 0.15092592592592594
3 0.47962962962962963 0.737037037037037 0.21574074074074073 0.1675925925925926
2 0.6768518518518518 0.7555555555555555 0.17777777777777778 0.14351851851851852