3 0.5277777777777778 0.6638888888888889 0.2064814814814815 0.22037037037037038
2 0.22962962962962963 0.6129629629629629 0.1675925925925926 0.175
2 0.37592592592592594 0.5962962962962963 0.16296296296296298 0.175
3 0.6972222222222222 0.5925925925925926 0.20833333333333334 0.2111111111111111
3 0.28888888888888886 0.45925925925925926 0.21574074074074073 0.21388888888888888
2 0.8546296296296296 0.524074074074074 0.17222222222222222 0.175
2 0.4583333333333333 0.4546296296296296 0.1675925925925926 0.17962962962962964
2 0.6046296296296296 0.44814814814814813 0.1675925925925926 0.17962962962962964
2 0.7592592592592593 0.4185185185185185 0.17037037037037037 0.16574074074074074
3 0.2916666666666667 0.26296296296296295 0.22314814814814815 0.22314814814814815
3 0.4787037037037037 0.28703703703703703 0.21574074074074073 0.22777777777777777
3 0.6731481481481482 0.2675925925925926 0.22592592592592592 0.22592592592592592
3 0.5074074074074074 0.8601851851851852 0.2037037037037037 0.21388888888888888
3 0.35462962962962963 0.7546296296296297 0.21388888888888888 0.21388888888888888
2 0.65 0.774074074074074 0.175 0.17222222222222222
2 0.7870370370370371 0.7305555555555555 0.16018518518518518 0.16574074074074074