3 0.42777777777777776 0.34629629629629627 0.20833333333333334 0.1962962962962963
3 0.47129629629629627 0.16018518518518518 0.2111111111111111 0.2037037037037037
3 0.3712962962962963 0.7388888888888889 0.21574074074074073 0.21574074074074073
3 0.4166666666666667 0.5296296296296297 0.19907407407407407 0.19907407407407407
2 0.5962962962962963 0.8240740740740741 0.17777777777777778 0.17777777777777778
2 0.6537037037037037 0.600925925925926 0.17222222222222222 0.17222222222222222
2 0.7268518518518519 0.24722222222222223 0.1675925925925926 0.16296296296296298
2 0.7055555555555556 0.4185185185185185 0.17037037037037037 0.1675925925925926
2 0.8018518518518518 0.8638888888888889 0.17777777777777778 0.17777777777777778
2 0.8416666666666667 0.6546296296296297 0.17222222222222222 0.17037037037037037
2 0.8796296296296297 0.4601851851851852 0.17037037037037037 0.1675925925925926
2 0.9231481481481482 0.27037037037037037 0.1537037037037037 0.17962962962962964
3 0.19074074074074074 0.487962962962963 0.22037037037037038 0.20833333333333334
3 0.15648148148148147 0.7046296296296296 0.21851851851851853 0.22037037037037038
3 0.262037037037037 0.12407407407407407 0.2037037037037037 0.20185185185185187
3 0.2462962962962963 0.29907407407407405 0.21388888888888888 0.2037037037037037