2 0.6259259259259259 0.2324074074074074 0.11388888888888889 0.11666666666666667
2 0.6361111111111111 0.4527777777777778 0.11944444444444445 0.1175925925925926
3 0.6203703703703703 0.6694444444444444 0.12962962962962962 0.125
2 0.5740740740740741 0.36666666666666664 0.12222222222222222 0.12222222222222222
2 0.5601851851851852 0.5768518518518518 0.1037037037037037 0.10092592592592593
2 0.5185185185185185 0.25925925925925924 0.11574074074074074 0.1111111111111111
3 0.5157407407407407 0.4759259259259259 0.14166666666666666 0.14166666666666666
2 0.5194444444444445 0.7231481481481481 0.11018518518518519 0.10555555555555556
3 0.44166666666666665 0.3611111111111111 0.13518518518518519 0.13518518518518519
3 0.42592592592592593 0.5722222222222222 0.1388888888888889 0.12962962962962962
3 0.4101851851851852 0.6962962962962963 0.14166666666666666 0.12685185185185185
2 0.33425925925925926 0.28888888888888886 0.12037037037037036 0.11388888888888889
2 0.35 0.48518518518518516 0.11944444444444445 0.1175925925925926
3 0.29814814814814816 0.6111111111111112 0.14629629629629629 0.13240740740740742
3 0.24074074074074073 0.4212962962962963 0.15185185185185185 0.13333333333333333
3 0.675 0.5546296296296296 0.13055555555555556 0.12962962962962962