1 0.7518518518518519 0.2712962962962963 0.07685185185185185 0.06759259259259259
1 0.3537037037037037 0.512962962962963 0.07407407407407407 0.07314814814814814
1 0.35555555555555557 0.6370370370370371 0.07222222222222222 0.07592592592592592
2 0.7574074074074074 0.35555555555555557 0.06574074074074074 0.06111111111111111
2 0.5851851851851851 0.4111111111111111 0.06481481481481481 0.06388888888888888
2 0.46111111111111114 0.42592592592592593 0.06666666666666667 0.06759259259259259
2 0.4601851851851852 0.5592592592592592 0.06666666666666667 0.06759259259259259
2 0.4777777777777778 0.674074074074074 0.06944444444444445 0.075
2 0.25925925925925924 0.55 0.06944444444444445 0.06944444444444445
0 0.3592592592592593 0.40925925925925927 0.06111111111111111 0.06759259259259259
0 0.5222222222222223 0.37592592592592594 0.062037037037037036 0.06018518518518518
0 0.5898148148148148 0.30185185185185187 0.06851851851851852 0.06296296296296296
0 0.6259259259259259 0.4888888888888889 0.06388888888888888 0.06018518518518518
0 0.5509259259259259 0.5518518518518518 0.06481481481481481 0.06111111111111111
3 0.7555555555555555 0.44166666666666665 0.08981481481481482 0.08703703703703704
3 0.7925925925925926 0.5805555555555556 0.08518518518518518 0.08703703703703704
3 0.6287037037037037 0.6527777777777778 0.08888888888888889 0.08518518518518518