3 0.5888888888888889 0.3425925925925926 0.19907407407407407 0.19907407407407407
3 0.8148148148148148 0.36203703703703705 0.2037037037037037 0.2037037037037037
2 0.35833333333333334 0.3425925925925926 0.15833333333333333 0.1675925925925926
2 0.1925925925925926 0.3416666666666667 0.1675925925925926 0.1675925925925926
3 0.5935185185185186 0.5351851851851852 0.2037037037037037 0.2037037037037037
3 0.812962962962963 0.575925925925926 0.2064814814814815 0.20833333333333334
2 0.36203703703703705 0.549074074074074 0.17037037037037037 0.17222222222222222
2 0.18611111111111112 0.5592592592592592 0.175 0.175
3 0.8546296296296296 0.8009259259259259 0.21574074074074073 0.21574074074074073
3 0.5953703703703703 0.7833333333333333 0.2111111111111111 0.22592592592592592
2 0.35462962962962963 0.7972222222222223 0.17037037037037037 0.17777777777777778
2 0.1638888888888889 0.812962962962963 0.175 0.18425925925925926
3 0.6203703703703703 0.15 0.19907407407407407 0.19444444444444445
3 0.8092592592592592 0.16666666666666666 0.19444444444444445 0.18981481481481483
2 0.3472222222222222 0.14814814814814814 0.15555555555555556 0.15555555555555556
2 0.18981481481481483 0.1537037037037037 0.15555555555555556 0.15555555555555556