2 0.5037037037037037 0.2490740740740741 0.1537037037037037 0.1175925925925926
2 0.7287037037037037 0.3055555555555556 0.15833333333333333 0.12222222222222222
1 0.38981481481481484 0.3453703703703704 0.19907407407407407 0.16296296296296298
1 0.5796296296296296 0.35462962962962963 0.2037037037037037 0.1537037037037037
2 0.1925925925925926 0.38425925925925924 0.1675925925925926 0.12222222222222222
2 0.8861111111111111 0.4305555555555556 0.1675925925925926 0.13148148148148148
1 0.7203703703703703 0.4462962962962963 0.19907407407407407 0.15833333333333333
1 0.3435185185185185 0.4787037037037037 0.2037037037037037 0.15833333333333333
2 0.13240740740740742 0.49166666666666664 0.16296296296296298 0.12222222222222222
2 0.5157407407407407 0.47129629629629627 0.16296296296296298 0.12222222222222222
2 0.22870370370370371 0.5833333333333334 0.17962962962962964 0.13425925925925927
1 0.6277777777777778 0.5731481481481482 0.21388888888888888 0.16296296296296298
1 0.8333333333333334 0.5657407407407408 0.20833333333333334 0.16018518518518518
1 0.42592592592592593 0.6037037037037037 0.2037037037037037 0.16018518518518518
1 0.5537037037037037 0.7203703703703703 0.21388888888888888 0.1675925925925926
2 0.362962962962963 0.7388888888888889 0.175 0.1388888888888889