2 0.5657407407407408 0.5657407407407408 0.15555555555555556 0.15092592592592594
2 0.5879629629629629 0.7462962962962963 0.14814814814814814 0.14814814814814814
2 0.5351851851851852 0.387037037037037 0.1675925925925926 0.15833333333333333
2 0.5 0.1814814814814815 0.15833333333333333 0.15833333333333333
1 0.38055555555555554 0.7712962962962963 0.1675925925925926 0.1675925925925926
1 0.35555555555555557 0.5898148148148148 0.1675925925925926 0.17037037037037037
1 0.3296296296296296 0.3962962962962963 0.1675925925925926 0.17222222222222222
1 0.29814814814814816 0.18055555555555555 0.17222222222222222 0.17222222222222222
1 0.19074074074074074 0.7861111111111111 0.16296296296296298 0.16018518518518518
1 0.10092592592592593 0.19074074074074074 0.17777777777777778 0.175
1 0.12129629629629629 0.42407407407407405 0.175 0.18425925925925926
1 0.1425925925925926 0.6361111111111111 0.17222222222222222 0.17222222222222222
2 0.7425925925925926 0.33796296296296297 0.16018518518518518 0.15833333333333333
2 0.7898148148148149 0.725925925925926 0.16018518518518518 0.15092592592592594
2 0.7064814814814815 0.1259259259259259 0.16574074074074074 0.15833333333333333
2 0.7444444444444445 0.5203703703703704 0.16296296296296298 0.15092592592592594