3 0.6537037037037037 0.5407407407407407 0.1962962962962963 0.19907407407407407
3 0.674074074074074 0.7527777777777778 0.19166666666666668 0.19907407407407407
2 0.5888888888888889 0.3537037037037037 0.15092592592592594 0.16018518518518518
2 0.5685185185185185 0.18425925925925926 0.16018518518518518 0.1675925925925926
3 0.5027777777777778 0.7935185185185185 0.19166666666666668 0.21388888888888888
3 0.47314814814814815 0.562962962962963 0.19907407407407407 0.19166666666666668
2 0.40185185185185185 0.1962962962962963 0.16574074074074074 0.16296296296296298
2 0.41574074074074074 0.38055555555555554 0.16574074074074074 0.16018518518518518
2 0.2537037037037037 0.3861111111111111 0.16574074074074074 0.16018518518518518
2 0.22870370370370371 0.22037037037037038 0.175 0.17962962962962964
3 0.2824074074074074 0.8342592592592593 0.2064814814814815 0.2111111111111111
3 0.24537037037037038 0.5731481481481482 0.2111111111111111 0.2064814814814815
3 0.8379629629629629 0.5333333333333333 0.18425925925925926 0.18981481481481483
3 0.8555555555555555 0.7268518518518519 0.18981481481481483 0.18425925925925926
2 0.7324074074074074 0.17037037037037037 0.15833333333333333 0.1537037037037037
2 0.7379629629629629 0.3435185185185185 0.14351851851851852 0.15555555555555556