2 0.20555555555555555 0.5611111111111111 0.175 0.175
2 0.5564814814814815 0.6018518518518519 0.175 0.1675925925925926
2 0.8944444444444445 0.6462962962962963 0.17962962962962964 0.17222222222222222
1 0.37962962962962965 0.5564814814814815 0.18703703703703703 0.1824074074074074
2 0.7657407407407407 0.5657407407407408 0.175 0.16574074074074074
1 0.11574074074074074 0.4148148148148148 0.1962962962962963 0.20185185185185187
2 0.27870370370370373 0.4305555555555556 0.17037037037037037 0.175
1 0.6370370370370371 0.47129629629629627 0.19444444444444445 0.19444444444444445
1 0.937037037037037 0.49907407407407406 0.125 0.19444444444444445
1 0.46296296296296297 0.4185185185185185 0.19907407407407407 0.20185185185185187
2 0.8268518518518518 0.4222222222222222 0.18703703703703703 0.1824074074074074
1 0.34814814814814815 0.2833333333333333 0.1962962962962963 0.2111111111111111
2 0.5768518518518518 0.3074074074074074 0.1824074074074074 0.1824074074074074
1 0.17314814814814813 0.1925925925925926 0.20833333333333334 0.20833333333333334
1 0.7574074074074074 0.2777777777777778 0.2111111111111111 0.22777777777777777
2 0.9314814814814815 0.2972222222222222 0.1361111111111111 0.18981481481481483
1 0.4648148148148148 0.1425925925925926 0.2111111111111111 0.21851851851851853
2 0.6416666666666667 0.15185185185185185 0.17777777777777778 0.19166666666666668
2 0.30648148148148147 0.08611111111111111 0.19907407407407407 0.17222222222222222
1 0.4185185185185185 0.8472222222222222 0.18703703703703703 0.17222222222222222
2 0.6722222222222223 0.8787037037037037 0.1675925925925926 0.16018518518518518
1 0.5638888888888889 0.7777777777777778 0.18703703703703703 0.17777777777777778
1 0.8472222222222222 0.7907407407407407 0.18703703703703703 0.17777777777777778
2 0.2777777777777778 0.6861111111111111 0.175 0.16574074074074074
2 0.42407407407407405 0.6962962962962963 0.1675925925925926 0.16574074074074074
1 0.7064814814814815 0.700925925925926 0.19166666666666668 0.1824074074074074