3 0.6620370370370371 0.46296296296296297 0.2037037037037037 0.20185185185185187
3 0.6620370370370371 0.22037037037037038 0.2064814814814815 0.2064814814814815
2 0.6407407407407407 0.7101851851851851 0.17037037037037037 0.16018518518518518
2 0.6287037037037037 0.8870370370370371 0.1675925925925926 0.17037037037037037
3 0.4583333333333333 0.4388888888888889 0.20833333333333334 0.2064814814814815
3 0.4361111111111111 0.20462962962962963 0.2111111111111111 0.2111111111111111
2 0.42314814814814816 0.6851851851851852 0.175 0.17037037037037037
2 0.3962962962962963 0.8703703703703703 0.175 0.175
3 0.19814814814814816 0.13796296296296295 0.22037037037037038 0.22037037037037038
3 0.1925925925925926 0.4185185185185185 0.23055555555555557 0.21574074074074073
2 0.16018518518518518 0.6685185185185185 0.17962962962962964 0.17222222222222222
2 0.125 0.8712962962962963 0.18425925925925926 0.175
3 0.8712962962962963 0.44907407407407407 0.19907407407407407 0.2037037037037037
3 0.8694444444444445 0.24444444444444444 0.19166666666666668 0.19444444444444445
2 0.85 0.737037037037037 0.16018518518518518 0.16018518518518518
2 0.8277777777777777 0.9064814814814814 0.16018518518518518 0.16018518518518518