3 0.6601851851851852 0.5361111111111111 0.19444444444444445 0.17777777777777778
2 0.6462962962962963 0.24166666666666667 0.1537037037037037 0.14629629629629629
2 0.6129629629629629 0.3824074074074074 0.1537037037037037 0.1388888888888889
3 0.5712962962962963 0.6925925925925925 0.18425925925925926 0.1824074074074074
3 0.49074074074074076 0.2796296296296296 0.18703703703703703 0.18981481481481483
2 0.48518518518518516 0.8361111111111111 0.1537037037037037 0.14814814814814814
2 0.4666666666666667 0.4444444444444444 0.15833333333333333 0.14351851851851852
2 0.4425925925925926 0.5851851851851851 0.15833333333333333 0.14629629629629629
2 0.39444444444444443 0.7324074074074074 0.14351851851851852 0.15092592592592594
3 0.30092592592592593 0.2611111111111111 0.1962962962962963 0.19444444444444445
3 0.30092592592592593 0.4444444444444444 0.20185185185185187 0.18703703703703703
3 0.25925925925925924 0.6296296296296297 0.1962962962962963 0.1962962962962963
3 0.8537037037037037 0.5407407407407407 0.18703703703703703 0.17777777777777778
3 0.7694444444444445 0.37962962962962965 0.18703703703703703 0.18703703703703703
2 0.7527777777777778 0.6685185185185185 0.14814814814814814 0.1537037037037037
2 0.6935185185185185 0.7972222222222223 0.14629629629629629 0.14166666666666666