3 0.31851851851851853 0.6444444444444445 0.19907407407407407 0.19907407407407407
3 0.37037037037037035 0.4666666666666667 0.18425925925925926 0.19907407407407407
2 0.39814814814814814 0.8055555555555556 0.15833333333333333 0.16574074074074074
2 0.47129629629629627 0.25 0.15555555555555556 0.16018518518518518
2 0.475 0.6731481481481482 0.16296296296296298 0.17037037037037037
3 0.5388888888888889 0.39166666666666666 0.20185185185185187 0.19907407407407407
2 0.5675925925925925 0.7916666666666666 0.16018518518518518 0.175
3 0.5981481481481481 0.5685185185185185 0.2037037037037037 0.2037037037037037
2 0.7092592592592593 0.3861111111111111 0.17037037037037037 0.16296296296296298
2 0.6842592592592592 0.9046296296296297 0.1675925925925926 0.17037037037037037
3 0.725925925925926 0.7185185185185186 0.21851851851851853 0.22314814814814815
3 0.8185185185185185 0.525 0.22037037037037038 0.21851851851851853
2 0.17777777777777778 0.5648148148148148 0.14629629629629629 0.15833333333333333
3 0.20925925925925926 0.4064814814814815 0.19166666666666668 0.18703703703703703
3 0.2324074074074074 0.8074074074074075 0.19444444444444445 0.2111111111111111
2 0.3277777777777778 0.2833333333333333 0.14629629629629629 0.1537037037037037