3 0.6685185185185185 0.4222222222222222 0.18981481481481483 0.18703703703703703
3 0.6611111111111111 0.19444444444444445 0.19166666666666668 0.19166666666666668
2 0.6564814814814814 0.6527777777777778 0.15833333333333333 0.15092592592592594
2 0.6527777777777778 0.8175925925925925 0.15833333333333333 0.15833333333333333
3 0.4787037037037037 0.4046296296296296 0.19444444444444445 0.19166666666666668
3 0.44907407407407407 0.18703703703703703 0.1962962962962963 0.19444444444444445
2 0.4527777777777778 0.6361111111111111 0.16296296296296298 0.15833333333333333
2 0.43425925925925923 0.8092592592592592 0.16296296296296298 0.16296296296296298
3 0.22685185185185186 0.13333333333333333 0.2037037037037037 0.2037037037037037
3 0.22962962962962963 0.39444444444444443 0.21388888888888888 0.20185185185185187
2 0.2064814814814815 0.6277777777777778 0.1675925925925926 0.16018518518518518
2 0.1814814814814815 0.8185185185185185 0.17222222222222222 0.16296296296296298
3 0.8629629629629629 0.4027777777777778 0.18425925925925926 0.18981481481481483
3 0.8537037037037037 0.2111111111111111 0.17777777777777778 0.1824074074074074
2 0.8518518518518519 0.6694444444444444 0.14814814814814814 0.14814814814814814
2 0.8379629629629629 0.8277777777777777 0.14814814814814814 0.14814814814814814