3 0.6768518518518518 0.5694444444444444 0.19907407407407407 0.2037037037037037
3 0.6657407407407407 0.8055555555555556 0.19444444444444445 0.2037037037037037
2 0.6333333333333333 0.35833333333333334 0.1537037037037037 0.16296296296296298
2 0.637962962962963 0.17222222222222222 0.16574074074074074 0.17222222222222222
3 0.47314814814814815 0.8194444444444444 0.19444444444444445 0.22037037037037038
3 0.4787037037037037 0.5657407407407408 0.2037037037037037 0.19444444444444445
2 0.45555555555555555 0.16111111111111112 0.17037037037037037 0.1675925925925926
2 0.44351851851851853 0.3638888888888889 0.17037037037037037 0.16296296296296298
2 0.26666666666666666 0.3416666666666667 0.17037037037037037 0.16574074074074074
2 0.2657407407407407 0.16203703703703703 0.17777777777777778 0.1824074074074074
3 0.22962962962962963 0.8342592592592593 0.21388888888888888 0.21851851851851853
3 0.22870370370370371 0.5472222222222223 0.21851851851851853 0.20833333333333334
3 0.8759259259259259 0.5935185185185186 0.18981481481481483 0.19444444444444445
3 0.8666666666666667 0.8064814814814815 0.19444444444444445 0.18981481481481483
2 0.8175925925925925 0.18611111111111112 0.16296296296296298 0.15833333333333333
2 0.7981481481481482 0.37037037037037035 0.14629629629629629 0.16296296296296298