3 0.7305555555555555 0.5953703703703703 0.2111111111111111 0.20833333333333334
3 0.7351851851851852 0.8425925925925926 0.21388888888888888 0.21388888888888888
2 0.7055555555555556 0.3453703703703704 0.175 0.1675925925925926
2 0.6898148148148148 0.16574074074074074 0.175 0.175
3 0.525 0.6240740740740741 0.21851851851851853 0.21388888888888888
3 0.5083333333333333 0.8629629629629629 0.21851851851851853 0.21851851851851853
2 0.4842592592592593 0.375 0.17962962962962964 0.17777777777777778
2 0.4546296296296296 0.18703703703703703 0.1824074074074074 0.1824074074074074
3 0.2657407407407407 0.9101851851851852 0.22777777777777777 0.17962962962962964
3 0.25462962962962965 0.65 0.2351851851851852 0.22314814814814815
2 0.2175925925925926 0.3962962962962963 0.18425925925925926 0.17962962962962964
2 0.17777777777777778 0.19074074074074074 0.19444444444444445 0.1824074074074074
3 0.9194444444444444 0.6074074074074074 0.16018518518518518 0.20833333333333334
3 0.9222222222222223 0.8148148148148148 0.15555555555555556 0.20185185185185187
2 0.9148148148148149 0.3138888888888889 0.16296296296296298 0.16574074074074074
2 0.8916666666666667 0.1425925925925926 0.16296296296296298 0.16296296296296298