3 0.4185185185185185 0.6638888888888889 0.22592592592592592 0.23981481481481481
2 0.7407407407407407 0.6935185185185185 0.1824074074074074 0.18981481481481483
2 0.5925925925925926 0.6361111111111111 0.175 0.18703703703703703
3 0.262037037037037 0.5435185185185185 0.22777777777777777 0.22777777777777777
3 0.7231481481481481 0.5175925925925926 0.2351851851851852 0.2324074074074074
2 0.11666666666666667 0.42777777777777776 0.18425925925925926 0.18981481481481483
2 0.5472222222222223 0.4666666666666667 0.17962962962962964 0.19166666666666668
2 0.39814814814814814 0.4185185185185185 0.1824074074074074 0.19444444444444445
2 0.24537037037037038 0.3435185185185185 0.18981481481481483 0.17962962962962964
3 0.774074074074074 0.3138888888888889 0.24259259259259258 0.24444444444444444
3 0.5722222222222222 0.2861111111111111 0.2351851851851852 0.24722222222222223
3 0.37777777777777777 0.21388888888888888 0.24444444444444444 0.24444444444444444
3 0.38333333333333336 0.8722222222222222 0.22314814814814815 0.2324074074074074
3 0.5722222222222222 0.8064814814814815 0.2324074074074074 0.2324074074074074
2 0.2611111111111111 0.7444444444444445 0.18981481481481483 0.18425925925925926
2 0.1287037037037037 0.6601851851851852 0.17777777777777778 0.17962962962962964