3 0.5314814814814814 0.6824074074074075 0.19907407407407407 0.1962962962962963
2 0.21666666666666667 0.6888888888888889 0.1537037037037037 0.15092592592592594
2 0.37037037037037035 0.6564814814814814 0.15092592592592594 0.15833333333333333
2 0.8361111111111111 0.6240740740740741 0.16018518518518518 0.1537037037037037
2 0.6759259259259259 0.625 0.15092592592592594 0.14814814814814814
3 0.2611111111111111 0.5351851851851852 0.20185185185185187 0.1962962962962963
3 0.4527777777777778 0.5231481481481481 0.20185185185185187 0.1962962962962963
3 0.7851851851851852 0.47685185185185186 0.2037037037037037 0.19444444444444445
2 0.6175925925925926 0.4842592592592593 0.175 0.16574074074074074
2 0.33425925925925926 0.37777777777777777 0.15833333333333333 0.1675925925925926
3 0.5120370370370371 0.3472222222222222 0.20185185185185187 0.1962962962962963
3 0.7018518518518518 0.30277777777777776 0.1962962962962963 0.2064814814814815
2 0.475 0.8388888888888889 0.14814814814814814 0.15092592592592594
2 0.6157407407407407 0.8240740740740741 0.1537037037037037 0.14814814814814814
3 0.31851851851851853 0.8055555555555556 0.1962962962962963 0.1824074074074074
3 0.7703703703703704 0.7777777777777778 0.19166666666666668 0.1962962962962963