2 0.6518518518518519 0.47314814814814815 0.14814814814814814 0.14351851851851852
1 0.6361111111111111 0.6166666666666667 0.17037037037037037 0.17037037037037037
2 0.5842592592592593 0.3574074074074074 0.14814814814814814 0.14814814814814814
1 0.5648148148148148 0.7472222222222222 0.17222222222222222 0.17777777777777778
1 0.5194444444444445 0.5212962962962963 0.17037037037037037 0.16018518518518518
2 0.45925925925925926 0.39537037037037037 0.15092592592592594 0.15092592592592594
1 0.43703703703703706 0.6453703703703704 0.17037037037037037 0.17037037037037037
2 0.42314814814814816 0.7888888888888889 0.15092592592592594 0.15092592592592594
2 0.35833333333333334 0.31296296296296294 0.14351851851851852 0.14629629629629629
1 0.3712962962962963 0.5157407407407407 0.16574074074074074 0.16574074074074074
2 0.29907407407407405 0.6361111111111111 0.14351851851851852 0.14351851851851852
1 0.26481481481481484 0.41388888888888886 0.16574074074074074 0.1675925925925926
2 0.2824074074074074 0.7712962962962963 0.15092592592592594 0.15092592592592594
1 0.1962962962962963 0.5444444444444444 0.17037037037037037 0.16574074074074074
2 0.7657407407407407 0.5472222222222223 0.14629629629629629 0.14814814814814814
1 0.7268518518518519 0.35462962962962963 0.17037037037037037 0.16296296296296298