2 0.6722222222222223 0.30185185185185187 0.14814814814814814 0.14351851851851852
3 0.6287037037037037 0.6222222222222222 0.17777777777777778 0.175
3 0.6129629629629629 0.45555555555555555 0.18425925925925926 0.175
2 0.5314814814814814 0.7527777777777778 0.14629629629629629 0.1537037037037037
2 0.5601851851851852 0.25462962962962965 0.13425925925925927 0.14351851851851852
2 0.4842592592592593 0.6212962962962963 0.14814814814814814 0.14351851851851852
3 0.47314814814814815 0.3592592592592593 0.18425925925925926 0.17962962962962964
2 0.38333333333333336 0.7064814814814815 0.14166666666666666 0.1537037037037037
3 0.38796296296296295 0.5027777777777778 0.19444444444444445 0.17962962962962964
2 0.3277777777777778 0.3277777777777778 0.1537037037037037 0.15092592592592594
2 0.25555555555555554 0.7888888888888889 0.16018518518518518 0.16018518518518518
3 0.25092592592592594 0.6129629629629629 0.2037037037037037 0.2037037037037037
3 0.20555555555555555 0.42407407407407405 0.2064814814814815 0.18703703703703703
2 0.762962962962963 0.5814814814814815 0.1388888888888889 0.14351851851851852
3 0.7620370370370371 0.4324074074074074 0.1824074074074074 0.17962962962962964
3 0.6694444444444444 0.7851851851851852 0.18981481481481483 0.1962962962962963