2 0.5148148148148148 0.49166666666666664 0.05925925925925926 0.06944444444444445
2 0.4546296296296296 0.39537037037037037 0.06111111111111111 0.06111111111111111
2 0.39166666666666666 0.3277777777777778 0.058333333333333334 0.05925925925925926
2 0.2574074074074074 0.28055555555555556 0.06759259259259259 0.05648148148148148
2 0.5055555555555555 0.3296296296296296 0.058333333333333334 0.06018518518518518
2 0.5768518518518518 0.36944444444444446 0.06111111111111111 0.06018518518518518
2 0.6398148148148148 0.37777777777777777 0.06018518518518518 0.06111111111111111
2 0.7277777777777777 0.3851851851851852 0.05925925925925926 0.05740740740740741
2 0.7907407407407407 0.4083333333333333 0.05555555555555555 0.06111111111111111
2 0.8018518518518518 0.4898148148148148 0.05925925925925926 0.06111111111111111
2 0.6703703703703704 0.25925925925925924 0.06111111111111111 0.06296296296296296
2 0.5953703703703703 0.15185185185185185 0.06296296296296296 0.05555555555555555
2 0.4842592592592593 0.05740740740740741 0.05648148148148148 0.05092592592592592
2 0.3101851851851852 0.044444444444444446 0.06759259259259259 0.05462962962962963
2 0.22592592592592592 0.1425925925925926 0.06851851851851852 0.05740740740740741
2 0.45092592592592595 0.017592592592592594 0.053703703703703705 0.03425925925925926
2 0.39444444444444443 0.11481481481481481 0.05648148148148148 0.05462962962962963
2 0.4537037037037037 0.10648148148148148 0.05648148148148148 0.05185185185185185
3 0.6212962962962963 0.07685185185185185 0.07222222222222222 0.06944444444444445
3 0.33611111111111114 0.21574074074074073 0.07407407407407407 0.07592592592592592
3 0.7074074074074074 0.4601851851851852 0.08518518518518518 0.075
1 0.30277777777777776 0.36574074074074076 0.07314814814814814 0.06296296296296296
1 0.6175925925925926 0.3111111111111111 0.07314814814814814 0.062037037037037036
0 0.2962962962962963 0.10462962962962963 0.053703703703703705 0.05277777777777778
0 0.3972222222222222 0.1935185185185185 0.05 0.04722222222222222
0 0.4787037037037037 0.20833333333333334 0.05648148148148148 0.05
0 0.5555555555555556 0.2111111111111111 0.05555555555555555 0.049074074074074076
1 0.5120370370370371 0.25555555555555554 0.06388888888888888 0.06018518518518518