3 0.5777777777777777 0.6685185185185185 0.18703703703703703 0.18981481481481483
3 0.8055555555555556 0.6611111111111111 0.19166666666666668 0.19166666666666668
2 0.3472222222222222 0.6564814814814814 0.15092592592592594 0.15833333333333333
2 0.1824074074074074 0.6527777777777778 0.15833333333333333 0.15833333333333333
3 0.5953703703703703 0.4787037037037037 0.19166666666666668 0.19444444444444445
3 0.812962962962963 0.44907407407407407 0.19444444444444445 0.1962962962962963
2 0.3638888888888889 0.4527777777777778 0.15833333333333333 0.16296296296296298
2 0.19074074074074074 0.43425925925925923 0.16296296296296298 0.16296296296296298
3 0.8666666666666667 0.22685185185185186 0.2037037037037037 0.2037037037037037
3 0.6055555555555555 0.22962962962962963 0.20185185185185187 0.21388888888888888
2 0.37222222222222223 0.2064814814814815 0.16018518518518518 0.1675925925925926
2 0.1814814814814815 0.1814814814814815 0.16296296296296298 0.17222222222222222
3 0.5972222222222222 0.8629629629629629 0.18981481481481483 0.18425925925925926
3 0.7888888888888889 0.8537037037037037 0.1824074074074074 0.17777777777777778
2 0.33055555555555555 0.8518518518518519 0.14814814814814814 0.14814814814814814
2 0.17222222222222222 0.8379629629629629 0.14814814814814814 0.14814814814814814