3 0.3574074074074074 0.7222222222222222 0.19166666666666668 0.19444444444444445
2 0.4305555555555556 0.1574074074074074 0.17037037037037037 0.16296296296296298
3 0.4064814814814815 0.5037037037037037 0.19166666666666668 0.18703703703703703
2 0.42314814814814816 0.33796296296296297 0.14814814814814814 0.16296296296296298
3 0.5277777777777778 0.7527777777777778 0.18703703703703703 0.19166666666666668
2 0.6194444444444445 0.17407407407407408 0.15555555555555556 0.16018518518518518
3 0.5861111111111111 0.5537037037037037 0.19166666666666668 0.18703703703703703
2 0.6203703703703703 0.3425925925925926 0.1537037037037037 0.15555555555555556
3 0.7675925925925926 0.775 0.1962962962962963 0.18425925925925926
3 0.7944444444444444 0.5814814814814815 0.1962962962962963 0.18425925925925926
2 0.8185185185185185 0.3638888888888889 0.15833333333333333 0.14814814814814814
2 0.8333333333333334 0.19444444444444445 0.15833333333333333 0.14629629629629629
3 0.1814814814814815 0.49722222222222223 0.20185185185185187 0.1962962962962963
3 0.17222222222222222 0.7092592592592593 0.19444444444444445 0.19444444444444445
2 0.2462962962962963 0.3148148148148148 0.16018518518518518 0.16018518518518518
2 0.2712962962962963 0.14444444444444443 0.16018518518518518 0.15833333333333333