3 0.45925925925925926 0.6537037037037037 0.19907407407407407 0.1962962962962963
3 0.24722222222222223 0.674074074074074 0.19907407407407407 0.19166666666666668
2 0.6462962962962963 0.5888888888888889 0.16018518518518518 0.15092592592592594
2 0.8157407407407408 0.5685185185185185 0.1675925925925926 0.16018518518518518
3 0.2064814814814815 0.5027777777777778 0.21388888888888888 0.19166666666666668
3 0.43703703703703706 0.47314814814814815 0.19166666666666668 0.19907407407407407
2 0.8037037037037037 0.40185185185185185 0.16296296296296298 0.16574074074074074
2 0.6194444444444445 0.41574074074074074 0.16018518518518518 0.16574074074074074
2 0.6138888888888889 0.2537037037037037 0.16018518518518518 0.16574074074074074
2 0.7796296296296297 0.22870370370370371 0.17962962962962964 0.175
3 0.16574074074074074 0.2824074074074074 0.2111111111111111 0.2064814814814815
3 0.42685185185185187 0.24537037037037038 0.2064814814814815 0.2111111111111111
3 0.4666666666666667 0.8379629629629629 0.18981481481481483 0.18425925925925926
3 0.27314814814814814 0.8555555555555555 0.18425925925925926 0.18981481481481483
2 0.8296296296296296 0.7324074074074074 0.1537037037037037 0.15833333333333333
2 0.6564814814814814 0.7379629629629629 0.15555555555555556 0.14351851851851852