2 0.5407407407407407 0.7462962962962963 0.17777777777777778 0.14351851851851852
2 0.2972222222222222 0.7111111111111111 0.17962962962962964 0.14351851851851852
1 0.6537037037037037 0.6305555555555555 0.22592592592592592 0.19166666666666668
1 0.44722222222222224 0.6416666666666667 0.2324074074074074 0.18425925925925926
2 0.8583333333333333 0.5638888888888889 0.18981481481481483 0.14814814814814814
2 0.11574074074074074 0.5962962962962963 0.19166666666666668 0.15833333333333333
1 0.29074074074074074 0.5601851851851852 0.22777777777777777 0.18981481481481483
1 0.6861111111111111 0.4842592592592593 0.23055555555555557 0.18981481481481483
2 0.9074074074074074 0.4444444444444444 0.18425925925925926 0.14351851851851852
2 0.5009259259259259 0.5083333333333333 0.18425925925925926 0.14351851851851852
2 0.7972222222222223 0.35833333333333334 0.2037037037037037 0.16018518518518518
1 0.3712962962962963 0.41574074074074074 0.24444444444444444 0.1962962962962963
1 0.15648148148148147 0.4462962962962963 0.23796296296296296 0.19166666666666668
1 0.5842592592592593 0.3574074074074074 0.2324074074074074 0.19166666666666668
1 0.43425925925925923 0.25 0.24722222222222223 0.20185185185185187
2 0.6342592592592593 0.2064814814814815 0.20185185185185187 0.16574074074074074