3 0.6361111111111111 0.6814814814814815 0.2064814814814815 0.2037037037037037
2 0.3388888888888889 0.687037037037037 0.1675925925925926 0.1675925925925926
2 0.14537037037037037 0.6935185185185185 0.17962962962962964 0.175
3 0.8342592592592593 0.4722222222222222 0.2064814814814815 0.2064814814814815
3 0.5962962962962963 0.49444444444444446 0.2064814814814815 0.20833333333333334
2 0.3351851851851852 0.49166666666666664 0.17962962962962964 0.175
2 0.12962962962962962 0.47685185185185186 0.18981481481481483 0.175
3 0.8194444444444444 0.2462962962962963 0.2111111111111111 0.2111111111111111
3 0.5925925925925926 0.27037037037037037 0.21851851851851853 0.22592592592592592
2 0.33611111111111114 0.2462962962962963 0.175 0.18425925925925926
2 0.11666666666666667 0.2537037037037037 0.18425925925925926 0.18981481481481483
3 0.8546296296296296 0.8583333333333333 0.19907407407407407 0.19166666666666668
3 0.6407407407407407 0.8759259259259259 0.19444444444444445 0.19166666666666668
2 0.15185185185185185 0.8916666666666667 0.17222222222222222 0.17037037037037037
2 0.36203703703703705 0.862037037037037 0.16018518518518518 0.16018518518518518
3 0.8351851851851851 0.6777777777777778 0.2037037037037037 0.19907407407407407