2 0.6898148148148148 0.3638888888888889 0.14351851851851852 0.14629629629629629
2 0.5537037037037037 0.37037037037037035 0.14166666666666666 0.14351851851851852
1 0.4083333333333333 0.3861111111111111 0.15833333333333333 0.1675925925925926
1 0.25462962962962965 0.4388888888888889 0.17037037037037037 0.1824074074074074
2 0.7907407407407407 0.4564814814814815 0.14629629629629629 0.1388888888888889
1 0.649074074074074 0.5046296296296297 0.15555555555555556 0.1675925925925926
2 0.5027777777777778 0.5 0.14166666666666666 0.14166666666666666
1 0.7666666666666667 0.6018518518518519 0.15833333333333333 0.15555555555555556
1 0.41203703703703703 0.6166666666666667 0.15833333333333333 0.16296296296296298
1 0.5657407407407408 0.6296296296296297 0.16296296296296298 0.1675925925925926
2 0.24537037037037038 0.6305555555555555 0.15555555555555556 0.15555555555555556
2 0.6768518518518518 0.7287037037037037 0.14814814814814814 0.14351851851851852
1 0.3333333333333333 0.7657407407407407 0.16296296296296298 0.1675925925925926
2 0.5083333333333333 0.775 0.14351851851851852 0.1537037037037037
2 0.48518518518518516 0.2490740740740741 0.14814814814814814 0.15555555555555556
1 0.3101851851851852 0.25462962962962965 0.17777777777777778 0.1675925925925926