2 0.4759259259259259 0.23703703703703705 0.1537037037037037 0.12222222222222222
2 0.25925925925925924 0.3175925925925926 0.15833333333333333 0.12222222222222222
3 0.6046296296296296 0.31574074074074077 0.2037037037037037 0.1537037037037037
3 0.41574074074074074 0.35185185185185186 0.19444444444444445 0.14166666666666666
2 0.8111111111111111 0.3351851851851852 0.15833333333333333 0.1175925925925926
2 0.11203703703703703 0.4601851851851852 0.16018518518518518 0.12685185185185185
3 0.2796296296296296 0.4564814814814815 0.20185185185185187 0.14351851851851852
3 0.6657407407407407 0.44907407407407407 0.2037037037037037 0.1537037037037037
2 0.8824074074074074 0.44074074074074077 0.16296296296296298 0.125
2 0.487962962962963 0.4648148148148148 0.1675925925925926 0.12222222222222222
2 0.7944444444444444 0.5444444444444444 0.175 0.12962962962962962
3 0.3925925925925926 0.575925925925926 0.2064814814814815 0.15833333333333333
3 0.1814814814814815 0.5888888888888889 0.20833333333333334 0.15833333333333333
3 0.5981481481481481 0.5851851851851851 0.20833333333333334 0.1537037037037037
3 0.475 0.7185185185185186 0.21851851851851853 0.17037037037037037
2 0.6703703703703704 0.7222222222222222 0.17962962962962964 0.14629629629629629