2 0.35185185185185186 0.40370370370370373 0.05277777777777778 0.05185185185185185
2 0.44814814814814813 0.4305555555555556 0.053703703703703705 0.05
2 0.5277777777777778 0.33611111111111114 0.053703703703703705 0.04814814814814815
2 0.5981481481481481 0.22407407407407406 0.05185185185185185 0.04814814814814815
2 0.6185185185185185 0.37037037037037035 0.05277777777777778 0.05092592592592592
2 0.7064814814814815 0.26296296296296295 0.05 0.049074074074074076
2 0.6824074074074075 0.49722222222222223 0.05277777777777778 0.05
2 0.6472222222222223 0.562962962962963 0.049074074074074076 0.05277777777777778
2 0.6564814814814814 0.7333333333333333 0.05185185185185185 0.053703703703703705
2 0.5416666666666666 0.6574074074074074 0.053703703703703705 0.04722222222222222
2 0.39444444444444443 0.6685185185185185 0.05555555555555555 0.04722222222222222
2 0.6129629629629629 0.4925925925925926 0.05 0.04722222222222222
2 0.5648148148148148 0.5685185185185185 0.053703703703703705 0.04722222222222222
2 0.4462962962962963 0.5296296296296297 0.05092592592592592 0.04814814814814815
0 0.40185185185185185 0.47685185185185186 0.046296296296296294 0.04537037037037037
0 0.44537037037037036 0.5898148148148148 0.05092592592592592 0.049074074074074076
0 0.4324074074074074 0.7138888888888889 0.05092592592592592 0.049074074074074076
0 0.34074074074074073 0.6138888888888889 0.05092592592592592 0.04814814814814815
0 0.5074074074074074 0.5398148148148149 0.04722222222222222 0.044444444444444446
0 0.6231481481481481 0.44814814814814813 0.04722222222222222 0.04351851851851852
3 0.5555555555555556 0.4638888888888889 0.062037037037037036 0.06018518518518518
1 0.6851851851851852 0.33055555555555555 0.06018518518518518 0.05555555555555555
1 0.3962962962962963 0.5453703703703704 0.06481481481481481 0.05185185185185185
2 0.5537037037037037 0.3851851851851852 0.05092592592592592 0.05092592592592592