3 0.33425925925925926 0.612037037037037 0.19907407407407407 0.21388888888888888
3 0.1361111111111111 0.6296296296296297 0.2037037037037037 0.2111111111111111
3 0.7407407407407407 0.5435185185185185 0.22037037037037038 0.21851851851851853
3 0.5203703703703704 0.5648148148148148 0.2037037037037037 0.2037037037037037
2 0.7527777777777778 0.2916666666666667 0.17962962962962964 0.17962962962962964
2 0.5120370370370371 0.3074074074074074 0.17222222222222222 0.17222222222222222
2 0.14074074074074075 0.34814814814814815 0.16296296296296298 0.17222222222222222
2 0.3148148148148148 0.3148148148148148 0.1675925925925926 0.17222222222222222
2 0.725 0.08425925925925926 0.17962962962962964 0.1675925925925926
2 0.5046296296296297 0.10555555555555556 0.17222222222222222 0.17222222222222222
2 0.30277777777777776 0.12962962962962962 0.1675925925925926 0.17222222222222222
2 0.1 0.14074074074074075 0.1824074074074074 0.175
3 0.549074074074074 0.8009259259259259 0.2111111111111111 0.22592592592592592
3 0.774074074074074 0.7657407407407407 0.22777777777777777 0.22314814814814815
3 0.1685185185185185 0.8472222222222222 0.20185185185185187 0.2064814814814815
3 0.3453703703703704 0.8064814814814815 0.2037037037037037 0.21574074074074073