3 0.2222222222222222 0.7055555555555556 0.21574074074074073 0.22314814814814815
3 0.44722222222222224 0.6731481481481482 0.21851851851851853 0.21851851851851853
2 0.8824074074074074 0.5851851851851851 0.17777777777777778 0.1824074074074074
2 0.6703703703703704 0.5962962962962963 0.1824074074074074 0.17777777777777778
3 0.20277777777777778 0.49166666666666664 0.22037037037037038 0.22592592592592592
3 0.4287037037037037 0.4583333333333333 0.22592592592592592 0.22777777777777777
2 0.6574074074074074 0.4074074074074074 0.18425925925925926 0.1824074074074074
2 0.8583333333333333 0.362962962962963 0.19166666666666668 0.19166666666666668
3 0.1648148148148148 0.25462962962962965 0.22037037037037038 0.23055555555555557
3 0.387037037037037 0.22685185185185186 0.22037037037037038 0.2324074074074074
2 0.6101851851851852 0.1935185185185185 0.18703703703703703 0.1824074074074074
2 0.8333333333333334 0.15462962962962962 0.19444444444444445 0.19166666666666668
3 0.26666666666666666 0.9046296296296297 0.2111111111111111 0.18981481481481483
3 0.47314814814814815 0.8805555555555555 0.21388888888888888 0.21851851851851853
2 0.7138888888888889 0.8157407407407408 0.17777777777777778 0.17777777777777778
2 0.9018518518518519 0.7768518518518519 0.1824074074074074 0.17777777777777778