3 0.637962962962963 0.18981481481481483 0.1962962962962963 0.19166666666666668
3 0.65 0.3962962962962963 0.19166666666666668 0.19166666666666668
2 0.6546296296296297 0.8037037037037037 0.16018518518518518 0.15555555555555556
2 0.6240740740740741 0.6101851851851852 0.15555555555555556 0.16018518518518518
3 0.4398148148148148 0.2101851851851852 0.1962962962962963 0.19166666666666668
3 0.4546296296296296 0.4222222222222222 0.20185185185185187 0.19907407407407407
2 0.45185185185185184 0.6333333333333333 0.16018518518518518 0.16296296296296298
2 0.45092592592592595 0.8222222222222222 0.17222222222222222 0.17222222222222222
3 0.22314814814814815 0.2212962962962963 0.20185185185185187 0.19907407407407407
3 0.2388888888888889 0.42777777777777776 0.2064814814814815 0.19444444444444445
2 0.25277777777777777 0.6333333333333333 0.16018518518518518 0.16574074074074074
2 0.25925925925925924 0.8416666666666667 0.17222222222222222 0.17222222222222222
3 0.8314814814814815 0.19074074074074074 0.18703703703703703 0.18703703703703703
3 0.8425925925925926 0.3824074074074074 0.19166666666666668 0.19166666666666668
2 0.8296296296296296 0.6083333333333333 0.15555555555555556 0.15555555555555556
2 0.8277777777777777 0.7814814814814814 0.15555555555555556 0.16018518518518518