3 0.47314814814814815 0.2740740740740741 0.1935185185185185 0.19814814814814816
3 0.25 0.3111111111111111 0.19537037037037036 0.19722222222222222
2 0.6935185185185185 0.29259259259259257 0.15462962962962962 0.1527777777777778
2 0.8740740740740741 0.26944444444444443 0.16203703703703703 0.1574074074074074
3 0.2601851851851852 0.4981481481481482 0.19537037037037036 0.19537037037037036
3 0.5 0.4675925925925926 0.19537037037037036 0.19537037037037036
2 0.9064814814814814 0.45 0.1638888888888889 0.15925925925925927
2 0.7129629629629629 0.48333333333333334 0.175 0.17777777777777778
2 0.7462962962962963 0.6583333333333333 0.17777777777777778 0.17777777777777778
2 0.925 0.637962962962963 0.14907407407407408 0.1712962962962963
3 0.2675925925925926 0.7462962962962963 0.19814814814814816 0.20555555555555555
3 0.5574074074074075 0.7138888888888889 0.2 0.21203703703703702
3 0.2175925925925926 0.11388888888888889 0.1925925925925926 0.1787037037037037
3 0.4324074074074074 0.08703703703703704 0.1925925925925926 0.17314814814814813
2 0.8462962962962963 0.09166666666666666 0.15925925925925927 0.1527777777777778
2 0.6666666666666666 0.12685185185185185 0.15462962962962962 0.1527777777777778