2 0.19814814814814816 0.33611111111111114 0.14166666666666666 0.13148148148148148
1 0.5203703703703704 0.3416666666666667 0.15555555555555556 0.15555555555555556
2 0.75 0.37407407407407406 0.14166666666666666 0.1361111111111111
2 0.8907407407407407 0.37777777777777777 0.14166666666666666 0.13148148148148148
2 0.3148148148148148 0.4046296296296296 0.14166666666666666 0.14166666666666666
1 0.4444444444444444 0.4666666666666667 0.15833333333333333 0.15555555555555556
2 0.18055555555555555 0.4759259259259259 0.15092592592592594 0.14629629629629629
2 0.5851851851851851 0.47129629629629627 0.14814814814814814 0.1361111111111111
1 0.725 0.5111111111111111 0.15555555555555556 0.15555555555555556
1 0.8805555555555555 0.5175925925925926 0.16574074074074074 0.16018518518518518
1 0.3101851851851852 0.5509259259259259 0.16574074074074074 0.15555555555555556
1 0.5027777777777778 0.612037037037037 0.16574074074074074 0.16018518518518518
2 0.6518518518518519 0.6287037037037037 0.15092592592592594 0.14629629629629629
1 0.2175925925925926 0.6851851851851852 0.17222222222222222 0.16574074074074074
2 0.37222222222222223 0.6907407407407408 0.14629629629629629 0.15092592592592594
1 0.8101851851851852 0.6907407407407408 0.16574074074074074 0.17037037037037037
1 0.6194444444444445 0.7824074074074074 0.17037037037037037 0.17962962962962964
2 0.29814814814814816 0.8231481481481482 0.14629629629629629 0.16018518518518518
1 0.4583333333333333 0.825925925925926 0.16296296296296298 0.17962962962962964
1 0.36944444444444446 0.125 0.14814814814814814 0.14166666666666666
2 0.6296296296296297 0.15833333333333333 0.1361111111111111 0.12222222222222222
1 0.5 0.1925925925925926 0.15092592592592594 0.14166666666666666
2 0.262037037037037 0.21666666666666667 0.1361111111111111 0.12222222222222222
2 0.7703703703703704 0.2490740740740741 0.1361111111111111 0.12685185185185185
1 0.38333333333333336 0.2851851851851852 0.1537037037037037 0.15092592592592594
2 0.6453703703703704 0.28703703703703703 0.1361111111111111 0.13148148148148148