3 0.6814814814814815 0.8361111111111111 0.18981481481481483 0.1962962962962963
3 0.6805555555555556 0.6157407407407407 0.19166666666666668 0.19444444444444445
2 0.6453703703703704 0.19444444444444445 0.16018518518518518 0.15555555555555556
2 0.6342592592592593 0.39166666666666666 0.1537037037037037 0.1537037037037037
3 0.47129629629629627 0.8277777777777777 0.1962962962962963 0.20185185185185187
3 0.4666666666666667 0.6046296296296296 0.19166666666666668 0.1962962962962963
2 0.4527777777777778 0.38796296296296295 0.15555555555555556 0.15555555555555556
2 0.4398148148148148 0.19074074074074074 0.15555555555555556 0.15833333333333333
3 0.25 0.6138888888888889 0.1962962962962963 0.20185185185185187
2 0.24537037037037038 0.40185185185185185 0.15555555555555556 0.15555555555555556
3 0.24074074074074073 0.8388888888888889 0.19444444444444445 0.18703703703703703
2 0.23425925925925925 0.1824074074074074 0.15555555555555556 0.16018518518518518
3 0.8796296296296297 0.8101851851851852 0.1824074074074074 0.18703703703703703
3 0.8740740740740741 0.6129629629629629 0.18981481481481483 0.18981481481481483
2 0.8462962962962963 0.37962962962962965 0.14351851851851852 0.15092592592592594
2 0.8342592592592593 0.19814814814814816 0.1537037037037037 0.16018518518518518