2 0.20925925925925926 0.5805555555555556 0.16018518518518518 0.16018518518518518
2 0.5370370370370371 0.6074074074074074 0.16018518518518518 0.15555555555555556
2 0.8546296296296296 0.6370370370370371 0.16574074074074074 0.15555555555555556
1 0.37037037037037035 0.5694444444444444 0.17222222222222222 0.16574074074074074
2 0.7333333333333333 0.5657407407407408 0.15833333333333333 0.15092592592592594
1 0.11666666666666667 0.4462962962962963 0.17962962962962964 0.18425925925925926
2 0.27314814814814814 0.45555555555555555 0.15555555555555556 0.16018518518518518
1 0.6092592592592593 0.48055555555555557 0.17962962962962964 0.17962962962962964
1 0.9185185185185185 0.5009259259259259 0.16296296296296298 0.18425925925925926
1 0.4462962962962963 0.43703703703703706 0.1824074074074074 0.18425925925925926
2 0.7870370370370371 0.4287037037037037 0.17222222222222222 0.16574074074074074
1 0.3333333333333333 0.3148148148148148 0.17962962962962964 0.19444444444444445
2 0.5472222222222223 0.33055555555555555 0.16574074074074074 0.16574074074074074
1 0.16574074074074074 0.23425925925925925 0.18981481481481483 0.19166666666666668
1 0.7148148148148148 0.2972222222222222 0.19166666666666668 0.2111111111111111
2 0.9046296296296297 0.30925925925925923 0.17037037037037037 0.17222222222222222
1 0.43703703703703706 0.1787037037037037 0.19166666666666668 0.20185185185185187
2 0.6046296296296296 0.1814814814814815 0.16296296296296298 0.17777777777777778
2 0.2861111111111111 0.11944444444444445 0.17962962962962964 0.18425925925925926
1 0.4185185185185185 0.8425925925925926 0.17222222222222222 0.15555555555555556
2 0.6574074074074074 0.8629629629629629 0.1537037037037037 0.14629629629629629
1 0.5509259259259259 0.7712962962962963 0.17222222222222222 0.16018518518518518
1 0.8175925925925925 0.774074074074074 0.175 0.16296296296296298
2 0.27870370370370373 0.6962962962962963 0.15833333333333333 0.15092592592592594
2 0.4185185185185185 0.700925925925926 0.1537037037037037 0.15092592592592594
1 0.6824074074074075 0.6944444444444444 0.17777777777777778 0.1675925925925926