3 0.29074074074074074 0.36574074074074076 0.2037037037037037 0.2037037037037037
2 0.9185185185185185 0.37037037037037035 0.16018518518518518 0.1824074074074074
3 0.5370370370370371 0.3907407407407407 0.19907407407407407 0.2037037037037037
2 0.725 0.3861111111111111 0.17222222222222222 0.15555555555555556
3 0.2814814814814815 0.5564814814814815 0.2037037037037037 0.19907407407407407
2 0.924074074074074 0.5805555555555556 0.15092592592592594 0.16574074074074074
3 0.5055555555555555 0.5953703703703703 0.19907407407407407 0.2037037037037037
2 0.7444444444444445 0.6037037037037037 0.16296296296296298 0.16296296296296298
3 0.28703703703703703 0.8240740740740741 0.19444444444444445 0.2111111111111111
3 0.5055555555555555 0.8296296296296296 0.19444444444444445 0.2111111111111111
2 0.7490740740740741 0.8240740740740741 0.15555555555555556 0.1675925925925926
2 0.9305555555555556 0.8175925925925925 0.1388888888888889 0.1675925925925926
3 0.5157407407407407 0.14074074074074075 0.2037037037037037 0.21388888888888888
3 0.2814814814814815 0.15833333333333333 0.2037037037037037 0.2037037037037037
2 0.7231481481481481 0.18703703703703703 0.17037037037037037 0.17037037037037037
2 0.9120370370370371 0.1935185185185185 0.15833333333333333 0.17037037037037037