2 0.5111111111111111 0.7611111111111111 0.15555555555555556 0.12222222222222222
2 0.2898148148148148 0.7129629629629629 0.16018518518518518 0.125
1 0.6240740740740741 0.6620370370370371 0.19907407407407407 0.1675925925925926
1 0.4324074074074074 0.6574074074074074 0.20833333333333334 0.15833333333333333
2 0.8175925925925925 0.612037037037037 0.17222222222222222 0.12685185185185185
2 0.1287037037037037 0.5935185185185186 0.1675925925925926 0.1361111111111111
1 0.2935185185185185 0.5722222222222222 0.2037037037037037 0.16296296296296298
1 0.6648148148148149 0.5277777777777778 0.2037037037037037 0.16296296296296298
2 0.8722222222222222 0.5074074074074074 0.1675925925925926 0.12685185185185185
2 0.49166666666666664 0.5388888888888889 0.1675925925925926 0.12685185185185185
2 0.7731481481481481 0.4185185185185185 0.1824074074074074 0.1388888888888889
1 0.37777777777777777 0.4444444444444444 0.21851851851851853 0.1675925925925926
1 0.17685185185185184 0.4583333333333333 0.21388888888888888 0.16574074074074074
1 0.5768518518518518 0.40370370370370373 0.20833333333333334 0.16574074074074074
1 0.4444444444444444 0.2953703703703704 0.21851851851851853 0.175
2 0.6324074074074074 0.2675925925925926 0.17777777777777778 0.14351851851851852