2 0.7203703703703703 0.7027777777777777 0.1361111111111111 0.13148148148148148
2 0.5111111111111111 0.6546296296296297 0.11944444444444445 0.125
3 0.30185185185185187 0.5879629629629629 0.14166666666666666 0.14166666666666666
2 0.6092592592592593 0.6166666666666667 0.12685185185185185 0.12685185185185185
2 0.4074074074074074 0.5472222222222223 0.11296296296296296 0.1175925925925926
2 0.7231481481481481 0.5925925925925926 0.13148148148148148 0.13148148148148148
3 0.5203703703703704 0.5333333333333333 0.14814814814814814 0.14814814814814814
2 0.2814814814814815 0.4722222222222222 0.10740740740740741 0.11296296296296296
3 0.6425925925925926 0.4925925925925926 0.1537037037037037 0.1537037037037037
3 0.44722222222222224 0.42314814814814816 0.14351851851851852 0.14629629629629629
3 0.33611111111111114 0.37777777777777777 0.13425925925925927 0.14629629629629629
2 0.7379629629629629 0.4101851851851852 0.13148148148148148 0.13148148148148148
2 0.5527777777777778 0.37407407407407406 0.11944444444444445 0.125
3 0.44351851851851853 0.2898148148148148 0.14351851851851852 0.15092592592592594
3 0.6407407407407407 0.2851851851851852 0.15833333333333333 0.16574074074074074
3 0.4 0.6648148148148149 0.1388888888888889 0.15555555555555556