3 0.6222222222222222 0.46111111111111114 0.19907407407407407 0.19444444444444445
3 0.6296296296296297 0.24166666666666667 0.19444444444444445 0.18981481481481483
2 0.5601851851851852 0.6657407407407407 0.16296296296296298 0.15833333333333333
2 0.5416666666666666 0.8398148148148148 0.1675925925925926 0.16296296296296298
3 0.44814814814814813 0.21388888888888888 0.19166666666666668 0.19444444444444445
3 0.4287037037037037 0.44814814814814813 0.19907407407407407 0.19444444444444445
2 0.36574074074074076 0.8342592592592593 0.16296296296296298 0.16296296296296298
2 0.37407407407407406 0.6444444444444445 0.16296296296296298 0.15833333333333333
2 0.20185185185185187 0.6425925925925926 0.16296296296296298 0.15833333333333333
2 0.18518518518518517 0.8222222222222222 0.16296296296296298 0.16296296296296298
3 0.21388888888888888 0.16944444444444445 0.20833333333333334 0.2037037037037037
3 0.1824074074074074 0.44907407407407407 0.20833333333333334 0.19907407407407407
3 0.8277777777777777 0.25462962962962965 0.18981481481481483 0.19166666666666668
3 0.8092592592592592 0.46111111111111114 0.18425925925925926 0.19166666666666668
2 0.7175925925925926 0.85 0.15833333333333333 0.15833333333333333
2 0.7148148148148148 0.6722222222222223 0.15833333333333333 0.1537037037037037