3 0.37037037037037035 0.8333333333333334 0.2324074074074074 0.23055555555555557
3 0.3509259259259259 0.6166666666666667 0.23055555555555557 0.23055555555555557
2 0.32592592592592595 0.2972222222222222 0.19444444444444445 0.19444444444444445
2 0.30092592592592593 0.1 0.18981481481481483 0.1675925925925926
3 0.5925925925925926 0.8222222222222222 0.23055555555555557 0.24259259259259258
3 0.5592592592592592 0.562962962962963 0.24444444444444444 0.24444444444444444
2 0.5416666666666666 0.27685185185185185 0.18703703703703703 0.19444444444444445
2 0.5388888888888889 0.07777777777777778 0.1962962962962963 0.15555555555555556
3 0.8027777777777778 0.5435185185185185 0.2611111111111111 0.25925925925925924
3 0.8462962962962963 0.7851851851851852 0.25462962962962965 0.25
2 0.812962962962963 0.2611111111111111 0.2111111111111111 0.2037037037037037
2 0.7851851851851852 0.06111111111111111 0.21388888888888888 0.12222222222222222
3 0.17777777777777778 0.8777777777777778 0.21851851851851853 0.22314814814814815
3 0.13796296296296295 0.6398148148148148 0.22592592592592592 0.22592592592592592
2 0.08888888888888889 0.1259259259259259 0.17777777777777778 0.14629629629629629
2 0.13333333333333333 0.33055555555555555 0.18425925925925926 0.19166666666666668