3 0.225 0.6638888888888889 0.20185185185185187 0.20185185185185187
2 0.8138888888888889 0.5879629629629629 0.17037037037037037 0.17962962962962964
3 0.44907407407407407 0.612037037037037 0.19907407407407407 0.20185185185185187
2 0.6277777777777778 0.5953703703703703 0.17037037037037037 0.15833333333333333
3 0.1925925925925926 0.4842592592592593 0.20185185185185187 0.19907407407407407
2 0.7972222222222223 0.3907407407407407 0.1675925925925926 0.16296296296296298
3 0.3990740740740741 0.42407407407407405 0.1962962962962963 0.19907407407407407
2 0.6203703703703703 0.38981481481481484 0.16296296296296298 0.16018518518518518
3 0.16574074074074074 0.23333333333333334 0.19444444444444445 0.2064814814814815
3 0.36944444444444446 0.20555555555555555 0.19444444444444445 0.2064814814814815
2 0.5962962962962963 0.1814814814814815 0.15555555555555556 0.16574074074074074
2 0.774074074074074 0.16574074074074074 0.15092592592592594 0.16574074074074074
3 0.4601851851851852 0.8472222222222222 0.2037037037037037 0.20833333333333334
3 0.2351851851851852 0.8574074074074074 0.2037037037037037 0.2037037037037037
2 0.649074074074074 0.7796296296296297 0.17037037037037037 0.17037037037037037
2 0.8296296296296296 0.7537037037037037 0.16574074074074074 0.1675925925925926