3 0.48055555555555557 0.34814814814814815 0.20185185185185187 0.19907407407407407
2 0.18055555555555555 0.3962962962962963 0.15555555555555556 0.15555555555555556
2 0.33055555555555555 0.40185185185185185 0.15555555555555556 0.16018518518518518
2 0.7768518518518519 0.3537037037037037 0.16574074074074074 0.15555555555555556
2 0.6259259259259259 0.37962962962962965 0.1537037037037037 0.15092592592592594
3 0.24722222222222223 0.5333333333333333 0.20185185185185187 0.19907407407407407
3 0.4324074074074074 0.512962962962963 0.20185185185185187 0.19907407407407407
3 0.7537037037037037 0.5009259259259259 0.2064814814814815 0.19907407407407407
2 0.5935185185185186 0.5231481481481481 0.175 0.1675925925925926
2 0.3425925925925926 0.6703703703703704 0.16018518518518518 0.17037037037037037
3 0.5157407407407407 0.6685185185185185 0.20185185185185187 0.19907407407407407
3 0.7055555555555556 0.6805555555555556 0.19907407407407407 0.20833333333333334
2 0.39814814814814814 0.2111111111111111 0.15092592592592594 0.1537037037037037
2 0.5370370370370371 0.19907407407407407 0.1537037037037037 0.15092592592592594
3 0.25833333333333336 0.2675925925925926 0.1962962962962963 0.18425925925925926
3 0.6898148148148148 0.22037037037037038 0.1962962962962963 0.1962962962962963