2 0.7972222222222223 0.5805555555555556 0.16018518518518518 0.16018518518518518
2 0.47962962962962963 0.612037037037037 0.15833333333333333 0.1537037037037037
2 0.17037037037037037 0.6462962962962963 0.16296296296296298 0.15555555555555556
1 0.6416666666666667 0.5731481481481482 0.17037037037037037 0.16574074074074074
2 0.28888888888888886 0.5768518518518518 0.15833333333333333 0.15092592592592594
1 0.8842592592592593 0.44814814814814813 0.17777777777777778 0.17962962962962964
2 0.7333333333333333 0.46111111111111114 0.15555555555555556 0.15555555555555556
1 0.4074074074074074 0.49166666666666664 0.175 0.175
1 0.0962962962962963 0.5083333333333333 0.16944444444444445 0.16018518518518518
1 0.5648148148148148 0.4462962962962963 0.17962962962962964 0.1824074074074074
2 0.23333333333333334 0.44351851851851853 0.17037037037037037 0.16574074074074074
1 0.6722222222222223 0.32592592592592595 0.17777777777777778 0.18981481481481483
2 0.4666666666666667 0.3435185185185185 0.16574074074074074 0.16296296296296298
1 0.8333333333333334 0.24537037037037038 0.18703703703703703 0.18981481481481483
1 0.30462962962962964 0.3111111111111111 0.17407407407407408 0.17685185185185184
2 0.1175925925925926 0.3296296296296296 0.1675925925925926 0.17037037037037037
1 0.5675925925925925 0.19444444444444445 0.18703703703703703 0.1962962962962963
2 0.4064814814814815 0.19907407407407407 0.16018518518518518 0.175
2 0.7138888888888889 0.13425925925925927 0.17777777777777778 0.17962962962962964
1 0.6 0.8379629629629629 0.1675925925925926 0.15555555555555556
2 0.36666666666666664 0.8629629629629629 0.1537037037037037 0.14351851851851852
1 0.4685185185185185 0.7731481481481481 0.17037037037037037 0.16018518518518518
1 0.2101851851851852 0.7796296296296297 0.17222222222222222 0.16018518518518518
2 0.7305555555555555 0.6944444444444444 0.15833333333333333 0.15092592592592594
2 0.5962962962962963 0.700925925925926 0.15092592592592594 0.14814814814814814
1 0.3388888888888889 0.6990740740740741 0.175 0.16574074074074074