1 0.6814814814814815 0.7416666666666667 0.18425925925925926 0.18981481481481483
2 0.26296296296296295 0.7148148148148148 0.1824074074074074 0.17037037037037037
2 0.5648148148148148 0.6416666666666667 0.15833333333333333 0.1537037037037037
2 0.8074074074074075 0.6333333333333333 0.1537037037037037 0.1537037037037037
1 0.3537037037037037 0.575925925925926 0.19444444444444445 0.18981481481481483
1 0.6685185185185185 0.5166666666666667 0.18425925925925926 0.19444444444444445
1 0.19907407407407407 0.48055555555555557 0.18981481481481483 0.18981481481481483
1 0.5027777777777778 0.49074074074074076 0.18981481481481483 0.1962962962962963
2 0.8240740740740741 0.4787037037037037 0.1537037037037037 0.16296296296296298
2 0.3592592592592593 0.4083333333333333 0.16296296296296298 0.1675925925925926
1 0.649074074074074 0.3453703703703704 0.17777777777777778 0.175
1 0.4824074074074074 0.30925925925925923 0.17962962962962964 0.1824074074074074
2 0.5722222222222222 0.17222222222222222 0.16296296296296298 0.1675925925925926
1 0.33055555555555555 0.8638888888888889 0.1962962962962963 0.18981481481481483
2 0.5694444444444444 0.8601851851851852 0.1675925925925926 0.16296296296296298
2 0.46296296296296297 0.7537037037037037 0.16296296296296298 0.1675925925925926