3 0.3712962962962963 0.26481481481481484 0.1962962962962963 0.19907407407407407
2 0.44814814814814813 0.8472222222222222 0.175 0.1675925925925926
3 0.42407407407407405 0.487962962962963 0.19907407407407407 0.19166666666666668
2 0.4398148148148148 0.6611111111111111 0.15092592592592594 0.1675925925925926
3 0.549074074074074 0.23333333333333334 0.19166666666666668 0.19907407407407407
2 0.6416666666666667 0.8296296296296296 0.16018518518518518 0.1675925925925926
3 0.6092592592592593 0.4361111111111111 0.1962962962962963 0.19166666666666668
2 0.6444444444444445 0.6564814814814814 0.15833333333333333 0.16296296296296298
3 0.7981481481481482 0.20833333333333334 0.2064814814814815 0.18981481481481483
3 0.8231481481481482 0.4083333333333333 0.2037037037037037 0.19444444444444445
2 0.8472222222222222 0.6324074074074074 0.16296296296296298 0.1537037037037037
2 0.8629629629629629 0.8092592592592592 0.16296296296296298 0.15092592592592594
3 0.1925925925925926 0.49537037037037035 0.2064814814814815 0.20185185185185187
3 0.1824074074074074 0.2777777777777778 0.19907407407407407 0.19907407407407407
2 0.25925925925925924 0.6842592592592592 0.16574074074074074 0.1675925925925926
2 0.2833333333333333 0.8601851851851852 0.16574074074074074 0.16296296296296298