3 0.5925925925925926 0.6824074074074075 0.22777777777777777 0.23055555555555557
3 0.8305555555555556 0.6407407407407407 0.2324074074074074 0.2324074074074074
2 0.3453703703703704 0.7046296296296296 0.1824074074074074 0.18981481481481483
2 0.1685185185185185 0.7212962962962963 0.19166666666666668 0.19166666666666668
3 0.5796296296296296 0.47685185185185186 0.2324074074074074 0.2351851851851852
3 0.8092592592592592 0.4148148148148148 0.23796296296296296 0.23796296296296296
2 0.33055555555555555 0.4842592592592593 0.19166666666666668 0.1962962962962963
2 0.1425925925925926 0.49074074074074076 0.1962962962962963 0.1962962962962963
3 0.8314814814814815 0.16944444444444445 0.24722222222222223 0.24722222222222223
3 0.5564814814814815 0.21296296296296297 0.24444444444444444 0.2564814814814815
2 0.30185185185185187 0.2212962962962963 0.1962962962962963 0.20185185185185187
2 0.09722222222222222 0.22314814814814815 0.19444444444444445 0.2064814814814815
3 0.6407407407407407 0.8842592592592593 0.23055555555555557 0.22592592592592592
3 0.8416666666666667 0.8481481481481481 0.21851851851851853 0.21574074074074073
2 0.3537037037037037 0.9111111111111111 0.1824074074074074 0.17777777777777778
2 0.18518518518518517 0.9148148148148149 0.1824074074074074 0.17037037037037037