2 0.4361111111111111 0.4462962962962963 0.14629629629629629 0.14351851851851852
2 0.4185185185185185 0.2712962962962963 0.14166666666666666 0.14166666666666666
2 0.4638888888888889 0.6194444444444445 0.15833333333333333 0.14814814814814814
2 0.49444444444444446 0.8157407407407408 0.15092592592592594 0.14814814814814814
1 0.6175925925925926 0.25092592592592594 0.16018518518518518 0.15833333333333333
1 0.637962962962963 0.42685185185185187 0.15833333333333333 0.16296296296296298
1 0.6611111111111111 0.6129629629629629 0.16018518518518518 0.16296296296296298
1 0.687037037037037 0.8194444444444444 0.16574074074074074 0.16296296296296298
1 0.8009259259259259 0.2388888888888889 0.15555555555555556 0.14814814814814814
1 0.8777777777777778 0.8148148148148148 0.1675925925925926 0.16574074074074074
1 0.8601851851851852 0.5888888888888889 0.1675925925925926 0.175
1 0.8453703703703703 0.3861111111111111 0.16574074074074074 0.16296296296296298
2 0.262037037037037 0.6611111111111111 0.1537037037037037 0.15092592592592594
2 0.22314814814814815 0.28703703703703703 0.15092592592592594 0.14351851851851852
2 0.2935185185185185 0.8666666666666667 0.15833333333333333 0.15092592592592594
2 0.2657407407407407 0.48518518518518516 0.15555555555555556 0.14629629629629629