2 0.5574074074074075 0.42314814814814816 0.14166666666666666 0.14629629629629629
2 0.7351851851851852 0.41574074074074074 0.14166666666666666 0.14166666666666666
2 0.38055555555555554 0.4425925925925926 0.14629629629629629 0.15555555555555556
2 0.18055555555555555 0.4648148148148148 0.14629629629629629 0.14629629629629629
1 0.7453703703703703 0.6194444444444445 0.15555555555555556 0.15555555555555556
1 0.5675925925925925 0.6296296296296297 0.15555555555555556 0.15555555555555556
1 0.37592592592592594 0.6453703703703704 0.16018518518518518 0.15555555555555556
1 0.1648148148148148 0.6601851851851852 0.16018518518518518 0.16018518518518518
1 0.7472222222222222 0.8037037037037037 0.14629629629629629 0.15092592592592594
1 0.16203703703703703 0.8537037037037037 0.16018518518518518 0.16574074074074074
1 0.38981481481481484 0.8462962962962963 0.17037037037037037 0.16018518518518518
1 0.5962962962962963 0.8398148148148148 0.16018518518518518 0.16018518518518518
2 0.3472222222222222 0.2351851851851852 0.14629629629629629 0.14629629629629629
2 0.7296296296296296 0.2175925925925926 0.14166666666666666 0.15092592592592594
2 0.13796296296296295 0.25555555555555554 0.14629629629629629 0.15092592592592594
2 0.5268518518518519 0.25092592592592594 0.14166666666666666 0.15092592592592594