3 0.3314814814814815 0.21481481481481482 0.22037037037037038 0.21574074074074073
3 0.3101851851851852 0.4388888888888889 0.21388888888888888 0.21388888888888888
2 0.29074074074074074 0.8777777777777778 0.17777777777777778 0.175
2 0.33055555555555555 0.6722222222222223 0.175 0.17777777777777778
3 0.5444444444444444 0.24537037037037038 0.22037037037037038 0.21574074074074073
3 0.5212962962962963 0.4722222222222222 0.22314814814814815 0.22314814814814815
2 0.5166666666666667 0.700925925925926 0.17962962962962964 0.1824074074074074
2 0.5092592592592593 0.9037037037037037 0.19166666666666668 0.19166666666666668
3 0.7787037037037037 0.26481481481481484 0.22592592592592592 0.22037037037037038
3 0.7537037037037037 0.487962962962963 0.23055555555555557 0.21574074074074073
2 0.7305555555555555 0.7101851851851851 0.17962962962962964 0.18703703703703703
2 0.7166666666666667 0.9185185185185185 0.19166666666666668 0.16296296296296298
3 0.12407407407407407 0.2101851851851852 0.2037037037037037 0.2111111111111111
3 0.10555555555555556 0.4148148148148148 0.2111111111111111 0.21388888888888888
2 0.10925925925925926 0.6601851851851852 0.17222222222222222 0.17222222222222222
2 0.10185185185185185 0.8472222222222222 0.175 0.17777777777777778