3 0.6574074074074074 0.6037037037037037 0.175 0.175
3 0.6370370370370371 0.44074074074074077 0.16574074074074074 0.17222222222222222
2 0.5675925925925925 0.7333333333333333 0.1388888888888889 0.14351851851851852
2 0.5768518518518518 0.23703703703703705 0.1388888888888889 0.14351851851851852
2 0.5157407407407407 0.6083333333333333 0.14351851851851852 0.14814814814814814
3 0.5 0.3537037037037037 0.17962962962962964 0.175
2 0.4166666666666667 0.6990740740740741 0.1388888888888889 0.1537037037037037
3 0.4203703703703704 0.4962962962962963 0.17962962962962964 0.17962962962962964
2 0.35 0.32314814814814813 0.14814814814814814 0.14351851851851852
2 0.29907407407407405 0.7824074074074074 0.14814814814814814 0.15092592592592594
3 0.28703703703703703 0.6138888888888889 0.18981481481481483 0.1962962962962963
3 0.23425925925925925 0.42777777777777776 0.19444444444444445 0.19166666666666668
2 0.7935185185185185 0.5518518518518518 0.12962962962962962 0.1388888888888889
3 0.7870370370370371 0.4101851851851852 0.1675925925925926 0.16296296296296298
3 0.7111111111111111 0.7611111111111111 0.17037037037037037 0.18425925925925926
2 0.6990740740740741 0.2824074074074074 0.12962962962962962 0.13148148148148148