3 0.34629629629629627 0.5722222222222222 0.1962962962962963 0.20833333333333334
3 0.16018518518518518 0.5287037037037037 0.2037037037037037 0.2111111111111111
3 0.7388888888888889 0.6287037037037037 0.21574074074074073 0.21574074074074073
3 0.5296296296296297 0.5833333333333334 0.19907407407407407 0.19907407407407407
2 0.8240740740740741 0.40370370370370373 0.17777777777777778 0.17777777777777778
2 0.600925925925926 0.34629629629629627 0.17222222222222222 0.17222222222222222
2 0.24722222222222223 0.27314814814814814 0.16296296296296298 0.1675925925925926
2 0.4185185185185185 0.29444444444444445 0.1675925925925926 0.17037037037037037
2 0.8638888888888889 0.19814814814814816 0.17777777777777778 0.17777777777777778
2 0.6546296296296297 0.15833333333333333 0.17037037037037037 0.17222222222222222
2 0.4601851851851852 0.12037037037037036 0.1675925925925926 0.17037037037037037
2 0.27037037037037037 0.07685185185185185 0.17962962962962964 0.1537037037037037
3 0.487962962962963 0.8092592592592592 0.20833333333333334 0.22037037037037038
3 0.7046296296296296 0.8435185185185186 0.22037037037037038 0.21851851851851853
3 0.12407407407407407 0.7379629629629629 0.20185185185185187 0.2037037037037037
3 0.29907407407407405 0.7537037037037037 0.2037037037037037 0.21388888888888888