2 0.24444444444444444 0.75 0.14351851851851852 0.13425925925925927
2 0.4703703703703704 0.7055555555555556 0.125 0.12685185185185185
3 0.6944444444444444 0.6398148148148148 0.14629629629629629 0.14814814814814814
2 0.36574074074074076 0.6638888888888889 0.12685185185185185 0.12685185185185185
2 0.5833333333333334 0.5962962962962963 0.1175925925925926 0.12222222222222222
2 0.24444444444444444 0.6333333333333333 0.13425925925925927 0.13425925925925927
3 0.4638888888888889 0.5731481481481482 0.1537037037037037 0.1537037037037037
2 0.7212962962962963 0.5212962962962963 0.11296296296296296 0.1175925925925926
3 0.3333333333333333 0.5287037037037037 0.16018518518518518 0.16018518518518518
3 0.5444444444444444 0.45925925925925926 0.15092592592592594 0.15092592592592594
3 0.6648148148148149 0.41574074074074074 0.1361111111111111 0.15092592592592594
2 0.2351851851851852 0.43425925925925923 0.1388888888888889 0.13425925925925927
2 0.4351851851851852 0.40185185185185185 0.125 0.12685185185185185
3 0.5555555555555556 0.3194444444444444 0.14814814814814814 0.15833333333333333
3 0.3435185185185185 0.3055555555555556 0.16018518518518518 0.17222222222222222
3 0.5879629629629629 0.7175925925925926 0.14629629629629629 0.16296296296296298