2 0.5768518518518518 0.5574074074074075 0.14629629629629629 0.14166666666666666
2 0.5842592592592593 0.7351851851851852 0.14166666666666666 0.14166666666666666
2 0.5574074074074075 0.38055555555555554 0.15555555555555556 0.14629629629629629
2 0.5351851851851852 0.18055555555555555 0.14629629629629629 0.14629629629629629
1 0.38055555555555554 0.7453703703703703 0.15555555555555556 0.15555555555555556
1 0.37037037037037035 0.5675925925925925 0.15555555555555556 0.15555555555555556
1 0.35462962962962963 0.37592592592592594 0.15555555555555556 0.16018518518518518
1 0.3398148148148148 0.1648148148148148 0.16018518518518518 0.16018518518518518
1 0.1962962962962963 0.7472222222222222 0.15092592592592594 0.14629629629629629
1 0.14629629629629629 0.16203703703703703 0.16574074074074074 0.16018518518518518
1 0.1537037037037037 0.38981481481481484 0.16018518518518518 0.17037037037037037
1 0.16018518518518518 0.5962962962962963 0.16018518518518518 0.16018518518518518
2 0.7648148148148148 0.3472222222222222 0.14629629629629629 0.14629629629629629
2 0.7824074074074074 0.7296296296296296 0.15092592592592594 0.14166666666666666
2 0.7444444444444445 0.13796296296296295 0.15092592592592594 0.14629629629629629
2 0.7490740740740741 0.5268518518518519 0.15092592592592594 0.14166666666666666