2 0.6453703703703704 0.6685185185185185 0.17777777777777778 0.17037037037037037
2 0.25 0.6842592592592592 0.17037037037037037 0.16574074074074074
2 0.7574074074074074 0.5574074074074075 0.17777777777777778 0.175
3 0.5398148148148149 0.5324074074074074 0.21851851851851853 0.22314814814814815
3 0.11296296296296296 0.5574074074074075 0.22592592592592592 0.23796296296296296
3 0.3388888888888889 0.5296296296296297 0.21851851851851853 0.22037037037037038
2 0.637962962962963 0.38055555555555554 0.17962962962962964 0.18981481481481483
3 0.44907407407407407 0.3509259259259259 0.22777777777777777 0.2324074074074074
3 0.22962962962962963 0.35462962962962963 0.22777777777777777 0.22592592592592592
2 0.7453703703703703 0.2574074074074074 0.18981481481481483 0.18703703703703703
3 0.5685185185185185 0.14814814814814814 0.23055555555555557 0.23796296296296296
3 0.3333333333333333 0.17314814814814813 0.23796296296296296 0.24722222222222223
3 0.5212962962962963 0.8703703703703703 0.22314814814814815 0.22314814814814815
2 0.6907407407407408 0.8111111111111111 0.17222222222222222 0.17037037037037037
2 0.36574074074074076 0.7861111111111111 0.175 0.17777777777777778
2 0.49166666666666664 0.700925925925926 0.17222222222222222 0.17037037037037037