2 0.3388888888888889 0.5592592592592592 0.17222222222222222 0.16018518518518518
2 0.3351851851851852 0.7888888888888889 0.1675925925925926 0.1675925925925926
2 0.3453703703703704 0.3712962962962963 0.15555555555555556 0.15092592592592594
2 0.3509259259259259 0.16944444444444445 0.16018518518518518 0.14814814814814814
1 0.524074074074074 0.8074074074074075 0.17222222222222222 0.17962962962962964
1 0.549074074074074 0.5861111111111111 0.18425925925925926 0.1675925925925926
1 0.5638888888888889 0.375 0.17962962962962964 0.1675925925925926
1 0.5842592592592593 0.1814814814814815 0.17962962962962964 0.17037037037037037
1 0.7416666666666667 0.799074074074074 0.18425925925925926 0.18425925925925926
1 0.7712962962962963 0.387037037037037 0.19166666666666668 0.1675925925925926
1 0.7694444444444445 0.5833333333333334 0.18981481481481483 0.1675925925925926
1 0.7972222222222223 0.19074074074074074 0.17962962962962964 0.16574074074074074
2 0.11666666666666667 0.7935185185185185 0.16574074074074074 0.16018518518518518
2 0.13796296296296295 0.5638888888888889 0.1675925925925926 0.15092592592592594
2 0.16203703703703703 0.37407407407407406 0.16018518518518518 0.15092592592592594
2 0.16944444444444445 0.16018518518518518 0.16018518518518518 0.15092592592592594