3 0.48703703703703705 0.3472222222222222 0.2064814814814815 0.2037037037037037
2 0.18425925925925926 0.39537037037037037 0.16018518518518518 0.15555555555555556
2 0.33796296296296297 0.40185185185185185 0.15555555555555556 0.16574074074074074
2 0.7907407407407407 0.3537037037037037 0.16574074074074074 0.16018518518518518
2 0.6361111111111111 0.37962962962962965 0.15555555555555556 0.15555555555555556
3 0.2537037037037037 0.5351851851851852 0.20833333333333334 0.2037037037037037
3 0.4398148148148148 0.5148148148148148 0.20833333333333334 0.2037037037037037
3 0.7666666666666667 0.5037037037037037 0.2111111111111111 0.20185185185185187
2 0.6046296296296296 0.525 0.17962962962962964 0.17222222222222222
2 0.3509259259259259 0.674074074074074 0.1675925925925926 0.175
3 0.5268518518518519 0.6722222222222223 0.20833333333333334 0.2037037037037037
3 0.7166666666666667 0.6842592592592592 0.2037037037037037 0.21388888888888888
2 0.4074074074074074 0.20833333333333334 0.15555555555555556 0.15555555555555556
2 0.5453703703703704 0.19722222222222222 0.16018518518518518 0.15555555555555556
3 0.26296296296296295 0.26666666666666666 0.20185185185185187 0.18981481481481483
3 0.7027777777777777 0.2175925925925926 0.20185185185185187 0.2037037037037037