2 0.33611111111111114 0.7953703703703704 0.125 0.13425925925925927
1 0.34629629629629627 0.48333333333333334 0.14814814814814814 0.14814814814814814
2 0.3824074074074074 0.25925925925925924 0.12962962962962962 0.13425925925925927
2 0.38796296296296295 0.12222222222222222 0.12685185185185185 0.13425925925925927
2 0.40370370370370373 0.6842592592592592 0.13425925925925927 0.1361111111111111
1 0.4666666666666667 0.5592592592592592 0.14814814814814814 0.15092592592592594
2 0.47129629629629627 0.8148148148148148 0.1388888888888889 0.14351851851851852
2 0.47314814814814815 0.4222222222222222 0.12962962962962962 0.14166666666666666
1 0.5148148148148148 0.2861111111111111 0.14814814814814814 0.14814814814814814
1 0.524074074074074 0.13425925925925927 0.1537037037037037 0.15833333333333333
1 0.5453703703703704 0.6898148148148148 0.14814814814814814 0.15833333333333333
1 0.6083333333333333 0.5046296296296297 0.1537037037037037 0.15833333333333333
2 0.6277777777777778 0.36018518518518516 0.1388888888888889 0.14351851851851852
1 0.6759259259259259 0.7824074074074074 0.15833333333333333 0.16574074074074074
2 0.6824074074074075 0.6324074074074074 0.14351851851851852 0.1388888888888889
1 0.6898148148148148 0.2064814814814815 0.16296296296296298 0.15833333333333333
1 0.7768518518518519 0.39444444444444443 0.17222222222222222 0.16296296296296298
2 0.8101851851851852 0.7064814814814815 0.1537037037037037 0.1388888888888889
1 0.8148148148148148 0.5518518518518518 0.17222222222222222 0.15555555555555556
1 0.13333333333333333 0.6259259259259259 0.1361111111111111 0.14166666666666666
2 0.17037037037037037 0.37222222222222223 0.11481481481481481 0.12962962962962962
1 0.20092592592592592 0.5 0.1361111111111111 0.14351851851851852
2 0.2212962962962963 0.7305555555555555 0.11481481481481481 0.12962962962962962
2 0.2611111111111111 0.23796296296296296 0.12222222222222222 0.12962962962962962
1 0.28888888888888886 0.6138888888888889 0.14351851851851852 0.14629629629629629
2 0.2953703703703704 0.36018518518518516 0.125 0.12962962962962962