3 0.46111111111111114 0.37777777777777777 0.19444444444444445 0.19907407407407407
3 0.24166666666666667 0.37037037037037035 0.18981481481481483 0.19444444444444445
2 0.6657407407407407 0.4398148148148148 0.15833333333333333 0.16296296296296298
2 0.8398148148148148 0.4583333333333333 0.16296296296296298 0.1675925925925926
3 0.21388888888888888 0.5518518518518518 0.19444444444444445 0.19166666666666668
3 0.44814814814814813 0.5712962962962963 0.19444444444444445 0.19907407407407407
2 0.8342592592592593 0.6342592592592593 0.16296296296296298 0.16296296296296298
2 0.6444444444444445 0.6259259259259259 0.15833333333333333 0.16296296296296298
2 0.6425925925925926 0.7981481481481482 0.15833333333333333 0.16296296296296298
2 0.8222222222222222 0.8148148148148148 0.16296296296296298 0.16296296296296298
3 0.16944444444444445 0.7861111111111111 0.2037037037037037 0.20833333333333334
3 0.44907407407407407 0.8175925925925925 0.19907407407407407 0.20833333333333334
3 0.25462962962962965 0.17222222222222222 0.19166666666666668 0.18981481481481483
3 0.46111111111111114 0.19074074074074074 0.19166666666666668 0.18425925925925926
2 0.85 0.2824074074074074 0.15833333333333333 0.15833333333333333
2 0.6722222222222223 0.2851851851851852 0.1537037037037037 0.15833333333333333