3 0.7092592592592593 0.6342592592592593 0.2037037037037037 0.2037037037037037
2 0.08148148148148149 0.6296296296296297 0.16018518518518518 0.1824074074074074
3 0.46296296296296297 0.6092592592592593 0.19907407407407407 0.2037037037037037
2 0.275 0.6138888888888889 0.17222222222222222 0.15555555555555556
3 0.7185185185185186 0.44351851851851853 0.2037037037037037 0.19907407407407407
2 0.07592592592592592 0.41944444444444445 0.15092592592592594 0.16574074074074074
3 0.49444444444444446 0.4046296296296296 0.19907407407407407 0.2037037037037037
2 0.25555555555555554 0.3962962962962963 0.16296296296296298 0.16296296296296298
3 0.7129629629629629 0.17592592592592593 0.19444444444444445 0.2111111111111111
3 0.49444444444444446 0.17037037037037037 0.19444444444444445 0.2111111111111111
2 0.25092592592592594 0.17592592592592593 0.15555555555555556 0.1675925925925926
2 0.06944444444444445 0.1824074074074074 0.1388888888888889 0.1675925925925926
3 0.4842592592592593 0.8592592592592593 0.2037037037037037 0.21388888888888888
3 0.7185185185185186 0.8416666666666667 0.2037037037037037 0.2037037037037037
2 0.27685185185185185 0.812962962962963 0.17037037037037037 0.17037037037037037
2 0.08796296296296297 0.8064814814814815 0.15833333333333333 0.17037037037037037