3 0.34629629629629627 0.45925925925925926 0.1962962962962963 0.19907407407407407
3 0.32592592592592595 0.24722222222222223 0.19166666666666668 0.19907407407407407
2 0.4111111111111111 0.6462962962962963 0.15092592592592594 0.16018518518518518
2 0.43148148148148147 0.8157407407407408 0.16018518518518518 0.1675925925925926
3 0.49722222222222223 0.2064814814814815 0.19166666666666668 0.21388888888888888
3 0.5268518518518519 0.43703703703703706 0.19907407407407407 0.19166666666666668
2 0.5981481481481481 0.8037037037037037 0.16574074074074074 0.16296296296296298
2 0.5842592592592593 0.6194444444444445 0.16574074074074074 0.16018518518518518
2 0.7462962962962963 0.6138888888888889 0.16574074074074074 0.16018518518518518
2 0.7712962962962963 0.7796296296296297 0.175 0.17962962962962964
3 0.7175925925925926 0.16574074074074074 0.2064814814814815 0.2111111111111111
3 0.7546296296296297 0.42685185185185187 0.2111111111111111 0.2064814814814815
3 0.16203703703703703 0.4666666666666667 0.18425925925925926 0.18981481481481483
3 0.14444444444444443 0.27314814814814814 0.18981481481481483 0.18425925925925926
2 0.2675925925925926 0.8296296296296296 0.15833333333333333 0.1537037037037037
2 0.262037037037037 0.6564814814814814 0.14351851851851852 0.15555555555555556