2 0.825925925925926 0.44907407407407407 0.18425925925925926 0.17222222222222222
3 0.45185185185185184 0.40185185185185185 0.22592592592592592 0.22592592592592592
3 0.6324074074074074 0.47685185185185186 0.21574074074074073 0.22314814814814815
2 0.2777777777777778 0.47314814814814815 0.18425925925925926 0.17777777777777778
2 0.8416666666666667 0.5925925925925926 0.175 0.17037037037037037
2 0.4074074074074074 0.5638888888888889 0.1824074074074074 0.1824074074074074
3 0.6935185185185185 0.6611111111111111 0.22037037037037038 0.22777777777777777
2 0.275 0.6574074074074074 0.18703703703703703 0.21388888888888888
3 0.5074074074074074 0.7138888888888889 0.22037037037037038 0.2324074074074074
2 0.6805555555555556 0.8416666666666667 0.1824074074074074 0.19444444444444445
2 0.14537037037037037 0.7657407407407407 0.19444444444444445 0.2037037037037037
3 0.3416666666666667 0.8296296296296296 0.2351851851851852 0.24722222222222223
3 0.5351851851851852 0.9101851851851852 0.22777777777777777 0.17962962962962964
2 0.5453703703703704 0.26296296296296295 0.175 0.16574074074074074
3 0.7083333333333334 0.30277777777777776 0.21851851851851853 0.20833333333333334
3 0.2824074074074074 0.2972222222222222 0.22777777777777777 0.22037037037037038