3 0.700925925925926 0.35833333333333334 0.19444444444444445 0.2111111111111111
3 0.9083333333333333 0.37592592592592594 0.1824074074074074 0.20833333333333334
3 0.25833333333333336 0.35462962962962963 0.21851851851851853 0.21388888888888888
3 0.4962962962962963 0.37222222222222223 0.19907407407407407 0.19907407407407407
2 0.20185185185185187 0.6166666666666667 0.175 0.175
2 0.4564814814814815 0.6453703703703704 0.17037037037037037 0.17037037037037037
2 0.8583333333333333 0.6694444444444444 0.15833333333333333 0.16296296296296298
2 0.6648148148148149 0.674074074074074 0.16296296296296298 0.17037037037037037
2 0.18981481481481483 0.8481481481481481 0.175 0.175
2 0.42592592592592593 0.8592592592592593 0.1675925925925926 0.17037037037037037
2 0.6444444444444445 0.8722222222222222 0.16296296296296298 0.17037037037037037
2 0.8629629629629629 0.899074074074074 0.175 0.1675925925925926
3 0.5074074074074074 0.11944444444444445 0.2037037037037037 0.22314814814814815
3 0.26666666666666666 0.11296296296296296 0.22314814814814815 0.21851851851851853
3 0.9120370370370371 0.14074074074074075 0.175 0.2037037037037037
3 0.725 0.14907407407407408 0.19907407407407407 0.21388888888888888