3 0.28888888888888886 0.5935185185185186 0.2064814814814815 0.2037037037037037
3 0.27870370370370373 0.8333333333333334 0.20833333333333334 0.20833333333333334
2 0.3175925925925926 0.3537037037037037 0.17037037037037037 0.16296296296296298
2 0.3351851851851852 0.18055555555555555 0.17037037037037037 0.17037037037037037
3 0.487962962962963 0.6259259259259259 0.2111111111111111 0.20833333333333334
3 0.5 0.8546296296296296 0.21574074074074073 0.2111111111111111
2 0.5287037037037037 0.3861111111111111 0.175 0.17222222222222222
2 0.5611111111111111 0.20555555555555555 0.17777777777777778 0.17777777777777778
3 0.7305555555555555 0.9083333333333333 0.22037037037037038 0.1824074074074074
3 0.7462962962962963 0.6546296296296297 0.23055555555555557 0.21851851851851853
2 0.7870370370370371 0.4111111111111111 0.1824074074074074 0.17777777777777778
2 0.8277777777777777 0.21388888888888888 0.18703703703703703 0.17777777777777778
3 0.09259259259259259 0.5981481481481481 0.18425925925925926 0.2064814814814815
3 0.08796296296296297 0.8018518518518518 0.175 0.19907407407407407
2 0.11296296296296296 0.3212962962962963 0.16018518518518518 0.16018518518518518
2 0.14074074074074075 0.15462962962962962 0.16018518518518518 0.16018518518518518