3 0.5268518518518519 0.2796296296296296 0.2111111111111111 0.20833333333333334
2 0.8666666666666667 0.2796296296296296 0.16296296296296298 0.16018518518518518
2 0.700925925925926 0.31296296296296294 0.16018518518518518 0.1675925925925926
2 0.19444444444444445 0.3388888888888889 0.17222222222222222 0.16296296296296298
2 0.37037037037037035 0.3416666666666667 0.16018518518518518 0.15833333333333333
3 0.8157407407407408 0.4462962962962963 0.21388888888888888 0.20833333333333334
3 0.6083333333333333 0.45555555555555555 0.21388888888888888 0.20833333333333334
3 0.24722222222222223 0.49907407407407406 0.21851851851851853 0.2064814814814815
2 0.4287037037037037 0.49444444444444446 0.18425925925925926 0.175
2 0.7333333333333333 0.6138888888888889 0.1675925925925926 0.17777777777777778
3 0.5407407407407407 0.6425925925925926 0.21388888888888888 0.20833333333333334
3 0.33425925925925926 0.6888888888888889 0.20833333333333334 0.21851851851851853
2 0.5898148148148148 0.11296296296296296 0.15833333333333333 0.16018518518518518
2 0.43703703703703706 0.125 0.16296296296296298 0.15833333333333333
3 0.7583333333333333 0.15185185185185185 0.20833333333333334 0.19444444444444445
3 0.2675925925925926 0.17592592592592593 0.2064814814814815 0.20833333333333334