2 0.6333333333333333 0.2101851851851852 0.12685185185185185 0.1361111111111111
2 0.6212962962962963 0.4462962962962963 0.12222222222222222 0.1175925925925926
3 0.5888888888888889 0.6861111111111111 0.14166666666666666 0.1361111111111111
2 0.562962962962963 0.34629629629629627 0.12222222222222222 0.12222222222222222
2 0.525 0.5796296296296296 0.1175925925925926 0.11018518518518519
2 0.5148148148148148 0.22870370370370371 0.12685185185185185 0.12685185185185185
3 0.487962962962963 0.45925925925925926 0.14351851851851852 0.14351851851851852
2 0.4685185185185185 0.7287037037037037 0.11018518518518519 0.10555555555555556
3 0.4222222222222222 0.3333333333333333 0.14814814814814814 0.14814814814814814
3 0.38425925925925924 0.5574074074074075 0.14351851851851852 0.14166666666666666
3 0.35462962962962963 0.687037037037037 0.14351851851851852 0.12685185185185185
2 0.3138888888888889 0.2462962962962963 0.12685185185185185 0.12962962962962962
2 0.30925925925925923 0.4546296296296296 0.12222222222222222 0.1175925925925926
3 0.24074074074074073 0.5888888888888889 0.14814814814814814 0.1361111111111111
3 0.19722222222222222 0.37592592592592594 0.16018518518518518 0.15092592592592594
3 0.6537037037037037 0.5638888888888889 0.15555555555555556 0.1361111111111111