2 0.6157407407407407 0.5527777777777778 0.17222222222222222 0.16574074074074074
2 0.637962962962963 0.7657407407407407 0.1675925925925926 0.1675925925925926
2 0.5953703703703703 0.37962962962962965 0.15833333333333333 0.1537037037037037
2 0.5731481481481482 0.1935185185185185 0.16296296296296298 0.15092592592592594
1 0.4638888888888889 0.799074074074074 0.175 0.17962962962962964
1 0.42314814814814816 0.5953703703703703 0.1824074074074074 0.17037037037037037
1 0.39166666666666666 0.40185185185185185 0.17777777777777778 0.17037037037037037
1 0.35833333333333334 0.22314814814814815 0.17777777777777778 0.17222222222222222
1 0.262037037037037 0.8074074074074075 0.18425925925925926 0.18425925925925926
1 0.20092592592592592 0.4287037037037037 0.19166666666666668 0.17037037037037037
1 0.21851851851851853 0.6092592592592593 0.18703703703703703 0.17037037037037037
1 0.16111111111111112 0.2490740740740741 0.17777777777777778 0.1675925925925926
2 0.8416666666666667 0.7537037037037037 0.16574074074074074 0.16018518518518518
2 0.8018518518518518 0.5407407407407407 0.1675925925925926 0.1537037037037037
2 0.7648148148148148 0.36666666666666664 0.16296296296296298 0.1537037037037037
2 0.7407407407407407 0.17037037037037037 0.16296296296296298 0.1537037037037037