3 0.23425925925925925 0.6944444444444444 0.18981481481481483 0.1962962962962963
3 0.4398148148148148 0.6722222222222223 0.19166666666666668 0.19166666666666668
2 0.8398148148148148 0.6046296296296296 0.15555555555555556 0.16018518518518518
2 0.6453703703703704 0.6092592592592593 0.16018518518518518 0.15555555555555556
3 0.22314814814814815 0.49722222222222223 0.19166666666666668 0.19907407407407407
3 0.4305555555555556 0.475 0.1962962962962963 0.19907407407407407
2 0.6398148148148148 0.4361111111111111 0.16296296296296298 0.16018518518518518
2 0.8240740740740741 0.40185185185185185 0.17222222222222222 0.17222222222222222
3 0.1962962962962963 0.2814814814814815 0.1962962962962963 0.2064814814814815
3 0.3990740740740741 0.26296296296296295 0.19444444444444445 0.2064814814814815
2 0.6037037037037037 0.24074074074074073 0.16574074074074074 0.16018518518518518
2 0.8074074074074075 0.21296296296296297 0.17222222222222222 0.17222222222222222
3 0.27037037037037037 0.8842592592592593 0.18703703703703703 0.18425925925925926
3 0.4583333333333333 0.862037037037037 0.18981481481481483 0.19166666666666668
2 0.6787037037037037 0.8101851851851852 0.15555555555555556 0.15555555555555556
2 0.85 0.7787037037037037 0.16018518518518518 0.15555555555555556