0 0.6212962962962963 0.12777777777777777 0.06388888888888888 0.06666666666666667
0 0.44074074074074077 0.23148148148148148 0.06388888888888888 0.06481481481481481
0 0.5796296296296296 0.45925925925925926 0.07592592592592592 0.07777777777777778
0 0.6509259259259259 0.537962962962963 0.06851851851851852 0.07407407407407407
0 0.4148148148148148 0.45 0.07222222222222222 0.07407407407407407
2 0.6796296296296296 0.23703703703703705 0.07407407407407407 0.075
2 0.5574074074074075 0.2351851851851852 0.07777777777777778 0.07314814814814814
2 0.5064814814814815 0.32685185185185184 0.07777777777777778 0.075
2 0.32592592592592595 0.3 0.075 0.07407407407407407
2 0.23055555555555557 0.28425925925925927 0.07777777777777778 0.07777777777777778
2 0.2675925925925926 0.16944444444444445 0.07407407407407407 0.07407407407407407
2 0.38425925925925924 0.15648148148148147 0.08333333333333333 0.07407407407407407
1 0.6148148148148148 0.34074074074074073 0.08981481481481482 0.0824074074074074
1 0.22870370370370371 0.4212962962962963 0.08981481481481482 0.08518518518518518
3 0.30277777777777776 0.587037037037037 0.10092592592592593 0.10462962962962963
3 0.4787037037037037 0.5916666666666667 0.1111111111111111 0.1037037037037037