3 0.6925925925925925 0.1925925925925926 0.18981481481481483 0.1824074074074074
3 0.6907407407407408 0.4027777777777778 0.18425925925925926 0.18425925925925926
2 0.6648148148148149 0.8157407407407408 0.1537037037037037 0.14814814814814814
2 0.649074074074074 0.6194444444444445 0.14814814814814814 0.1537037037037037
3 0.49074074074074076 0.19907407407407407 0.18981481481481483 0.18425925925925926
3 0.49074074074074076 0.4148148148148148 0.19166666666666668 0.18981481481481483
2 0.4722222222222222 0.6277777777777778 0.1537037037037037 0.15555555555555556
2 0.4583333333333333 0.8194444444444444 0.16296296296296298 0.16296296296296298
3 0.27037037037037037 0.19444444444444445 0.19444444444444445 0.18425925925925926
3 0.2712962962962963 0.4046296296296296 0.19907407407407407 0.18425925925925926
2 0.27037037037037037 0.6138888888888889 0.1537037037037037 0.15833333333333333
2 0.26296296296296295 0.8240740740740741 0.16296296296296298 0.16296296296296298
3 0.887962962962963 0.20833333333333334 0.17777777777777778 0.17962962962962964
3 0.8842592592592593 0.4 0.18425925925925926 0.17962962962962964
2 0.8555555555555555 0.6296296296296297 0.14814814814814814 0.14814814814814814
2 0.8435185185185186 0.8037037037037037 0.14814814814814814 0.1537037037037037