3 0.6694444444444444 0.5888888888888889 0.19166666666666668 0.19444444444444445
2 0.6175925925925926 0.3111111111111111 0.15833333333333333 0.15833333333333333
2 0.5842592592592593 0.13055555555555556 0.16296296296296298 0.1675925925925926
3 0.5157407407407407 0.812962962962963 0.19444444444444445 0.19444444444444445
3 0.4888888888888889 0.5879629629629629 0.1962962962962963 0.19444444444444445
2 0.4351851851851852 0.34629629629629627 0.16296296296296298 0.17037037037037037
2 0.3824074074074074 0.16018518518518518 0.16574074074074074 0.17777777777777778
3 0.3037037037037037 0.8453703703703703 0.20185185185185187 0.20185185185185187
3 0.2814814814814815 0.6296296296296297 0.21574074074074073 0.2064814814814815
2 0.20925925925925926 0.3962962962962963 0.17222222222222222 0.1675925925925926
2 0.17314814814814813 0.19074074074074074 0.17962962962962964 0.175
3 0.8777777777777778 0.7546296296296297 0.17962962962962964 0.18981481481481483
3 0.8518518518518519 0.5555555555555556 0.1824074074074074 0.18425925925925926
2 0.7694444444444445 0.09814814814814815 0.15833333333333333 0.16574074074074074
2 0.7833333333333333 0.29814814814814816 0.1537037037037037 0.1537037037037037
3 0.7064814814814815 0.7731481481481481 0.18703703703703703 0.19444444444444445