2 0.23055555555555557 0.36574074074074076 0.13148148148148148 0.12685185185185185
2 0.44074074074074077 0.3537037037037037 0.11296296296296296 0.1175925925925926
3 0.6564814814814814 0.3592592592592593 0.13425925925925927 0.1388888888888889
2 0.3592592592592593 0.4148148148148148 0.1175925925925926 0.1175925925925926
2 0.5694444444444444 0.42407407407407405 0.10740740740740741 0.11296296296296296
2 0.25833333333333336 0.4685185185185185 0.12222222222222222 0.125
3 0.4648148148148148 0.4703703703703704 0.1388888888888889 0.1388888888888889
2 0.7083333333333334 0.46296296296296297 0.10277777777777777 0.10555555555555556
3 0.35833333333333334 0.5416666666666666 0.14351851851851852 0.14351851851851852
3 0.5638888888888889 0.5527777777777778 0.1388888888888889 0.1388888888888889
3 0.6814814814814815 0.5685185185185185 0.125 0.1361111111111111
2 0.29074074074074074 0.6453703703703704 0.12685185185185185 0.125
2 0.47962962962962963 0.6296296296296297 0.11296296296296296 0.1175925925925926
3 0.6037037037037037 0.6787037037037037 0.13425925925925927 0.14351851851851852
3 0.4203703703703704 0.7324074074074074 0.1398148148148148 0.14444444444444443
3 0.5444444444444444 0.3138888888888889 0.13425925925925927 0.14814814814814814