2 0.5638888888888889 0.25462962962962965 0.17037037037037037 0.1361111111111111
2 0.774074074074074 0.35833333333333334 0.175 0.1388888888888889
1 0.42685185185185187 0.32685185185185184 0.21851851851851853 0.18703703703703703
1 0.6166666666666667 0.37777777777777777 0.22314814814814815 0.175
2 0.22037037037037038 0.32685185185185184 0.18425925925925926 0.1388888888888889
2 0.9074074074074074 0.5175925925925926 0.17962962962962964 0.15092592592592594
1 0.737037037037037 0.49907407407407406 0.21851851851851853 0.1824074074074074
1 0.35185185185185186 0.45092592592592595 0.22314814814814815 0.1824074074074074
2 0.13796296296296295 0.41944444444444445 0.17962962962962964 0.1388888888888889
2 0.5277777777777778 0.48333333333333334 0.17962962962962964 0.1388888888888889
2 0.21481481481481482 0.5324074074074074 0.1962962962962963 0.15555555555555556
1 0.6194444444444445 0.6074074074074074 0.2324074074074074 0.18981481481481483
1 0.8240740740740741 0.6425925925925926 0.22777777777777777 0.18425925925925926
1 0.4074074074074074 0.5972222222222222 0.22314814814814815 0.1824074074074074
1 0.512962962962963 0.7379629629629629 0.2351851851851852 0.19444444444444445
2 0.31851851851851853 0.7203703703703703 0.19444444444444445 0.16018518518518518