3 0.6759259259259259 0.49907407407407406 0.22314814814814815 0.20833333333333334
2 0.6398148148148148 0.8194444444444444 0.17962962962962964 0.17222222222222222
2 0.6129629629629629 0.6638888888888889 0.17777777777777778 0.16574074074074074
3 0.5935185185185186 0.32222222222222224 0.21574074074074073 0.21388888888888888
3 0.47129629629629627 0.7657407407407407 0.22037037037037038 0.22037037037037038
2 0.5111111111111111 0.1574074074074074 0.17962962962962964 0.175
2 0.4564814814814815 0.5842592592592593 0.1824074074074074 0.17037037037037037
2 0.4444444444444444 0.4287037037037037 0.1824074074074074 0.17222222222222222
2 0.4027777777777778 0.2657407407407407 0.17037037037037037 0.175
3 0.26481481481481484 0.7731481481481481 0.23055555555555557 0.22592592592592592
3 0.2777777777777778 0.5712962962962963 0.2351851851851852 0.22037037037037038
3 0.24537037037037038 0.36666666666666664 0.23055555555555557 0.23055555555555557
3 0.8898148148148148 0.5092592592592593 0.21851851851851853 0.20833333333333334
3 0.7851851851851852 0.6777777777777778 0.22037037037037038 0.22037037037037038
2 0.7870370370370371 0.36203703703703705 0.175 0.17962962962962964
2 0.7324074074074074 0.21666666666666667 0.17037037037037037 0.16574074074074074