2 0.24537037037037038 0.39814814814814814 0.15092592592592594 0.1537037037037037
2 0.6407407407407407 0.38981481481481484 0.14351851851851852 0.1537037037037037
2 0.4601851851851852 0.4 0.14351851851851852 0.14351851851851852
2 0.8314814814814815 0.3990740740740741 0.1388888888888889 0.14629629629629629
1 0.2222222222222222 0.6212962962962963 0.16296296296296298 0.15833333333333333
1 0.8518518518518519 0.6222222222222222 0.16296296296296298 0.15833333333333333
1 0.43148148148148147 0.6444444444444445 0.15833333333333333 0.1675925925925926
1 0.6324074074074074 0.6574074074074074 0.1537037037037037 0.15833333333333333
1 0.21388888888888888 0.8342592592592593 0.15833333333333333 0.175
1 0.8555555555555555 0.825925925925926 0.16296296296296298 0.1675925925925926
1 0.42685185185185187 0.8472222222222222 0.15833333333333333 0.15833333333333333
1 0.637962962962963 0.8398148148148148 0.1537037037037037 0.15833333333333333
2 0.2388888888888889 0.2175925925925926 0.14166666666666666 0.14351851851851852
2 0.45185185185185184 0.2351851851851852 0.14351851851851852 0.1537037037037037
2 0.8194444444444444 0.2324074074074074 0.1388888888888889 0.1537037037037037
2 0.6287037037037037 0.24259259259259258 0.14814814814814814 0.14814814814814814