3 0.48055555555555557 0.6620370370370371 0.18518518518518517 0.17685185185185184
3 0.2657407407407407 0.6333333333333333 0.1925925925925926 0.17592592592592593
2 0.6925925925925925 0.6407407407407407 0.14722222222222223 0.14537037037037037
2 0.8611111111111112 0.6564814814814814 0.14722222222222223 0.1425925925925926
3 0.26666666666666666 0.45555555555555555 0.2 0.18981481481481483
3 0.5055555555555555 0.47685185185185186 0.18796296296296297 0.18611111111111112
2 0.899074074074074 0.49074074074074076 0.1537037037037037 0.15185185185185185
2 0.7157407407407408 0.4583333333333333 0.15462962962962962 0.15185185185185185
2 0.75 0.29074074074074074 0.16666666666666666 0.1685185185185185
2 0.9222222222222223 0.30648148148148147 0.15555555555555556 0.16111111111111112
3 0.2611111111111111 0.20833333333333334 0.22314814814814815 0.22777777777777777
3 0.5555555555555556 0.2351851851851852 0.2 0.21203703703703702
3 0.24537037037037038 0.8175925925925925 0.18333333333333332 0.1712962962962963
3 0.44907407407407407 0.8351851851851851 0.18333333333333332 0.16666666666666666
2 0.8287037037037037 0.812962962962963 0.14722222222222223 0.1398148148148148
2 0.6648148148148149 0.7861111111111111 0.14722222222222223 0.13796296296296295