2 0.34629629629629627 0.5074074074074074 0.13425925925925927 0.12962962962962962
1 0.37962962962962965 0.37037037037037035 0.1537037037037037 0.1537037037037037
2 0.3990740740740741 0.6342592592592593 0.13425925925925927 0.13425925925925927
1 0.4685185185185185 0.2462962962962963 0.14907407407407408 0.15092592592592594
1 0.48333333333333334 0.4759259259259259 0.1537037037037037 0.14351851851851852
2 0.5277777777777778 0.6101851851851852 0.1361111111111111 0.13425925925925927
1 0.5777777777777777 0.362962962962963 0.14629629629629629 0.14814814814814814
2 0.6129629629629629 0.22592592592592592 0.13425925925925927 0.13425925925925927
2 0.6175925925925926 0.7027777777777777 0.12962962962962962 0.13148148148148148
1 0.6296296296296297 0.5027777777777778 0.14814814814814814 0.14814814814814814
2 0.7166666666666667 0.38981481481481484 0.12962962962962962 0.12962962962962962
1 0.7231481481481481 0.6129629629629629 0.14814814814814814 0.14629629629629629
2 0.7490740740740741 0.2574074074074074 0.1361111111111111 0.13425925925925927
1 0.8092592592592592 0.4925925925925926 0.15 0.14814814814814814
2 0.24166666666666667 0.4203703703703704 0.13148148148148148 0.13425925925925927
1 0.25555555555555554 0.6157407407407407 0.15 0.14814814814814814