2 0.4425925925925926 0.5768518518518518 0.14166666666666666 0.14629629629629629
2 0.26481481481481484 0.5842592592592593 0.14166666666666666 0.14166666666666666
2 0.6194444444444445 0.5574074074074075 0.14629629629629629 0.15555555555555556
2 0.8194444444444444 0.5351851851851852 0.14629629629629629 0.14629629629629629
1 0.25462962962962965 0.38055555555555554 0.15555555555555556 0.15555555555555556
1 0.4324074074074074 0.37037037037037035 0.15555555555555556 0.15555555555555556
1 0.6240740740740741 0.35462962962962963 0.16018518518518518 0.15555555555555556
1 0.8351851851851851 0.3398148148148148 0.16018518518518518 0.16018518518518518
1 0.25277777777777777 0.1962962962962963 0.14629629629629629 0.15092592592592594
1 0.8379629629629629 0.14629629629629629 0.16018518518518518 0.16574074074074074
1 0.6101851851851852 0.1537037037037037 0.17037037037037037 0.16018518518518518
1 0.40370370370370373 0.16018518518518518 0.16018518518518518 0.16018518518518518
2 0.6527777777777778 0.7648148148148148 0.14629629629629629 0.14629629629629629
2 0.27037037037037037 0.7824074074074074 0.14166666666666666 0.15092592592592594
2 0.862037037037037 0.7444444444444445 0.14629629629629629 0.15092592592592594
2 0.47314814814814815 0.7490740740740741 0.14166666666666666 0.15092592592592594