2 0.6768518518518518 0.7388888888888889 0.1824074074074074 0.17962962962962964
2 0.612037037037037 0.3194444444444444 0.17962962962962964 0.17037037037037037
2 0.6333333333333333 0.5120370370370371 0.1675925925925926 0.1675925925925926
2 0.5648148148148148 0.1175925925925926 0.17222222222222222 0.16296296296296298
1 0.44351851851851853 0.8055555555555556 0.18425925925925926 0.19444444444444445
1 0.32592592592592595 0.13703703703703704 0.18981481481481483 0.19444444444444445
1 0.37962962962962965 0.5888888888888889 0.19907407407407407 0.18703703703703703
1 0.3296296296296296 0.3787037037037037 0.18981481481481483 0.1824074074074074
1 0.21851851851851853 0.8546296296296296 0.2037037037037037 0.18703703703703703
1 0.10925925925925926 0.17314814814814813 0.19907407407407407 0.19166666666666668
1 0.1648148148148148 0.6305555555555555 0.18981481481481483 0.18981481481481483
1 0.13333333333333333 0.4064814814814815 0.18981481481481483 0.1824074074074074
2 0.8703703703703703 0.7129629629629629 0.1675925925925926 0.16574074074074074
2 0.8101851851851852 0.49074074074074076 0.17962962962962964 0.17037037037037037
2 0.7462962962962963 0.09722222222222222 0.17962962962962964 0.16574074074074074
2 0.7703703703703704 0.3055555555555556 0.17222222222222222 0.17222222222222222