2 0.22037037037037038 0.2953703703703704 0.15092592592592594 0.14351851851851852
1 0.5361111111111111 0.3398148148148148 0.1675925925925926 0.1675925925925926
2 0.7611111111111111 0.39814814814814814 0.1537037037037037 0.14814814814814814
2 0.9 0.41944444444444445 0.15092592592592594 0.14351851851851852
2 0.32592592592592595 0.37777777777777777 0.1537037037037037 0.1537037037037037
1 0.44722222222222224 0.45185185185185184 0.1675925925925926 0.1675925925925926
2 0.18518518518518517 0.43148148148148147 0.16296296296296298 0.15833333333333333
2 0.5851851851851851 0.4759259259259259 0.15833333333333333 0.14814814814814814
1 0.7185185185185186 0.5296296296296297 0.1675925925925926 0.1675925925925926
1 0.8740740740740741 0.5564814814814815 0.17962962962962964 0.175
1 0.3037037037037037 0.5194444444444445 0.17777777777777778 0.17037037037037037
1 0.48703703703703705 0.6046296296296296 0.17962962962962964 0.175
2 0.6305555555555555 0.6407407407407407 0.16296296296296298 0.15833333333333333
1 0.1962962962962963 0.6407407407407407 0.18425925925925926 0.17962962962962964
2 0.34814814814814815 0.6657407407407407 0.15833333333333333 0.16296296296296298
1 0.7814814814814814 0.7175925925925926 0.17962962962962964 0.18425925925925926
1 0.5805555555555556 0.7861111111111111 0.18425925925925926 0.19444444444444445
2 0.25925925925925924 0.7861111111111111 0.16018518518518518 0.17222222222222222
1 0.4166666666666667 0.8101851851851852 0.175 0.19166666666666668
1 0.41388888888888886 0.10833333333333334 0.15833333333333333 0.1537037037037037
2 0.6685185185185185 0.17314814814814813 0.14629629629629629 0.13148148148148148
1 0.5351851851851852 0.19074074074074074 0.16296296296296298 0.1537037037037037
2 0.29814814814814816 0.18425925925925926 0.14629629629629629 0.13148148148148148
2 0.7953703703703704 0.2796296296296296 0.14629629629629629 0.1388888888888889
1 0.4101851851851852 0.2675925925925926 0.16296296296296298 0.16296296296296298
2 0.6666666666666666 0.30277777777777776 0.14629629629629629 0.14351851851851852