3 0.3425925925925926 0.4111111111111111 0.19907407407407407 0.19907407407407407
3 0.36203703703703705 0.18518518518518517 0.2037037037037037 0.2037037037037037
2 0.3425925925925926 0.6416666666666667 0.1675925925925926 0.15833333333333333
2 0.3416666666666667 0.8074074074074075 0.1675925925925926 0.1675925925925926
3 0.5351851851851852 0.4064814814814815 0.2037037037037037 0.2037037037037037
3 0.575925925925926 0.18703703703703703 0.20833333333333334 0.2064814814814815
2 0.549074074074074 0.637962962962963 0.17222222222222222 0.17037037037037037
2 0.5592592592592592 0.8138888888888889 0.175 0.175
3 0.8009259259259259 0.14537037037037037 0.21574074074074073 0.21574074074074073
3 0.7833333333333333 0.4046296296296296 0.22592592592592592 0.2111111111111111
2 0.7972222222222223 0.6453703703703704 0.17777777777777778 0.17037037037037037
2 0.812962962962963 0.8361111111111111 0.18425925925925926 0.175
3 0.15 0.37962962962962965 0.19444444444444445 0.19907407407407407
3 0.16666666666666666 0.19074074074074074 0.18981481481481483 0.19444444444444445
2 0.14814814814814814 0.6527777777777778 0.15555555555555556 0.15555555555555556
2 0.1537037037037037 0.8101851851851852 0.15555555555555556 0.15555555555555556