3 0.5888888888888889 0.33055555555555555 0.19444444444444445 0.19166666666666668
2 0.3111111111111111 0.3824074074074074 0.15833333333333333 0.15833333333333333
2 0.13055555555555556 0.41574074074074074 0.1675925925925926 0.16296296296296298
3 0.812962962962963 0.4842592592592593 0.19444444444444445 0.19444444444444445
3 0.5879629629629629 0.5111111111111111 0.19444444444444445 0.1962962962962963
2 0.34629629629629627 0.5648148148148148 0.17037037037037037 0.16296296296296298
2 0.16018518518518518 0.6175925925925926 0.17777777777777778 0.16574074074074074
3 0.8453703703703703 0.6962962962962963 0.20185185185185187 0.20185185185185187
3 0.6296296296296297 0.7185185185185186 0.2064814814814815 0.21574074074074073
2 0.3962962962962963 0.7907407407407407 0.1675925925925926 0.17222222222222222
2 0.19074074074074074 0.8268518518518518 0.175 0.17962962962962964
3 0.7546296296296297 0.12222222222222222 0.18981481481481483 0.17962962962962964
3 0.5555555555555556 0.14814814814814814 0.18425925925925926 0.1824074074074074
2 0.09814814814814815 0.23055555555555557 0.16574074074074074 0.15833333333333333
2 0.29814814814814816 0.21666666666666667 0.1537037037037037 0.1537037037037037
3 0.7731481481481481 0.2935185185185185 0.19444444444444445 0.18703703703703703