2 0.3990740740740741 0.4675925925925926 0.16296296296296298 0.15833333333333333
1 0.44907407407407407 0.31296296296296294 0.18981481481481483 0.18981481481481483
2 0.44907407407407407 0.6194444444444445 0.16296296296296298 0.16296296296296298
1 0.5592592592592592 0.17685185185185184 0.18981481481481483 0.19907407407407407
1 0.5592592592592592 0.4425925925925926 0.18981481481481483 0.17962962962962964
2 0.6 0.6018518518518519 0.1675925925925926 0.16296296296296298
1 0.6805555555555556 0.32314814814814813 0.18981481481481483 0.18981481481481483
2 0.7296296296296296 0.16574074074074074 0.16296296296296298 0.16296296296296298
2 0.6972222222222222 0.7166666666666667 0.15833333333333333 0.16296296296296298
1 0.725925925925926 0.48518518518518516 0.18425925925925926 0.18425925925925926
2 0.8351851851851851 0.36203703703703705 0.15833333333333333 0.15833333333333333
1 0.8240740740740741 0.6240740740740741 0.18425925925925926 0.18703703703703703
2 0.8833333333333333 0.21296296296296297 0.1675925925925926 0.16296296296296298
1 0.9194444444444444 0.487962962962963 0.16018518518518518 0.1824074074074074
2 0.2861111111111111 0.3592592592592593 0.16296296296296298 0.16296296296296298
1 0.28888888888888886 0.5861111111111111 0.18981481481481483 0.17962962962962964