2 0.7851851851851852 0.5351851851851852 0.11944444444444445 0.15833333333333333
2 0.7064814814814815 0.7611111111111111 0.12222222222222222 0.16296296296296298
1 0.6962962962962963 0.4083333333333333 0.16574074074074074 0.20185185185185187
1 0.6685185185185185 0.6037037037037037 0.15555555555555556 0.2111111111111111
2 0.6722222222222223 0.20092592592592592 0.12222222222222222 0.17222222222222222
2 0.562962962962963 0.9138888888888889 0.13425925925925927 0.17222222222222222
1 0.5611111111111111 0.7407407407407407 0.16018518518518518 0.2037037037037037
1 0.5611111111111111 0.35 0.16018518518518518 0.2064814814814815
2 0.5675925925925925 0.13055555555555556 0.12222222222222222 0.1675925925925926
2 0.5527777777777778 0.5277777777777778 0.12222222222222222 0.1675925925925926
2 0.4648148148148148 0.2222222222222222 0.1361111111111111 0.1824074074074074
1 0.4388888888888889 0.6333333333333333 0.16574074074074074 0.22037037037037038
1 0.42777777777777776 0.8462962962962963 0.16296296296296298 0.21574074074074073
1 0.42407407407407405 0.42314814814814816 0.16296296296296298 0.2111111111111111
1 0.2935185185185185 0.5444444444444444 0.17037037037037037 0.22037037037037038
2 0.29074074074074074 0.34629629629629627 0.1388888888888889 0.17777777777777778