2 0.4675925925925926 0.65 0.15833333333333333 0.16574074074074074
1 0.6175925925925926 0.5981481481481481 0.18703703703703703 0.18703703703703703
2 0.31851851851851853 0.6018518518518519 0.16574074074074074 0.16574074074074074
1 0.7490740740740741 0.4888888888888889 0.1962962962962963 0.18703703703703703
1 0.487962962962963 0.4925925925925926 0.17777777777777778 0.18703703703703703
2 0.3314814814814815 0.45555555555555555 0.16574074074074074 0.16574074074074074
1 0.6037037037037037 0.37407407407407406 0.18703703703703703 0.18703703703703703
2 0.7574074074074074 0.32222222222222224 0.16574074074074074 0.16574074074074074
2 0.21851851851851853 0.3638888888888889 0.16018518518518518 0.15833333333333333
1 0.44351851851851853 0.33055555555555555 0.1824074074074074 0.1824074074074074
2 0.562962962962963 0.2222222222222222 0.15833333333333333 0.15833333333333333
1 0.30648148148148147 0.2351851851851852 0.18425925925925926 0.1824074074074074
2 0.7092592592592593 0.17222222222222222 0.16574074074074074 0.16574074074074074
1 0.43703703703703706 0.1287037037037037 0.1824074074074074 0.18703703703703703
2 0.5740740740740741 0.7583333333333333 0.16574074074074074 0.16018518518518518
1 0.35185185185185186 0.7620370370370371 0.17962962962962964 0.18703703703703703