2 0.7416666666666667 0.2824074074074074 0.14166666666666666 0.13425925925925927
2 0.5037037037037037 0.31296296296296294 0.12222222222222222 0.125
3 0.26296296296296295 0.3638888888888889 0.14629629629629629 0.14629629629629629
2 0.6092592592592593 0.3638888888888889 0.12685185185185185 0.12685185185185185
2 0.37592592592592594 0.4166666666666667 0.11481481481481481 0.11944444444444445
2 0.7333333333333333 0.4046296296296296 0.13425925925925927 0.13425925925925927
3 0.5 0.45092592592592595 0.15092592592592594 0.15092592592592594
2 0.22870370370370371 0.48703703703703705 0.11018518518518519 0.11481481481481481
3 0.6324074074074074 0.5055555555555555 0.15555555555555556 0.15555555555555556
3 0.4083333333333333 0.562962962962963 0.14629629629629629 0.15092592592592594
3 0.27870370370370373 0.600925925925926 0.13425925925925927 0.15092592592592594
2 0.7287037037037037 0.612037037037037 0.1361111111111111 0.13425925925925927
2 0.5175925925925926 0.6305555555555555 0.12222222222222222 0.125
3 0.387037037037037 0.7083333333333334 0.14629629629629629 0.15555555555555556
3 0.6055555555555555 0.7388888888888889 0.15833333333333333 0.17037037037037037
3 0.38333333333333336 0.29074074074074074 0.14166666666666666 0.16018518518518518