3 0.6444444444444445 0.6814814814814815 0.19907407407407407 0.19907407407407407
3 0.4666666666666667 0.6296296296296297 0.19907407407407407 0.18425925925925926
2 0.8055555555555556 0.6018518518518519 0.16574074074074074 0.15833333333333333
2 0.25 0.5287037037037037 0.16018518518518518 0.15555555555555556
2 0.6731481481481482 0.525 0.17037037037037037 0.16296296296296298
3 0.39166666666666666 0.46111111111111114 0.19907407407407407 0.20185185185185187
2 0.7916666666666666 0.4324074074074074 0.175 0.16018518518518518
3 0.5685185185185185 0.40185185185185185 0.2037037037037037 0.2037037037037037
2 0.3861111111111111 0.29074074074074074 0.16296296296296298 0.17037037037037037
2 0.9046296296296297 0.31574074074074077 0.17037037037037037 0.1675925925925926
3 0.7185185185185186 0.2740740740740741 0.22314814814814815 0.21851851851851853
3 0.525 0.1814814814814815 0.21851851851851853 0.22037037037037038
2 0.5648148148148148 0.8222222222222222 0.15833333333333333 0.14629629629629629
3 0.4064814814814815 0.7907407407407407 0.18703703703703703 0.19166666666666668
3 0.8074074074074075 0.7675925925925926 0.2111111111111111 0.19444444444444445
2 0.2833333333333333 0.6722222222222223 0.1537037037037037 0.14629629629629629