3 0.6722222222222223 0.6166666666666667 0.20185185185185187 0.2064814814814815
2 0.6777777777777778 0.32407407407407407 0.16296296296296298 0.16296296296296298
2 0.6824074074074075 0.13240740740740742 0.17222222222222222 0.175
3 0.4648148148148148 0.8111111111111111 0.2064814814814815 0.2064814814814815
3 0.48518518518518516 0.5796296296296296 0.2064814814814815 0.2064814814814815
2 0.4842592592592593 0.3212962962962963 0.17222222222222222 0.17777777777777778
2 0.4685185185185185 0.11574074074074074 0.17222222222222222 0.18425925925925926
3 0.24166666666666667 0.8018518518518518 0.2111111111111111 0.2111111111111111
3 0.26481481481481484 0.5740740740740741 0.22592592592592592 0.21851851851851853
2 0.24074074074074073 0.32222222222222224 0.17962962962962964 0.17222222222222222
2 0.2490740740740741 0.10185185185185185 0.18703703703703703 0.1824074074074074
3 0.8472222222222222 0.8333333333333334 0.18981481481481483 0.19907407407407407
3 0.8657407407407407 0.6212962962962963 0.18981481481481483 0.19166666666666668
2 0.8787037037037037 0.13796296296296295 0.16574074074074074 0.17037037037037037
2 0.85 0.3472222222222222 0.15833333333333333 0.15833333333333333
3 0.6666666666666666 0.8138888888888889 0.1962962962962963 0.2037037037037037