3 0.6259259259259259 0.26481481481481484 0.17037037037037037 0.17222222222222222
2 0.6018518518518519 0.8092592592592592 0.13425925925925927 0.13333333333333333
3 0.5981481481481481 0.4759259259259259 0.1675925925925926 0.16296296296296298
2 0.5907407407407408 0.6398148148148148 0.12777777777777777 0.12962962962962962
3 0.45925925925925926 0.25 0.1675925925925926 0.17222222222222222
2 0.4166666666666667 0.8083333333333333 0.13055555555555556 0.13518518518518519
3 0.4148148148148148 0.44537037037037036 0.16203703703703703 0.16666666666666666
2 0.4046296296296296 0.649074074074074 0.1361111111111111 0.13425925925925927
3 0.22592592592592592 0.24722222222222223 0.1675925925925926 0.16296296296296298
3 0.21944444444444444 0.4324074074074074 0.16666666666666666 0.15833333333333333
2 0.21481481481481482 0.6453703703703704 0.13055555555555556 0.13148148148148148
2 0.20833333333333334 0.8074074074074075 0.13518518518518519 0.12962962962962962
3 0.8185185185185185 0.4648148148148148 0.17037037037037037 0.17037037037037037
3 0.8055555555555556 0.262037037037037 0.17222222222222222 0.17222222222222222
2 0.7638888888888888 0.6472222222222223 0.13333333333333333 0.13055555555555556
2 0.7555555555555555 0.8111111111111111 0.13333333333333333 0.13518518518518519