2 0.36574074074074076 0.7694444444444445 0.12685185185185185 0.13148148148148148
2 0.3537037037037037 0.5592592592592592 0.1175925925925926 0.11296296296296296
3 0.3592592592592593 0.3435185185185185 0.1388888888888889 0.13425925925925927
2 0.4148148148148148 0.6407407407407407 0.1175925925925926 0.1175925925925926
2 0.42407407407407405 0.4305555555555556 0.11296296296296296 0.10740740740740741
2 0.4685185185185185 0.7416666666666667 0.125 0.12222222222222222
3 0.4703703703703704 0.5351851851851852 0.1388888888888889 0.1388888888888889
2 0.46296296296296297 0.2916666666666667 0.10555555555555556 0.10277777777777777
3 0.5416666666666666 0.6416666666666667 0.14351851851851852 0.14351851851851852
3 0.5527777777777778 0.4361111111111111 0.1388888888888889 0.1388888888888889
3 0.5685185185185185 0.31851851851851853 0.1361111111111111 0.125
2 0.6453703703703704 0.7092592592592593 0.125 0.12685185185185185
2 0.6296296296296297 0.5203703703703704 0.1175925925925926 0.11296296296296296
3 0.6787037037037037 0.3962962962962963 0.14351851851851852 0.13425925925925927
3 0.7324074074074074 0.5796296296296296 0.14444444444444443 0.1398148148148148
3 0.3138888888888889 0.45555555555555555 0.14814814814814814 0.13425925925925927