2 0.6638888888888889 0.19814814814814816 0.13148148148148148 0.14166666666666666
1 0.6583333333333333 0.5203703703703704 0.15555555555555556 0.15555555555555556
2 0.6259259259259259 0.75 0.1361111111111111 0.14166666666666666
2 0.6222222222222222 0.8907407407407407 0.13148148148148148 0.14166666666666666
2 0.5953703703703703 0.3148148148148148 0.14166666666666666 0.14166666666666666
1 0.5333333333333333 0.4444444444444444 0.15555555555555556 0.15833333333333333
2 0.524074074074074 0.18055555555555555 0.14629629629629629 0.15092592592592594
2 0.5287037037037037 0.5851851851851851 0.1361111111111111 0.14814814814814814
1 0.4888888888888889 0.725 0.15555555555555556 0.15555555555555556
1 0.4824074074074074 0.8805555555555555 0.16018518518518518 0.16574074074074074
1 0.44907407407407407 0.3101851851851852 0.15555555555555556 0.16574074074074074
1 0.38796296296296295 0.5027777777777778 0.16018518518518518 0.16574074074074074
2 0.3712962962962963 0.6518518518518519 0.14629629629629629 0.15092592592592594
1 0.3148148148148148 0.2175925925925926 0.16574074074074074 0.17222222222222222
2 0.30925925925925923 0.37222222222222223 0.15092592592592594 0.14629629629629629
1 0.30925925925925923 0.8101851851851852 0.17037037037037037 0.16574074074074074
1 0.2175925925925926 0.6194444444444445 0.17962962962962964 0.17037037037037037
2 0.17685185185185184 0.29814814814814816 0.16018518518518518 0.14629629629629629
1 0.17407407407407408 0.4583333333333333 0.17962962962962964 0.16296296296296298
1 0.875 0.36944444444444446 0.14166666666666666 0.14814814814814814
2 0.8416666666666667 0.6296296296296297 0.12222222222222222 0.1361111111111111
1 0.8074074074074075 0.5 0.14166666666666666 0.15092592592592594
2 0.7833333333333333 0.262037037037037 0.12222222222222222 0.1361111111111111
2 0.7509259259259259 0.7703703703703704 0.12685185185185185 0.1361111111111111
1 0.7148148148148148 0.38333333333333336 0.15092592592592594 0.1537037037037037
2 0.7129629629629629 0.6453703703703704 0.13148148148148148 0.1361111111111111