3 0.3175925925925926 0.5925925925925926 0.23055555555555557 0.22777777777777777
3 0.3592592592592593 0.8305555555555556 0.2324074074074074 0.2324074074074074
2 0.2953703703703704 0.3453703703703704 0.18981481481481483 0.1824074074074074
2 0.27870370370370373 0.1685185185185185 0.19166666666666668 0.19166666666666668
3 0.5231481481481481 0.5796296296296296 0.2351851851851852 0.2324074074074074
3 0.5851851851851851 0.8092592592592592 0.23796296296296296 0.23796296296296296
2 0.5157407407407407 0.33055555555555555 0.1962962962962963 0.19166666666666668
2 0.5092592592592593 0.1425925925925926 0.1962962962962963 0.1962962962962963
3 0.8305555555555556 0.8314814814814815 0.24722222222222223 0.24722222222222223
3 0.7870370370370371 0.5564814814814815 0.2564814814814815 0.24444444444444444
2 0.7787037037037037 0.30185185185185187 0.20185185185185187 0.1962962962962963
2 0.7768518518518519 0.09722222222222222 0.2064814814814815 0.19444444444444445
3 0.11574074074074074 0.6407407407407407 0.22592592592592592 0.23055555555555557
3 0.15185185185185185 0.8416666666666667 0.21574074074074073 0.21851851851851853
2 0.08888888888888889 0.3537037037037037 0.17777777777777778 0.1824074074074074
2 0.08518518518518518 0.18518518518518517 0.17037037037037037 0.1824074074074074