2 0.7703703703703704 0.38055555555555554 0.14166666666666666 0.14166666666666666
2 0.39814814814814814 0.38055555555555554 0.13148148148148148 0.14166666666666666
2 0.5685185185185185 0.387037037037037 0.13148148148148148 0.13148148148148148
2 0.21851851851851853 0.39166666666666666 0.12685185185185185 0.1361111111111111
1 0.7935185185185185 0.5935185185185186 0.15555555555555556 0.14629629629629629
1 0.20185185185185187 0.6037037037037037 0.15092592592592594 0.15092592592592594
1 0.5981481481481481 0.6157407407407407 0.14629629629629629 0.15555555555555556
1 0.4101851851851852 0.6324074074074074 0.14166666666666666 0.14629629629629629
1 0.8064814814814815 0.7907407407407407 0.14629629629629629 0.16296296296296298
1 0.20462962962962963 0.7935185185185185 0.14629629629629629 0.15833333333333333
1 0.6055555555555555 0.8074074074074075 0.15092592592592594 0.14629629629629629
1 0.4074074074074074 0.8064814814814815 0.14351851851851852 0.14629629629629629
2 0.7731481481481481 0.21296296296296297 0.13148148148148148 0.1361111111111111
2 0.5731481481481482 0.23425925925925925 0.13425925925925927 0.14166666666666666
2 0.22592592592592592 0.23333333333333334 0.12685185185185185 0.14166666666666666
2 0.4074074074074074 0.24166666666666667 0.1361111111111111 0.1361111111111111