3 0.34629629629629627 0.3351851851851852 0.21388888888888888 0.20185185185185187
2 0.4462962962962963 0.16944444444444445 0.17777777777777778 0.17777777777777778
2 0.4185185185185185 0.6212962962962963 0.16018518518518518 0.1537037037037037
3 0.42777777777777776 0.7870370370370371 0.20185185185185187 0.1962962962962963
3 0.4703703703703704 0.4703703703703704 0.20185185185185187 0.20833333333333334
3 0.475 0.4675925925925926 0.21388888888888888 0.20185185185185187
2 0.5231481481481481 0.30185185185185187 0.17222222222222222 0.1824074074074074
3 0.5833333333333334 0.6398148148148148 0.21388888888888888 0.21388888888888888
2 0.5935185185185186 0.8064814814814815 0.1675925925925926 0.15833333333333333
2 0.6453703703703704 0.47685185185185186 0.17777777777777778 0.17777777777777778
3 0.6925925925925925 0.3037037037037037 0.22314814814814815 0.21574074074074073
3 0.825925925925926 0.4787037037037037 0.23055555555555557 0.22777777777777777
2 0.1425925925925926 0.5212962962962963 0.14814814814814814 0.1537037037037037
3 0.1648148148148148 0.35833333333333334 0.19166666666666668 0.20833333333333334
2 0.2935185185185185 0.17592592592592593 0.15833333333333333 0.16296296296296298
3 0.29444444444444445 0.5194444444444445 0.18981481481481483 0.19444444444444445
2 0.29074074074074074 0.6861111111111111 0.15833333333333333 0.15555555555555556