2 0.1935185185185185 0.11851851851851852 0.07222222222222222 0.06944444444444445
2 0.175 0.21388888888888888 0.06481481481481481 0.06851851851851852
2 0.17407407407407408 0.39537037037037037 0.06296296296296296 0.06018518518518518
2 0.32222222222222224 0.18425925925925926 0.06481481481481481 0.06481481481481481
2 0.4648148148148148 0.08148148148148149 0.062037037037037036 0.07037037037037037
2 0.487962962962963 0.30277777777777776 0.05925925925925926 0.06944444444444445
2 0.5787037037037037 0.3685185185185185 0.06574074074074074 0.06296296296296296
2 0.6648148148148149 0.37407407407407406 0.06018518518518518 0.06666666666666667
2 0.7527777777777778 0.37222222222222223 0.06018518518518518 0.06111111111111111
2 0.812037037037037 0.4185185185185185 0.058333333333333334 0.06666666666666667
3 0.725 0.175 0.07592592592592592 0.07777777777777778
3 0.7129629629629629 0.2851851851851852 0.07777777777777778 0.08148148148148149
3 0.8324074074074074 0.3388888888888889 0.07407407407407407 0.0787037037037037
0 0.35185185185185186 0.10648148148148148 0.062037037037037036 0.06111111111111111
0 0.2462962962962963 0.2064814814814815 0.058333333333333334 0.06388888888888888
0 0.3194444444444444 0.36666666666666664 0.058333333333333334 0.053703703703703705
0 0.5111111111111111 0.1925925925925926 0.05462962962962963 0.06111111111111111
0 0.4046296296296296 0.23425925925925925 0.058333333333333334 0.05740740740740741
0 0.5824074074074074 0.1259259259259259 0.05648148148148148 0.05925925925925926
2 0.44907407407407407 0.1935185185185185 0.06111111111111111 0.06481481481481481
1 0.6166666666666667 0.2861111111111111 0.07037037037037037 0.06944444444444445
1 0.36666666666666664 0.28703703703703703 0.07314814814814814 0.07314814814814814