3 0.49907407407407406 0.32407407407407407 0.20833333333333334 0.22314814814814815
2 0.8194444444444444 0.36018518518518516 0.17222222222222222 0.17962962962962964
2 0.6638888888888889 0.387037037037037 0.16574074074074074 0.17777777777777778
3 0.32222222222222224 0.4064814814814815 0.21388888888888888 0.21574074074074073
3 0.7657407407407407 0.5287037037037037 0.22037037037037038 0.22037037037037038
2 0.1574074074074074 0.4888888888888889 0.175 0.17962962962962964
2 0.5842592592592593 0.5435185185185185 0.17037037037037037 0.1824074074074074
2 0.4287037037037037 0.5555555555555556 0.17222222222222222 0.1824074074074074
2 0.2657407407407407 0.5972222222222222 0.175 0.17037037037037037
3 0.7731481481481481 0.7351851851851852 0.22592592592592592 0.23055555555555557
3 0.5712962962962963 0.7222222222222222 0.22037037037037038 0.2351851851851852
3 0.36666666666666664 0.7546296296296297 0.23055555555555557 0.23055555555555557
3 0.5092592592592593 0.11018518518518519 0.20833333333333334 0.21851851851851853
3 0.6777777777777778 0.21481481481481482 0.22037037037037038 0.22037037037037038
2 0.36203703703703705 0.21296296296296297 0.17962962962962964 0.175
2 0.21666666666666667 0.2675925925925926 0.16574074074074074 0.17037037037037037