3 0.725925925925926 0.47314814814814815 0.19814814814814816 0.1935185185185185
3 0.6888888888888889 0.25 0.19722222222222222 0.19537037037037036
2 0.7074074074074074 0.6935185185185185 0.1527777777777778 0.15462962962962962
2 0.7305555555555555 0.8740740740740741 0.1574074074074074 0.16203703703703703
3 0.5018518518518519 0.2601851851851852 0.19537037037037036 0.19537037037037036
3 0.5324074074074074 0.5 0.19537037037037036 0.19537037037037036
2 0.55 0.9064814814814814 0.15925925925925927 0.1638888888888889
2 0.5166666666666667 0.7129629629629629 0.17777777777777778 0.175
2 0.3416666666666667 0.7462962962962963 0.17777777777777778 0.17777777777777778
2 0.36203703703703705 0.925 0.1712962962962963 0.14907407407407408
3 0.2537037037037037 0.2675925925925926 0.20555555555555555 0.19814814814814816
3 0.2861111111111111 0.5574074074074075 0.21203703703703702 0.2
3 0.8861111111111111 0.2175925925925926 0.1787037037037037 0.1925925925925926
3 0.912962962962963 0.4324074074074074 0.17314814814814813 0.1925925925925926
2 0.9083333333333333 0.8462962962962963 0.1527777777777778 0.15925925925925927
2 0.8731481481481481 0.6666666666666666 0.1527777777777778 0.15462962962962962