2 0.6731481481481482 0.24074074074074073 0.11944444444444445 0.125
2 0.6574074074074074 0.4638888888888889 0.11296296296296296 0.10740740740740741
3 0.6222222222222222 0.6907407407407408 0.12962962962962962 0.12962962962962962
2 0.6037037037037037 0.36944444444444446 0.11296296296296296 0.11296296296296296
2 0.5648148148148148 0.5879629629629629 0.10740740740740741 0.10277777777777777
2 0.5592592592592592 0.25462962962962965 0.11944444444444445 0.11944444444444445
3 0.5314814814814814 0.475 0.13425925925925927 0.13425925925925927
2 0.5074074074074074 0.7296296296296296 0.10277777777777777 0.09537037037037037
3 0.4685185185185185 0.3537037037037037 0.1388888888888889 0.1388888888888889
3 0.4305555555555556 0.5657407407407408 0.13425925925925927 0.12962962962962962
3 0.3990740740740741 0.6888888888888889 0.13425925925925927 0.11944444444444445
2 0.36944444444444446 0.26944444444444443 0.11944444444444445 0.11944444444444445
2 0.36018518518518516 0.4666666666666667 0.11296296296296296 0.10740740740740741
3 0.2935185185185185 0.5925925925925926 0.1388888888888889 0.12962962962962962
3 0.25555555555555554 0.3907407407407407 0.1537037037037037 0.14166666666666666
3 0.6851851851851852 0.575925925925926 0.14351851851851852 0.125