2 0.46111111111111114 0.2740740740740741 0.175 0.1388888888888889
2 0.7111111111111111 0.3296296296296296 0.17962962962962964 0.14166666666666666
1 0.3351851851851852 0.387037037037037 0.22592592592592592 0.18703703703703703
1 0.5481481481481482 0.3907407407407407 0.2324074074074074 0.17777777777777778
2 0.11666666666666667 0.4398148148148148 0.19166666666666668 0.14166666666666666
2 0.8953703703703704 0.46296296296296297 0.18981481481481483 0.1537037037037037
1 0.7101851851851851 0.487962962962963 0.23055555555555557 0.18425925925925926
1 0.29074074074074074 0.5370370370370371 0.2324074074074074 0.18425925925925926
2 0.07407407407407407 0.5592592592592592 0.14814814814814814 0.1388888888888889
2 0.48333333333333334 0.5231481481481481 0.18703703703703703 0.14166666666666666
2 0.16666666666666666 0.6583333333333333 0.2037037037037037 0.15833333333333333
1 0.612037037037037 0.6305555555555555 0.24722222222222223 0.18981481481481483
1 0.8416666666666667 0.6166666666666667 0.23981481481481481 0.18703703703703703
1 0.387037037037037 0.6759259259259259 0.2351851851851852 0.18703703703703703
1 0.5351851851851852 0.799074074074074 0.24722222222222223 0.1962962962962963
2 0.32314814814814813 0.8277777777777777 0.19907407407407407 0.16296296296296298