2 0.5981481481481481 0.18888888888888888 0.15092592592592594 0.16296296296296298
3 0.6305555555555555 0.5351851851851852 0.2037037037037037 0.2037037037037037
3 0.5675925925925925 0.36666666666666664 0.20185185185185187 0.19444444444444445
2 0.5592592592592592 0.6925925925925925 0.15555555555555556 0.16574074074074074
2 0.4666666666666667 0.16944444444444445 0.15092592592592594 0.1537037037037037
2 0.48055555555555557 0.5694444444444444 0.16018518518518518 0.16018518518518518
3 0.4 0.3055555555555556 0.2064814814814815 0.1962962962962963
2 0.38796296296296295 0.687037037037037 0.19166666666666668 0.16296296296296298
3 0.3453703703703704 0.47314814814814815 0.2111111111111111 0.1962962962962963
2 0.23333333333333334 0.3101851851851852 0.17777777777777778 0.16296296296296298
2 0.28703703703703703 0.8055555555555556 0.1824074074074074 0.175
3 0.23425925925925925 0.6222222222222222 0.22314814814814815 0.2111111111111111
3 0.1361111111111111 0.44351851851851853 0.22314814814814815 0.2111111111111111
2 0.7620370370370371 0.45185185185185184 0.15092592592592594 0.1537037037037037
3 0.7287037037037037 0.30277777777777776 0.18425925925925926 0.19444444444444445
3 0.7212962962962963 0.6935185185185185 0.1962962962962963 0.2064814814814815