2 0.5092592592592593 0.7796296296296297 0.18703703703703703 0.15092592592592594
2 0.737037037037037 0.6638888888888889 0.18981481481481483 0.15555555555555556
1 0.35833333333333334 0.7046296296296296 0.23796296296296296 0.2037037037037037
1 0.5648148148148148 0.6453703703703704 0.24444444444444444 0.19444444444444445
2 0.13240740740740742 0.7083333333333334 0.20185185185185187 0.15555555555555556
2 0.8777777777777778 0.48703703703703705 0.19907407407407407 0.1675925925925926
1 0.6925925925925925 0.5111111111111111 0.24259259259259258 0.20185185185185187
1 0.275 0.5694444444444444 0.24444444444444444 0.20185185185185187
2 0.0712962962962963 0.6037037037037037 0.1361111111111111 0.14629629629629629
2 0.4666666666666667 0.5314814814814814 0.1962962962962963 0.15555555555555556
2 0.12407407407407407 0.48333333333333334 0.21388888888888888 0.17037037037037037
1 0.5638888888888889 0.3962962962962963 0.2564814814814815 0.20833333333333334
1 0.7851851851851852 0.3537037037037037 0.2518518518518518 0.2037037037037037
1 0.3333333333333333 0.4101851851851852 0.24722222222222223 0.2037037037037037
1 0.4462962962962963 0.25462962962962965 0.2564814814814815 0.21574074074074073
2 0.23333333333333334 0.2796296296296296 0.21388888888888888 0.17777777777777778