3 0.6638888888888889 0.5814814814814815 0.23981481481481481 0.22592592592592592
2 0.6935185185185185 0.25925925925925924 0.18981481481481483 0.1824074074074074
2 0.6361111111111111 0.4074074074074074 0.18703703703703703 0.175
3 0.5435185185185185 0.7379629629629629 0.22777777777777777 0.22777777777777777
3 0.5175925925925926 0.27685185185185185 0.2324074074074074 0.2351851851851852
2 0.42777777777777776 0.8833333333333333 0.18981481481481483 0.18425925925925926
2 0.4666666666666667 0.4527777777777778 0.19166666666666668 0.17962962962962964
2 0.4185185185185185 0.6018518518518519 0.19444444444444445 0.1824074074074074
2 0.3435185185185185 0.7546296296296297 0.17962962962962964 0.18981481481481483
3 0.3138888888888889 0.22592592592592592 0.24444444444444444 0.24259259259259258
3 0.2861111111111111 0.42777777777777776 0.24722222222222223 0.2351851851851852
3 0.21388888888888888 0.6222222222222222 0.24444444444444444 0.24444444444444444
3 0.8722222222222222 0.6166666666666667 0.2324074074074074 0.22314814814814815
3 0.8064814814814815 0.42777777777777776 0.2324074074074074 0.2324074074074074
2 0.7444444444444445 0.7388888888888889 0.18425925925925926 0.18981481481481483
2 0.6601851851851852 0.8712962962962963 0.17962962962962964 0.17777777777777778