2 0.4462962962962963 0.5638888888888889 0.14351851851851852 0.14629629629629629
2 0.2712962962962963 0.5814814814814815 0.14166666666666666 0.14166666666666666
2 0.6194444444444445 0.5361111111111111 0.14814814814814814 0.15833333333333333
2 0.8157407407407408 0.5055555555555555 0.14814814814814814 0.15092592592592594
1 0.25092592592592594 0.3824074074074074 0.15833333333333333 0.16018518518518518
1 0.42685185185185187 0.36203703703703705 0.16296296296296298 0.15833333333333333
1 0.6129629629629629 0.3388888888888889 0.16296296296296298 0.16018518518518518
1 0.8194444444444444 0.31296296296296294 0.16296296296296298 0.16574074074074074
1 0.2388888888888889 0.19907407407407407 0.14814814814814814 0.15555555555555556
1 0.8148148148148148 0.12222222222222222 0.16574074074074074 0.1675925925925926
1 0.5888888888888889 0.1398148148148148 0.175 0.1675925925925926
1 0.3861111111111111 0.15462962962962962 0.16296296296296298 0.16574074074074074
2 0.6611111111111111 0.7379629629629629 0.15092592592592594 0.1537037037037037
2 0.28703703703703703 0.7768518518518519 0.14351851851851852 0.15092592592592594
2 0.8666666666666667 0.7064814814814815 0.15092592592592594 0.15833333333333333
2 0.48518518518518516 0.7342592592592593 0.14629629629629629 0.15555555555555556