1 0.5972222222222222 0.4 0.1361111111111111 0.1388888888888889
1 0.7935185185185185 0.4324074074074074 0.14166666666666666 0.14351851851851852
1 0.39444444444444443 0.3990740740740741 0.14166666666666666 0.14351851851851852
1 0.25462962962962965 0.3861111111111111 0.14166666666666666 0.14166666666666666
2 0.7796296296296297 0.6037037037037037 0.125 0.12962962962962962
2 0.2675925925925926 0.5638888888888889 0.125 0.12685185185185185
2 0.5879629629629629 0.5935185185185186 0.125 0.12962962962962962
2 0.4388888888888889 0.5916666666666667 0.125 0.12685185185185185
2 0.5564814814814815 0.7296296296296296 0.125 0.12962962962962962
2 0.2537037037037037 0.7027777777777777 0.125 0.125
2 0.40370370370370373 0.7324074074074074 0.11944444444444445 0.125
2 0.7537037037037037 0.7694444444444445 0.125 0.12962962962962962
1 0.7861111111111111 0.25462962962962965 0.14166666666666666 0.14351851851851852
1 0.5962962962962963 0.2657407407407407 0.1388888888888889 0.1361111111111111
1 0.2814814814814815 0.2490740740740741 0.1361111111111111 0.1388888888888889
1 0.41388888888888886 0.2611111111111111 0.14166666666666666 0.14166666666666666