3 0.3314814814814815 0.5777777777777777 0.18981481481481483 0.18703703703703703
3 0.3388888888888889 0.8055555555555556 0.19166666666666668 0.19166666666666668
2 0.3435185185185185 0.3472222222222222 0.15833333333333333 0.15092592592592594
2 0.3472222222222222 0.1824074074074074 0.15833333333333333 0.15833333333333333
3 0.5212962962962963 0.5953703703703703 0.19444444444444445 0.19166666666666668
3 0.5509259259259259 0.812962962962963 0.1962962962962963 0.19444444444444445
2 0.5472222222222223 0.3638888888888889 0.16296296296296298 0.15833333333333333
2 0.5657407407407408 0.19074074074074074 0.16296296296296298 0.16296296296296298
3 0.7731481481481481 0.8666666666666667 0.2037037037037037 0.2037037037037037
3 0.7703703703703704 0.6055555555555555 0.21388888888888888 0.20185185185185187
2 0.7935185185185185 0.37222222222222223 0.1675925925925926 0.16018518518518518
2 0.8185185185185185 0.1814814814814815 0.17222222222222222 0.16296296296296298
3 0.13703703703703704 0.5972222222222222 0.18425925925925926 0.18981481481481483
3 0.14629629629629629 0.7888888888888889 0.17777777777777778 0.1824074074074074
2 0.14814814814814814 0.33055555555555555 0.14814814814814814 0.14814814814814814
2 0.16203703703703703 0.17222222222222222 0.14814814814814814 0.14814814814814814