1 0.24814814814814815 0.7287037037037037 0.07685185185185185 0.06759259259259259
1 0.6462962962962963 0.48703703703703705 0.07407407407407407 0.07314814814814814
1 0.6444444444444445 0.362962962962963 0.07222222222222222 0.07592592592592592
2 0.24259259259259258 0.6444444444444445 0.06574074074074074 0.06111111111111111
2 0.4148148148148148 0.5888888888888889 0.06481481481481481 0.06388888888888888
2 0.5388888888888889 0.5740740740740741 0.06666666666666667 0.06759259259259259
2 0.5398148148148149 0.44074074074074077 0.06666666666666667 0.06759259259259259
2 0.5222222222222223 0.32592592592592595 0.06944444444444445 0.075
2 0.7407407407407407 0.45 0.06944444444444445 0.06944444444444445
0 0.6407407407407407 0.5907407407407408 0.06111111111111111 0.06759259259259259
0 0.4777777777777778 0.6240740740740741 0.062037037037037036 0.06018518518518518
0 0.4101851851851852 0.6981481481481482 0.06851851851851852 0.06296296296296296
0 0.37407407407407406 0.5111111111111111 0.06388888888888888 0.06018518518518518
0 0.44907407407407407 0.44814814814814813 0.06481481481481481 0.06111111111111111
3 0.24444444444444444 0.5583333333333333 0.08981481481481482 0.08703703703703704
3 0.2074074074074074 0.41944444444444445 0.08518518518518518 0.08703703703703704
3 0.3712962962962963 0.3472222222222222 0.08888888888888889 0.08518518518518518