2 0.23425925925925925 0.4148148148148148 0.15555555555555556 0.15833333333333333
2 0.6564814814814814 0.4203703703703704 0.14814814814814814 0.15833333333333333
2 0.4638888888888889 0.42592592592592593 0.14814814814814814 0.14814814814814814
2 0.8592592592592593 0.4388888888888889 0.14351851851851852 0.15092592592592594
1 0.20277777777777778 0.6527777777777778 0.17037037037037037 0.16296296296296298
1 0.8740740740740741 0.6759259259259259 0.17037037037037037 0.16296296296296298
1 0.42407407407407405 0.6842592592592592 0.16296296296296298 0.175
1 0.6370370370370371 0.7055555555555556 0.15833333333333333 0.16296296296296298
1 0.18518518518518517 0.8787037037037037 0.16296296296296298 0.1824074074074074
1 0.8694444444444445 0.8925925925925926 0.1675925925925926 0.175
1 0.41203703703703703 0.9018518518518519 0.16296296296296298 0.16296296296296298
1 0.6370370370370371 0.9018518518518519 0.15833333333333333 0.16296296296296298
2 0.23425925925925925 0.2222222222222222 0.14351851851851852 0.14814814814814814
2 0.46111111111111114 0.25 0.14814814814814814 0.15833333333333333
2 0.8546296296296296 0.25833333333333336 0.14351851851851852 0.15833333333333333
2 0.6481481481481481 0.26296296296296295 0.1537037037037037 0.1537037037037037