2 0.37592592592592594 0.2212962962962963 0.13148148148148148 0.14629629629629629
3 0.39166666666666666 0.5555555555555556 0.175 0.175
3 0.4287037037037037 0.3861111111111111 0.175 0.17037037037037037
2 0.4824074074074074 0.6972222222222222 0.1361111111111111 0.14629629629629629
2 0.49907407407407406 0.18425925925925926 0.13148148148148148 0.1361111111111111
2 0.5398148148148149 0.5694444444444444 0.14166666666666666 0.14166666666666666
3 0.5814814814814815 0.3037037037037037 0.17962962962962964 0.17037037037037037
2 0.6425925925925926 0.6694444444444444 0.17037037037037037 0.14166666666666666
3 0.6564814814814814 0.45925925925925926 0.18425925925925926 0.17037037037037037
2 0.7416666666666667 0.2861111111111111 0.15833333333333333 0.14166666666666666
2 0.7574074074074074 0.7666666666666667 0.16018518518518518 0.15092592592592594
3 0.7824074074074074 0.5861111111111111 0.1962962962962963 0.18425925925925926
3 0.8537037037037037 0.40185185185185185 0.1962962962962963 0.17962962962962964
2 0.25555555555555554 0.49537037037037035 0.13148148148148148 0.1361111111111111
3 0.26666666666666666 0.34629629629629627 0.16018518518518518 0.17037037037037037
3 0.32685185185185184 0.7203703703703703 0.17037037037037037 0.17962962962962964