2 0.7907407407407407 0.5768518518518518 0.16018518518518518 0.16296296296296298
2 0.41944444444444445 0.6342592592592593 0.15092592592592594 0.15833333333333333
2 0.5879629629629629 0.6037037037037037 0.15092592592592594 0.15092592592592594
2 0.24166666666666667 0.6527777777777778 0.14629629629629629 0.1537037037037037
1 0.7787037037037037 0.362962962962963 0.17037037037037037 0.1675925925925926
1 0.1962962962962963 0.44722222222222224 0.17037037037037037 0.1675925925925926
1 0.5833333333333334 0.3712962962962963 0.1675925925925926 0.175
1 0.39537037037037037 0.3861111111111111 0.16296296296296298 0.16574074074074074
1 0.7611111111111111 0.16574074074074074 0.17037037037037037 0.17962962962962964
1 0.1648148148148148 0.25833333333333336 0.1675925925925926 0.175
1 0.5601851851851852 0.1814814814814815 0.1675925925925926 0.1675925925925926
1 0.362962962962963 0.21388888888888888 0.16296296296296298 0.16574074074074074
2 0.8175925925925925 0.7416666666666667 0.15092592592592594 0.1537037037037037
2 0.6166666666666667 0.7527777777777778 0.15092592592592594 0.15833333333333333
2 0.2740740740740741 0.8092592592592592 0.14629629629629629 0.16018518518518518
2 0.4546296296296296 0.7712962962962963 0.15555555555555556 0.15555555555555556