3 0.25277777777777777 0.5879629629629629 0.2064814814814815 0.2037037037037037
2 0.8462962962962963 0.6259259259259259 0.17222222222222222 0.1824074074074074
3 0.4842592592592593 0.5796296296296296 0.20185185185185187 0.2064814814814815
2 0.6611111111111111 0.5962962962962963 0.17222222222222222 0.16018518518518518
3 0.25555555555555554 0.4064814814814815 0.2064814814814815 0.20185185185185187
2 0.8666666666666667 0.4287037037037037 0.17037037037037037 0.16574074074074074
3 0.4703703703703704 0.3861111111111111 0.20185185185185187 0.2037037037037037
2 0.6944444444444444 0.3925925925925926 0.16574074074074074 0.16296296296296298
3 0.2777777777777778 0.15462962962962962 0.1962962962962963 0.20833333333333334
3 0.48333333333333334 0.16574074074074074 0.1962962962962963 0.20833333333333334
2 0.7092592592592593 0.18611111111111112 0.15833333333333333 0.1675925925925926
2 0.8870370370370371 0.20462962962962963 0.1537037037037037 0.1675925925925926
3 0.44907407407407407 0.812962962962963 0.2064814814814815 0.21388888888888888
3 0.22592592592592592 0.7796296296296297 0.2064814814814815 0.2064814814814815
2 0.6462962962962963 0.7824074074074074 0.17222222222222222 0.17222222222222222
2 0.8296296296296296 0.7907407407407407 0.1675925925925926 0.17037037037037037