2 0.8092592592592592 0.4166666666666667 0.175 0.18425925925925926
2 0.5962962962962963 0.4222222222222222 0.1824074074074074 0.1824074074074074
2 0.41388888888888886 0.4166666666666667 0.18981481481481483 0.18981481481481483
2 0.21296296296296297 0.41944444444444445 0.19444444444444445 0.19444444444444445
3 0.8833333333333333 0.6666666666666666 0.20277777777777778 0.21574074074074073
3 0.6685185185185185 0.6574074074074074 0.20555555555555555 0.2101851851851852
3 0.3962962962962963 0.6546296296296297 0.21481481481481482 0.21944444444444444
3 0.17222222222222222 0.6444444444444445 0.225 0.22685185185185186
3 0.8740740740740741 0.8981481481481481 0.18981481481481483 0.2037037037037037
3 0.6824074074074075 0.887962962962963 0.21574074074074073 0.22314814814814815
3 0.41203703703703703 0.8805555555555555 0.21296296296296297 0.21944444444444444
3 0.15555555555555556 0.8712962962962963 0.23333333333333334 0.21851851851851853
2 0.22314814814814815 0.16666666666666666 0.2064814814814815 0.20185185185185187
2 0.8268518518518518 0.24166666666666667 0.18425925925925926 0.1824074074074074
2 0.6342592592592593 0.225 0.175 0.18425925925925926
2 0.4351851851851852 0.20833333333333334 0.18981481481481483 0.18703703703703703