3 0.5990740740740741 0.4824074074074074 0.18888888888888888 0.19537037037037036
3 0.6287037037037037 0.7111111111111111 0.18333333333333332 0.2064814814814815
2 0.5175925925925926 0.2740740740740741 0.17222222222222222 0.17222222222222222
2 0.48703703703703705 0.0962962962962963 0.17222222222222222 0.17777777777777778
3 0.45092592592592595 0.7546296296296297 0.1935185185185185 0.20925925925925926
3 0.4064814814814815 0.5083333333333333 0.19814814814814816 0.20462962962962963
2 0.30648148148148147 0.10555555555555556 0.16574074074074074 0.16111111111111112
2 0.3277777777777778 0.3 0.1685185185185185 0.1648148148148148
2 0.14814814814814814 0.31203703703703706 0.17592592592592593 0.16666666666666666
2 0.12037037037037036 0.1287037037037037 0.18425925925925926 0.17962962962962964
3 0.19722222222222222 0.8333333333333334 0.21574074074074073 0.2175925925925926
3 0.1398148148148148 0.5185185185185185 0.22407407407407406 0.20833333333333334
3 0.8222222222222222 0.6805555555555556 0.17592592592592593 0.1935185185185185
3 0.7851851851851852 0.4685185185185185 0.1787037037037037 0.18796296296296297
2 0.6583333333333333 0.08425925925925926 0.16296296296296298 0.1675925925925926
2 0.675 0.26296296296296295 0.14722222222222223 0.15925925925925927