3 0.6888888888888889 0.5037037037037037 0.19907407407407407 0.1962962962962963
3 0.6944444444444444 0.725 0.19166666666666668 0.18703703703703703
2 0.6287037037037037 0.2916666666666667 0.16018518518518518 0.15555555555555556
2 0.6138888888888889 0.11388888888888889 0.17037037037037037 0.16018518518518518
3 0.5111111111111111 0.7509259259259259 0.19166666666666668 0.1962962962962963
3 0.49444444444444446 0.512962962962963 0.19907407407407407 0.1962962962962963
2 0.4361111111111111 0.1175925925925926 0.16018518518518518 0.16018518518518518
2 0.4425925925925926 0.3101851851851852 0.16018518518518518 0.15555555555555556
2 0.26666666666666666 0.3101851851851852 0.16018518518518518 0.16018518518518518
2 0.2537037037037037 0.1287037037037037 0.16018518518518518 0.16574074074074074
3 0.27037037037037037 0.7935185185185185 0.2111111111111111 0.20185185185185187
3 0.24537037037037038 0.5055555555555555 0.2111111111111111 0.19907407407407407
3 0.8944444444444445 0.7175925925925926 0.19166666666666668 0.19166666666666668
3 0.8805555555555555 0.5046296296296297 0.18703703703703703 0.19166666666666668
2 0.7916666666666666 0.11018518518518519 0.15555555555555556 0.15833333333333333
2 0.7898148148148149 0.29074074074074074 0.16018518518518518 0.1537037037037037