2 0.2611111111111111 0.6768518518518518 0.17962962962962964 0.1824074074074074
2 0.6805555555555556 0.612037037037037 0.17037037037037037 0.17962962962962964
2 0.487962962962963 0.6333333333333333 0.1675925925925926 0.1675925925925926
2 0.8824074074074074 0.5648148148148148 0.16296296296296298 0.17222222222222222
1 0.19444444444444445 0.44351851851851853 0.19444444444444445 0.18425925925925926
1 0.8629629629629629 0.32592592592592595 0.19444444444444445 0.18981481481481483
1 0.4111111111111111 0.37962962962962965 0.18703703703703703 0.19907407407407407
1 0.6212962962962963 0.3296296296296296 0.1824074074074074 0.18981481481481483
1 0.14537037037037037 0.21851851851851853 0.18703703703703703 0.2037037037037037
1 0.8268518518518518 0.10925925925925926 0.19166666666666668 0.19907407407407407
1 0.36944444444444446 0.1648148148148148 0.18981481481481483 0.18981481481481483
1 0.5935185185185186 0.13333333333333333 0.1824074074074074 0.18981481481481483
2 0.28703703703703703 0.8703703703703703 0.16574074074074074 0.1675925925925926
2 0.5092592592592593 0.8101851851851852 0.17037037037037037 0.17962962962962964
2 0.9027777777777778 0.7462962962962963 0.16574074074074074 0.17962962962962964
2 0.6944444444444444 0.7703703703703704 0.17222222222222222 0.17222222222222222