2 0.38796296296296295 0.25555555555555554 0.1175925925925926 0.11296296296296296
2 0.3907407407407407 0.38981481481481484 0.11296296296296296 0.11018518518518519
2 0.4027777777777778 0.6861111111111111 0.1175925925925926 0.1175925925925926
2 0.4101851851851852 0.5194444444444445 0.1175925925925926 0.11481481481481481
1 0.5518518518518518 0.7064814814814815 0.12222222222222222 0.13425925925925927
1 0.5555555555555556 0.5324074074074074 0.125 0.12222222222222222
1 0.5648148148148148 0.25555555555555554 0.125 0.12222222222222222
1 0.5675925925925925 0.387037037037037 0.125 0.11944444444444445
1 0.6981481481481482 0.37962962962962965 0.12222222222222222 0.11481481481481481
1 0.7083333333333334 0.7111111111111111 0.12222222222222222 0.12962962962962962
1 0.7148148148148148 0.25277777777777777 0.12222222222222222 0.11944444444444445
1 0.737037037037037 0.5398148148148149 0.12222222222222222 0.12222222222222222
2 0.23703703703703705 0.7064814814814815 0.12222222222222222 0.11944444444444445
2 0.25092592592592594 0.25277777777777777 0.11296296296296296 0.11018518518518519
2 0.26944444444444443 0.4027777777777778 0.11018518518518519 0.11296296296296296
2 0.2740740740740741 0.5453703703703704 0.11481481481481481 0.11481481481481481