3 0.21851851851851853 0.6981481481481482 0.2037037037037037 0.2064814814814815
3 0.42592592592592593 0.6638888888888889 0.2037037037037037 0.2037037037037037
2 0.7333333333333333 0.6157407407407407 0.1675925925925926 0.1675925925925926
2 0.9259259259259259 0.5925925925925926 0.14814814814814814 0.17037037037037037
3 0.17777777777777778 0.48703703703703705 0.21388888888888888 0.2037037037037037
3 0.4287037037037037 0.45925925925925926 0.21574074074074073 0.21574074074074073
2 0.700925925925926 0.4046296296296296 0.17222222222222222 0.16574074074074074
2 0.9083333333333333 0.3592592592592593 0.17777777777777778 0.17777777777777778
3 0.3925925925925926 0.225 0.22777777777777777 0.23055555555555557
3 0.1527777777777778 0.24259259259259258 0.22037037037037038 0.22777777777777777
2 0.6537037037037037 0.14814814814814814 0.17962962962962964 0.18981481481481483
2 0.8870370370370371 0.12222222222222222 0.1824074074074074 0.19444444444444445
3 0.225 0.8870370370370371 0.19907407407407407 0.19444444444444445
3 0.4527777777777778 0.8703703703703703 0.19907407407407407 0.19907407407407407
2 0.9435185185185185 0.8009259259259259 0.11296296296296296 0.1675925925925926
2 0.7462962962962963 0.8009259259259259 0.1675925925925926 0.16296296296296298