3 0.6824074074074075 0.4685185185185185 0.1962962962962963 0.19907407407407407
2 0.6888888888888889 0.7833333333333333 0.15092592592592594 0.1537037037037037
2 0.6564814814814814 0.6296296296296297 0.15833333333333333 0.15092592592592594
2 0.6240740740740741 0.1638888888888889 0.1537037037037037 0.16018518518518518
2 0.625 0.32407407407407407 0.14814814814814814 0.15092592592592594
3 0.5351851851851852 0.7388888888888889 0.1962962962962963 0.20185185185185187
3 0.5231481481481481 0.5472222222222223 0.1962962962962963 0.20185185185185187
3 0.47685185185185186 0.21481481481481482 0.19444444444444445 0.2037037037037037
2 0.4842592592592593 0.3824074074074074 0.16574074074074074 0.175
2 0.37777777777777777 0.6657407407407407 0.1675925925925926 0.15833333333333333
3 0.3472222222222222 0.487962962962963 0.1962962962962963 0.20185185185185187
3 0.30277777777777776 0.29814814814814816 0.2064814814814815 0.1962962962962963
2 0.8388888888888889 0.525 0.15092592592592594 0.14814814814814814
2 0.8240740740740741 0.38425925925925924 0.14814814814814814 0.1537037037037037
3 0.8055555555555556 0.6814814814814815 0.1824074074074074 0.1962962962962963
3 0.7777777777777778 0.22962962962962963 0.1962962962962963 0.19166666666666668