2 0.5935185185185186 0.22870370370370371 0.17777777777777778 0.17037037037037037
2 0.5842592592592593 0.4388888888888889 0.175 0.175
2 0.5814814814814815 0.6203703703703703 0.18425925925925926 0.18425925925925926
2 0.5731481481481482 0.8194444444444444 0.18703703703703703 0.18703703703703703
3 0.35 0.14629629629629629 0.2111111111111111 0.21388888888888888
3 0.3453703703703704 0.3592592592592593 0.23055555555555557 0.21574074074074073
3 0.3472222222222222 0.6287037037037037 0.22592592592592592 0.23055555555555557
3 0.34629629629629627 0.850925925925926 0.23796296296296296 0.23981481481481481
3 0.11018518518518519 0.1361111111111111 0.2111111111111111 0.2064814814814815
3 0.12222222222222222 0.33611111111111114 0.21574074074074073 0.20833333333333334
3 0.12407407407407407 0.6046296296296296 0.21203703703703702 0.21666666666666667
3 0.1259259259259259 0.8666666666666667 0.21574074074074073 0.23796296296296296
2 0.8231481481481482 0.8185185185185185 0.19166666666666668 0.19907407407407407
2 0.7703703703703704 0.21666666666666667 0.175 0.17962962962962964
2 0.7796296296296297 0.4083333333333333 0.17777777777777778 0.17037037037037037
2 0.7907407407407407 0.6055555555555555 0.1824074074074074 0.18425925925925926