2 0.1925925925925926 0.7231481481481481 0.13148148148148148 0.125
2 0.42407407407407405 0.7064814814814815 0.11296296296296296 0.1175925925925926
3 0.6611111111111111 0.6703703703703704 0.13425925925925927 0.1361111111111111
2 0.32592592592592595 0.65 0.1175925925925926 0.1175925925925926
2 0.5537037037037037 0.6101851851851852 0.10555555555555556 0.11296296296296296
2 0.2064814814814815 0.6046296296296296 0.125 0.125
3 0.4351851851851852 0.575925925925926 0.1388888888888889 0.1388888888888889
2 0.7018518518518518 0.5509259259259259 0.10092592592592593 0.10555555555555556
3 0.30925925925925923 0.5111111111111111 0.14351851851851852 0.14351851851851852
3 0.5314814814814814 0.4703703703703704 0.1361111111111111 0.1388888888888889
3 0.6583333333333333 0.4388888888888889 0.125 0.1388888888888889
2 0.2222222222222222 0.4064814814814815 0.12685185185185185 0.125
2 0.42777777777777776 0.39814814814814814 0.11296296296296296 0.1175925925925926
3 0.5592592592592592 0.3277777777777778 0.13425925925925927 0.14351851851851852
3 0.34814814814814815 0.28888888888888886 0.14814814814814814 0.15833333333333333
3 0.5416666666666666 0.737037037037037 0.13148148148148148 0.14814814814814814