3 0.2740740740740741 0.5268518518518519 0.19814814814814816 0.1935185185185185
3 0.3111111111111111 0.75 0.19722222222222222 0.19537037037037036
2 0.29259259259259257 0.30648148148148147 0.1527777777777778 0.15462962962962962
2 0.26944444444444443 0.1259259259259259 0.1574074074074074 0.16203703703703703
3 0.4981481481481482 0.7398148148148148 0.19537037037037036 0.19537037037037036
3 0.4675925925925926 0.5 0.19537037037037036 0.19537037037037036
2 0.45 0.09351851851851851 0.15925925925925927 0.1638888888888889
2 0.48333333333333334 0.28703703703703703 0.17777777777777778 0.175
2 0.6583333333333333 0.2537037037037037 0.17777777777777778 0.17777777777777778
2 0.637962962962963 0.075 0.1712962962962963 0.14907407407407408
3 0.7462962962962963 0.7324074074074074 0.20555555555555555 0.19814814814814816
3 0.7138888888888889 0.4425925925925926 0.21203703703703702 0.2
3 0.11388888888888889 0.7824074074074074 0.1787037037037037 0.1925925925925926
3 0.08703703703703704 0.5675925925925925 0.17314814814814813 0.1925925925925926
2 0.09166666666666666 0.1537037037037037 0.1527777777777778 0.15925925925925927
2 0.12685185185185185 0.3333333333333333 0.1527777777777778 0.15462962962962962