2 0.7898148148148149 0.5962962962962963 0.1675925925925926 0.1537037037037037
1 0.4287037037037037 0.6101851851851852 0.18425925925925926 0.18425925925925926
2 0.16574074074074074 0.5879629629629629 0.16296296296296298 0.15833333333333333
2 0.04537037037037037 0.5888888888888889 0.09074074074074075 0.15092592592592594
2 0.6564814814814814 0.5277777777777778 0.1675925925925926 0.16296296296296298
1 0.5074074074074074 0.4666666666666667 0.18703703703703703 0.18425925925925926
2 0.8018518518518518 0.4398148148148148 0.17962962962962964 0.17222222222222222
2 0.34814814814814815 0.4685185185185185 0.17222222222222222 0.16018518518518518
1 0.18518518518518517 0.4324074074074074 0.18425925925925926 0.18425925925925926
1 0.05555555555555555 0.43148148148148147 0.11018518518518519 0.18425925925925926
1 0.649074074074074 0.3638888888888889 0.19444444444444445 0.18425925925925926
1 0.43148148148148147 0.3074074074074074 0.19444444444444445 0.18981481481481483
2 0.26296296296296295 0.2953703703703704 0.17962962962962964 0.17222222222222222
1 0.7453703703703703 0.2064814814814815 0.2037037037037037 0.1962962962962963
2 0.5740740740740741 0.2101851851851852 0.17222222222222222 0.17962962962962964
1 0.08888888888888889 0.2351851851851852 0.17777777777777778 0.20185185185185187
1 0.2935185185185185 0.12129629629629629 0.20185185185185187 0.2111111111111111
2 0.6481481481481481 0.07685185185185185 0.17037037037037037 0.1537037037037037
1 0.47314814814814815 0.08518518518518518 0.19166666666666668 0.17037037037037037
1 0.6083333333333333 0.8435185185185186 0.17222222222222222 0.17037037037037037
2 0.3138888888888889 0.8222222222222222 0.15833333333333333 0.14351851851851852
1 0.4583333333333333 0.7777777777777778 0.17777777777777778 0.17037037037037037
2 0.7222222222222222 0.7351851851851852 0.16018518518518518 0.14351851851851852
2 0.15462962962962962 0.7296296296296296 0.15833333333333333 0.15092592592592594
1 0.5833333333333334 0.6666666666666666 0.17962962962962964 0.17962962962962964
2 0.2898148148148148 0.6787037037037037 0.15833333333333333 0.1537037037037037