2 0.25555555555555554 0.49166666666666664 0.13425925925925927 0.1675925925925926
2 0.30925925925925923 0.7296296296296296 0.13425925925925927 0.1675925925925926
3 0.3592592592592593 0.37037037037037035 0.1675925925925926 0.21851851851851853
3 0.36944444444444446 0.5740740740740741 0.15555555555555556 0.20833333333333334
2 0.4101851851851852 0.15833333333333333 0.13148148148148148 0.17222222222222222
2 0.4361111111111111 0.9037037037037037 0.1388888888888889 0.1675925925925926
3 0.4564814814814815 0.7287037037037037 0.16018518518518518 0.21574074074074073
3 0.5037037037037037 0.3277777777777778 0.1675925925925926 0.21851851851851853
2 0.5287037037037037 0.10092592592592593 0.1361111111111111 0.17777777777777778
2 0.4962962962962963 0.5157407407407407 0.13425925925925927 0.1824074074074074
2 0.6222222222222222 0.20925925925925926 0.1388888888888889 0.18703703703703703
3 0.5962962962962963 0.6259259259259259 0.175 0.22037037037037038
3 0.5796296296296296 0.85 0.175 0.22314814814814815
3 0.6361111111111111 0.41944444444444445 0.1675925925925926 0.22314814814814815
3 0.7574074074074074 0.5675925925925925 0.18703703703703703 0.2351851851851852
2 0.7898148148148149 0.3638888888888889 0.15833333333333333 0.19166666666666668