3 0.6481481481481481 0.8074074074074075 0.19444444444444445 0.2037037037037037
3 0.6620370370370371 0.5981481481481481 0.19907407407407407 0.19907407407407407
2 0.6574074074074074 0.18888888888888888 0.16574074074074074 0.15833333333333333
2 0.6324074074074074 0.3787037037037037 0.15833333333333333 0.15833333333333333
3 0.44722222222222224 0.7888888888888889 0.2064814814814815 0.20833333333333334
3 0.4583333333333333 0.5712962962962963 0.19907407407407407 0.2037037037037037
2 0.45925925925925926 0.36018518518518516 0.15833333333333333 0.15833333333333333
2 0.4601851851851852 0.17314814814814813 0.16018518518518518 0.16296296296296298
3 0.2490740740740741 0.5685185185185185 0.2064814814814815 0.20833333333333334
2 0.25833333333333336 0.36018518518518516 0.16018518518518518 0.16018518518518518
3 0.225 0.7814814814814814 0.20185185185185187 0.19444444444444445
2 0.26296296296296295 0.14907407407407408 0.16018518518518518 0.16574074074074074
3 0.8416666666666667 0.7981481481481482 0.18703703703703703 0.19444444444444445
3 0.85 0.6055555555555555 0.19444444444444445 0.1962962962962963
2 0.8388888888888889 0.37962962962962965 0.14814814814814814 0.15555555555555556
2 0.8388888888888889 0.20462962962962963 0.15833333333333333 0.16574074074074074