3 0.4064814814814815 0.6935185185185185 0.19907407407407407 0.19444444444444445
3 0.17407407407407408 0.6851851851851852 0.19907407407407407 0.18981481481481483
2 0.6175925925925926 0.6453703703703704 0.16018518518518518 0.15092592592592594
2 0.8018518518518518 0.6453703703703704 0.17037037037037037 0.16296296296296298
3 0.1537037037037037 0.49444444444444446 0.21388888888888888 0.19166666666666668
3 0.4074074074074074 0.4962962962962963 0.18981481481481483 0.19907407407407407
2 0.8111111111111111 0.4666666666666667 0.16574074074074074 0.16574074074074074
2 0.6101851851851852 0.4564814814814815 0.16018518518518518 0.16574074074074074
2 0.6259259259259259 0.2814814814814815 0.16296296296296298 0.16574074074074074
2 0.8064814814814815 0.27685185185185185 0.17777777777777778 0.17222222222222222
3 0.1398148148148148 0.2537037037037037 0.21388888888888888 0.20833333333333334
3 0.42592592592592593 0.24722222222222223 0.2064814814814815 0.21388888888888888
3 0.38981481481481484 0.8907407407407407 0.18981481481481483 0.1824074074074074
3 0.17777777777777778 0.8842592592592593 0.18425925925925926 0.18981481481481483
2 0.7935185185185185 0.825925925925926 0.1537037037037037 0.16018518518518518
2 0.6083333333333333 0.8101851851851852 0.16018518518518518 0.14351851851851852