2 0.11851851851851852 0.8064814814814815 0.06944444444444445 0.07222222222222222
2 0.21388888888888888 0.825 0.06851851851851852 0.06481481481481481
2 0.39537037037037037 0.825925925925926 0.06018518518518518 0.06296296296296296
2 0.18425925925925926 0.6777777777777778 0.06481481481481481 0.06481481481481481
2 0.08148148148148149 0.5351851851851852 0.07037037037037037 0.062037037037037036
2 0.30277777777777776 0.5120370370370371 0.06944444444444445 0.05925925925925926
2 0.3685185185185185 0.4212962962962963 0.06296296296296296 0.06574074074074074
2 0.37407407407407406 0.3351851851851852 0.06666666666666667 0.06018518518518518
2 0.37222222222222223 0.24722222222222223 0.06111111111111111 0.06018518518518518
2 0.4185185185185185 0.18796296296296297 0.06666666666666667 0.058333333333333334
3 0.175 0.275 0.07777777777777778 0.07592592592592592
3 0.2851851851851852 0.28703703703703703 0.08148148148148149 0.07777777777777778
3 0.3388888888888889 0.1675925925925926 0.0787037037037037 0.07407407407407407
0 0.10648148148148148 0.6481481481481481 0.06111111111111111 0.062037037037037036
0 0.2064814814814815 0.7537037037037037 0.06388888888888888 0.058333333333333334
0 0.36666666666666664 0.6805555555555556 0.053703703703703705 0.058333333333333334
0 0.1925925925925926 0.4888888888888889 0.06111111111111111 0.05462962962962963
0 0.23425925925925925 0.5953703703703703 0.05740740740740741 0.058333333333333334
0 0.1259259259259259 0.41759259259259257 0.05925925925925926 0.05648148148148148
2 0.1935185185185185 0.5509259259259259 0.06481481481481481 0.06111111111111111
1 0.2861111111111111 0.38333333333333336 0.06944444444444445 0.07037037037037037
1 0.28703703703703703 0.6333333333333333 0.07314814814814814 0.07314814814814814