2 0.39166666666666666 0.20462962962962963 0.14814814814814814 0.16574074074074074
3 0.40370370370370373 0.5851851851851851 0.1962962962962963 0.1962962962962963
3 0.45092592592592595 0.39444444444444443 0.1962962962962963 0.19166666666666668
2 0.5027777777777778 0.7490740740740741 0.1537037037037037 0.16574074074074074
2 0.5333333333333333 0.16574074074074074 0.14814814814814814 0.1537037037037037
2 0.5722222222222222 0.6046296296296296 0.15833333333333333 0.15833333333333333
3 0.6240740740740741 0.3037037037037037 0.2037037037037037 0.19166666666666668
2 0.687037037037037 0.7212962962962963 0.19166666666666668 0.16018518518518518
3 0.7064814814814815 0.48055555555555557 0.2111111111111111 0.19166666666666668
2 0.8064814814814815 0.28703703703703703 0.17777777777777778 0.15833333333333333
2 0.8148148148148148 0.8342592592592593 0.1824074074074074 0.17037037037037037
3 0.8481481481481481 0.6287037037037037 0.22037037037037038 0.2064814814814815
3 0.9101851851851852 0.41944444444444445 0.17777777777777778 0.2037037037037037
2 0.25 0.512962962962963 0.14629629629629629 0.1537037037037037
3 0.2657407407407407 0.3453703703703704 0.1824074074074074 0.19166666666666668
3 0.32592592592592595 0.7703703703703704 0.19166666666666668 0.2037037037037037