3 0.5722222222222222 0.6537037037037037 0.20833333333333334 0.1962962962962963
3 0.5287037037037037 0.8398148148148148 0.2111111111111111 0.2037037037037037
3 0.6287037037037037 0.2611111111111111 0.21574074074074073 0.21574074074074073
3 0.5833333333333334 0.4703703703703704 0.19907407407407407 0.19907407407407407
2 0.40370370370370373 0.17592592592592593 0.17777777777777778 0.17777777777777778
2 0.34629629629629627 0.3990740740740741 0.17222222222222222 0.17222222222222222
2 0.27314814814814814 0.7527777777777778 0.1675925925925926 0.16296296296296298
2 0.29444444444444445 0.5814814814814815 0.17037037037037037 0.1675925925925926
2 0.19814814814814816 0.1361111111111111 0.17777777777777778 0.17777777777777778
2 0.15833333333333333 0.3453703703703704 0.17222222222222222 0.17037037037037037
2 0.12037037037037036 0.5398148148148149 0.17037037037037037 0.1675925925925926
2 0.07685185185185185 0.7296296296296296 0.1537037037037037 0.17962962962962964
3 0.8092592592592592 0.5120370370370371 0.22037037037037038 0.20833333333333334
3 0.8435185185185186 0.2953703703703704 0.21851851851851853 0.22037037037037038
3 0.7379629629629629 0.8759259259259259 0.2037037037037037 0.20185185185185187
3 0.7537037037037037 0.700925925925926 0.21388888888888888 0.2037037037037037