3 0.6685185185185185 0.7851851851851852 0.22037037037037038 0.21574074074074073
3 0.6898148148148148 0.5611111111111111 0.21388888888888888 0.21388888888888888
2 0.7092592592592593 0.12222222222222222 0.17777777777777778 0.175
2 0.6694444444444444 0.3277777777777778 0.175 0.17777777777777778
3 0.45555555555555555 0.7546296296296297 0.22037037037037038 0.21574074074074073
3 0.4787037037037037 0.5277777777777778 0.22314814814814815 0.22314814814814815
2 0.48333333333333334 0.29907407407407405 0.17962962962962964 0.1824074074074074
2 0.49074074074074076 0.0962962962962963 0.19166666666666668 0.19166666666666668
3 0.2212962962962963 0.7351851851851852 0.22592592592592592 0.22037037037037038
3 0.2462962962962963 0.5120370370370371 0.23055555555555557 0.21574074074074073
2 0.26944444444444443 0.2898148148148148 0.17962962962962964 0.18703703703703703
2 0.2833333333333333 0.08148148148148149 0.19166666666666668 0.16296296296296298
3 0.8759259259259259 0.7898148148148149 0.2037037037037037 0.2111111111111111
3 0.8944444444444445 0.5851851851851851 0.2111111111111111 0.21388888888888888
2 0.8907407407407407 0.3398148148148148 0.17222222222222222 0.17222222222222222
2 0.8981481481481481 0.1527777777777778 0.175 0.17777777777777778