3 0.6407407407407407 0.6620370370370371 0.2037037037037037 0.2037037037037037
3 0.4638888888888889 0.6546296296296297 0.20185185185185187 0.19166666666666668
2 0.7703703703703704 0.549074074074074 0.16574074074074074 0.16296296296296298
2 0.23796296296296296 0.612037037037037 0.16296296296296298 0.16018518518518518
2 0.6324074074074074 0.5092592592592593 0.17222222222222222 0.16574074074074074
3 0.35462962962962963 0.512962962962963 0.20185185185185187 0.2037037037037037
2 0.7185185185185186 0.3925925925925926 0.17777777777777778 0.16574074074074074
3 0.5037037037037037 0.41944444444444445 0.20833333333333334 0.2064814814814815
2 0.30925925925925923 0.3574074074074074 0.16574074074074074 0.17222222222222222
2 0.799074074074074 0.2611111111111111 0.17222222222222222 0.17037037037037037
3 0.6157407407407407 0.262037037037037 0.22592592592592592 0.22037037037037038
3 0.4111111111111111 0.225 0.22314814814814815 0.22592592592592592
2 0.5962962962962963 0.8111111111111111 0.16018518518518518 0.15092592592592594
3 0.4444444444444444 0.8194444444444444 0.19166666666666668 0.19444444444444445
3 0.8138888888888889 0.7027777777777777 0.2111111111111111 0.1962962962962963
2 0.29907407407407405 0.737037037037037 0.1537037037037037 0.15092592592592594