3 0.35462962962962963 0.5287037037037037 0.18703703703703703 0.18703703703703703
3 0.36944444444444446 0.31296296296296294 0.17962962962962964 0.19166666666666668
2 0.39537037037037037 0.7388888888888889 0.1537037037037037 0.1537037037037037
2 0.3925925925925926 0.9101851851851852 0.15092592592592594 0.15555555555555556
3 0.5472222222222223 0.30277777777777776 0.18703703703703703 0.1962962962962963
3 0.5398148148148149 0.5416666666666666 0.19166666666666668 0.19166666666666668
2 0.5555555555555556 0.9305555555555556 0.1537037037037037 0.1388888888888889
2 0.575925925925926 0.75 0.15833333333333333 0.16018518518518518
2 0.7453703703703703 0.7731481481481481 0.17037037037037037 0.16574074074074074
2 0.7416666666666667 0.9342592592592592 0.16018518518518518 0.13148148148148148
3 0.7981481481481482 0.2777777777777778 0.21574074074074073 0.20833333333333334
3 0.7851851851851852 0.575925925925926 0.21388888888888888 0.20185185185185187
3 0.18055555555555555 0.3055555555555556 0.1675925925925926 0.18981481481481483
3 0.1787037037037037 0.5092592592592593 0.17222222222222222 0.17962962962962964
2 0.23055555555555557 0.8916666666666667 0.14166666666666666 0.15092592592592594
2 0.24259259259259258 0.7231481481481481 0.14166666666666666 0.15092592592592594