3 0.5194444444444445 0.6518518518518519 0.20185185185185187 0.19907407407407407
2 0.8194444444444444 0.6037037037037037 0.15555555555555556 0.15555555555555556
2 0.6694444444444444 0.5981481481481481 0.15555555555555556 0.16018518518518518
2 0.22314814814814815 0.6462962962962963 0.16574074074074074 0.15555555555555556
2 0.37407407407407406 0.6203703703703703 0.1537037037037037 0.15092592592592594
3 0.7527777777777778 0.4666666666666667 0.20185185185185187 0.19907407407407407
3 0.5675925925925925 0.48703703703703705 0.20185185185185187 0.19907407407407407
3 0.2462962962962963 0.49907407407407406 0.2064814814814815 0.19907407407407407
2 0.4064814814814815 0.47685185185185186 0.175 0.1675925925925926
2 0.6574074074074074 0.3296296296296296 0.16018518518518518 0.17037037037037037
3 0.4842592592592593 0.3314814814814815 0.20185185185185187 0.19907407407407407
3 0.29444444444444445 0.3194444444444444 0.19907407407407407 0.20833333333333334
2 0.6018518518518519 0.7888888888888889 0.15092592592592594 0.1537037037037037
2 0.46296296296296297 0.8009259259259259 0.1537037037037037 0.15092592592592594
3 0.7416666666666667 0.7324074074074074 0.1962962962962963 0.18425925925925926
3 0.3101851851851852 0.7796296296296297 0.1962962962962963 0.1962962962962963