3 0.5009259259259259 0.6759259259259259 0.20833333333333334 0.22314814814814815
2 0.18055555555555555 0.6398148148148148 0.17222222222222222 0.17962962962962964
2 0.33611111111111114 0.6129629629629629 0.16574074074074074 0.17777777777777778
3 0.6777777777777778 0.5935185185185186 0.21388888888888888 0.21574074074074073
3 0.23425925925925925 0.47129629629629627 0.22037037037037038 0.22037037037037038
2 0.8425925925925926 0.5111111111111111 0.175 0.17962962962962964
2 0.41574074074074074 0.4564814814814815 0.17037037037037037 0.1824074074074074
2 0.5712962962962963 0.4444444444444444 0.17222222222222222 0.1824074074074074
2 0.7342592592592593 0.4027777777777778 0.175 0.17037037037037037
3 0.22685185185185186 0.26481481481481484 0.22592592592592592 0.23055555555555557
3 0.4287037037037037 0.2777777777777778 0.22037037037037038 0.2351851851851852
3 0.6333333333333333 0.24537037037037038 0.23055555555555557 0.23055555555555557
3 0.49074074074074076 0.8898148148148148 0.20833333333333334 0.21851851851851853
3 0.32222222222222224 0.7851851851851852 0.22037037037037038 0.22037037037037038
2 0.637962962962963 0.7870370370370371 0.17962962962962964 0.175
2 0.7833333333333333 0.7324074074074074 0.16574074074074074 0.17037037037037037