2 0.6703703703703704 0.1925925925925926 0.15833333333333333 0.15833333333333333
2 0.649074074074074 0.600925925925926 0.15833333333333333 0.14814814814814814
2 0.6537037037037037 0.41388888888888886 0.14814814814814814 0.14814814814814814
2 0.6277777777777778 0.799074074074074 0.15092592592592594 0.14351851851851852
1 0.4388888888888889 0.1537037037037037 0.16296296296296298 0.17222222222222222
1 0.39444444444444443 0.8037037037037037 0.1675925925925926 0.17037037037037037
1 0.4027777777777778 0.36666666666666664 0.175 0.16296296296296298
1 0.375 0.5731481481481482 0.16296296296296298 0.15833333333333333
1 0.2222222222222222 0.1287037037037037 0.1824074074074074 0.16574074074074074
1 0.18425925925925926 0.7907407407407407 0.175 0.16296296296296298
1 0.1925925925925926 0.34814814814814815 0.16296296296296298 0.1675925925925926
1 0.1814814814814815 0.5675925925925925 0.16296296296296298 0.15833333333333333
2 0.8574074074074074 0.19814814814814816 0.15092592592592594 0.14629629629629629
2 0.8222222222222222 0.4166666666666667 0.15833333333333333 0.14814814814814814
2 0.8018518518518518 0.799074074074074 0.15833333333333333 0.14351851851851852
2 0.8037037037037037 0.5981481481481481 0.1537037037037037 0.1537037037037037