2 0.5481481481481482 0.4564814814814815 0.1537037037037037 0.14814814814814814
2 0.5675925925925925 0.2777777777777778 0.15092592592592594 0.14814814814814814
2 0.5175925925925926 0.6361111111111111 0.16296296296296298 0.1537037037037037
2 0.48703703703703705 0.8388888888888889 0.15555555555555556 0.1537037037037037
1 0.3592592592592593 0.25555555555555554 0.16574074074074074 0.16296296296296298
1 0.33796296296296297 0.4361111111111111 0.16296296296296298 0.1675925925925926
1 0.3148148148148148 0.6287037037037037 0.16296296296296298 0.17037037037037037
1 0.28703703703703703 0.8435185185185186 0.17037037037037037 0.17037037037037037
1 0.17037037037037037 0.24259259259259258 0.15833333333333333 0.1537037037037037
1 0.09166666666666666 0.8388888888888889 0.175 0.17222222222222222
1 0.10740740740740741 0.6046296296296296 0.17222222222222222 0.17962962962962964
1 0.12407407407407407 0.39537037037037037 0.17037037037037037 0.17037037037037037
2 0.7268518518518519 0.6814814814814815 0.15833333333333333 0.15555555555555556
2 0.7666666666666667 0.2935185185185185 0.15833333333333333 0.15092592592592594
2 0.6944444444444444 0.8916666666666667 0.16296296296296298 0.1537037037037037
2 0.7231481481481481 0.49722222222222223 0.16296296296296298 0.15092592592592594