1 0.65 0.3101851851851852 0.16296296296296298 0.1675925925925926
2 0.2574074074074074 0.32222222222222224 0.16296296296296298 0.14814814814814814
2 0.5370370370370371 0.4 0.14351851851851852 0.1388888888888889
2 0.7648148148148148 0.4148148148148148 0.1388888888888889 0.1388888888888889
1 0.33796296296296297 0.4583333333333333 0.175 0.1675925925925926
1 0.6296296296296297 0.5203703703703704 0.16296296296296298 0.175
1 0.19074074074074074 0.5370370370370371 0.17222222222222222 0.1675925925925926
1 0.475 0.5388888888888889 0.1675925925925926 0.17777777777777778
2 0.775 0.562962962962963 0.1388888888888889 0.14814814814814814
2 0.33796296296296297 0.6138888888888889 0.14814814814814814 0.1537037037037037
1 0.6055555555555555 0.6824074074074075 0.16296296296296298 0.15833333333333333
1 0.44814814814814813 0.7101851851851851 0.16296296296296298 0.16296296296296298
2 0.5287037037037037 0.8388888888888889 0.14814814814814814 0.1537037037037037
1 0.32407407407407407 0.18425925925925926 0.175 0.17222222222222222
2 0.5509259259259259 0.19722222222222222 0.14814814814814814 0.14814814814814814
2 0.4444444444444444 0.2935185185185185 0.14814814814814814 0.1537037037037037