2 0.2657407407407407 0.6583333333333333 0.16574074074074074 0.16574074074074074
2 0.12129629629629629 0.6296296296296297 0.175 0.1675925925925926
2 0.7305555555555555 0.6981481481481482 0.175 0.16296296296296298
1 0.6101851851851852 0.6101851851851852 0.18703703703703703 0.18425925925925926
2 0.46296296296296297 0.5814814814814815 0.17222222222222222 0.17037037037037037
2 0.887962962962963 0.6453703703703704 0.17777777777777778 0.17037037037037037
1 0.3175925925925926 0.5231481481481481 0.1824074074074074 0.1824074074074074
1 0.1537037037037037 0.48333333333333334 0.19907407407407407 0.18981481481481483
1 0.7620370370370371 0.5453703703703704 0.1962962962962963 0.1962962962962963
1 0.5675925925925925 0.4546296296296296 0.19444444444444445 0.18425925925925926
2 0.4185185185185185 0.4074074074074074 0.17037037037037037 0.17222222222222222
1 0.2574074074074074 0.3138888888888889 0.2064814814814815 0.2037037037037037
2 0.7203703703703703 0.3925925925925926 0.17777777777777778 0.17777777777777778
1 0.8824074074074074 0.4203703703703704 0.2037037037037037 0.2037037037037037
1 0.4787037037037037 0.25 0.2064814814814815 0.21851851851851853
1 0.6537037037037037 0.23425925925925925 0.2037037037037037 0.21388888888888888
2 0.8222222222222222 0.2611111111111111 0.18425925925925926 0.19444444444444445
1 0.6305555555555555 0.9462962962962963 0.17962962962962964 0.10740740740740741
2 0.35833333333333334 0.8962962962962963 0.16296296296296298 0.15555555555555556
1 0.5037037037037037 0.8833333333333333 0.17777777777777778 0.17037037037037037
2 0.7490740740740741 0.9 0.16296296296296298 0.1537037037037037
2 0.22592592592592592 0.7833333333333333 0.16296296296296298 0.1537037037037037
2 0.3638888888888889 0.7648148148148148 0.16018518518518518 0.16018518518518518
1 0.6407407407407407 0.812962962962963 0.1824074074074074 0.175
1 0.5074074074074074 0.7296296296296296 0.18703703703703703 0.17962962962962964
2 0.8398148148148148 0.7888888888888889 0.17037037037037037 0.16296296296296298