2 0.30277777777777776 0.21388888888888888 0.1675925925925926 0.16574074074074074
2 0.36666666666666664 0.6074074074074074 0.16574074074074074 0.15833333333333333
2 0.3435185185185185 0.42777777777777776 0.15833333333333333 0.15833333333333333
2 0.4074074074074074 0.7944444444444444 0.15833333333333333 0.1537037037037037
1 0.5231481481481481 0.15648148148148147 0.175 0.17777777777777778
1 0.6296296296296297 0.7731481481481481 0.175 0.17777777777777778
1 0.5777777777777777 0.35833333333333334 0.1824074074074074 0.175
1 0.6277777777777778 0.5509259259259259 0.17222222222222222 0.1675925925925926
1 0.7296296296296296 0.10925925925925926 0.18981481481481483 0.175
1 0.8305555555555556 0.7425925925925926 0.1824074074074074 0.175
1 0.7787037037037037 0.3175925925925926 0.17222222222222222 0.17222222222222222
1 0.8111111111111111 0.5268518518518519 0.17222222222222222 0.1675925925925926
2 0.12777777777777777 0.24166666666666667 0.15555555555555556 0.15555555555555556
2 0.1824074074074074 0.44814814814814813 0.16574074074074074 0.15833333333333333
2 0.2388888888888889 0.812962962962963 0.16574074074074074 0.1537037037037037
2 0.21666666666666667 0.6175925925925926 0.16296296296296298 0.16296296296296298