3 0.6944444444444444 0.7657407407407407 0.1962962962962963 0.18981481481481483
3 0.6722222222222223 0.5601851851851852 0.19166666666666668 0.19166666666666668
2 0.6046296296296296 0.16018518518518518 0.16018518518518518 0.15555555555555556
2 0.6092592592592593 0.35462962962962963 0.15555555555555556 0.16018518518518518
3 0.49722222222222223 0.7768518518518519 0.19907407407407407 0.19166666666666668
3 0.475 0.5694444444444444 0.19907407407407407 0.1962962962962963
2 0.4361111111111111 0.36018518518518516 0.16018518518518518 0.16296296296296298
2 0.40185185185185185 0.17592592592592593 0.17222222222222222 0.17222222222222222
3 0.2814814814814815 0.8037037037037037 0.2064814814814815 0.1962962962962963
3 0.26296296296296295 0.600925925925926 0.2064814814814815 0.19444444444444445
2 0.24074074074074073 0.3962962962962963 0.16018518518518518 0.16574074074074074
2 0.21296296296296297 0.1925925925925926 0.17222222222222222 0.17222222222222222
3 0.8842592592592593 0.7296296296296296 0.18425925925925926 0.18703703703703703
3 0.862037037037037 0.5416666666666666 0.19166666666666668 0.18981481481481483
2 0.8101851851851852 0.3212962962962963 0.15555555555555556 0.15555555555555556
2 0.7787037037037037 0.15 0.15555555555555556 0.16018518518518518