1 0.4101851851851852 0.6129629629629629 0.14351851851851852 0.14629629629629629
1 0.21296296296296297 0.6259259259259259 0.14814814814814814 0.1537037037037037
1 0.6055555555555555 0.5648148148148148 0.14629629629629629 0.15092592592592594
1 0.7425925925925926 0.5416666666666666 0.14629629629629629 0.14814814814814814
2 0.18425925925925926 0.46296296296296297 0.13148148148148148 0.1361111111111111
2 0.687037037037037 0.375 0.13148148148148148 0.13148148148148148
2 0.37222222222222223 0.42407407407407405 0.13148148148148148 0.1361111111111111
2 0.5157407407407407 0.3907407407407407 0.13148148148148148 0.13148148148148148
2 0.37037037037037035 0.28703703703703703 0.13148148148148148 0.1361111111111111
2 0.6666666666666666 0.2351851851851852 0.13148148148148148 0.13148148148148148
2 0.5157407407407407 0.24537037037037038 0.12685185185185185 0.13148148148148148
2 0.17037037037037037 0.2953703703703704 0.13148148148148148 0.1361111111111111
1 0.262037037037037 0.7972222222222223 0.14814814814814814 0.1537037037037037
1 0.44074074074074077 0.7379629629629629 0.14629629629629629 0.14351851851851852
1 0.7472222222222222 0.6824074074074075 0.14351851851851852 0.14629629629629629
1 0.6194444444444445 0.7027777777777777 0.14629629629629629 0.14814814814814814