3 0.33425925925925926 0.4398148148148148 0.18981481481481483 0.19166666666666668
3 0.37777777777777777 0.21851851851851853 0.18703703703703703 0.1935185185185185
2 0.34444444444444444 0.6574074074074074 0.1527777777777778 0.15925925925925927
2 0.3148148148148148 0.8361111111111111 0.16203703703703703 0.16203703703703703
3 0.5611111111111111 0.2351851851851852 0.18703703703703703 0.19814814814814816
3 0.525 0.47314814814814815 0.19166666666666668 0.19814814814814816
2 0.4925925925925926 0.875 0.1574074074074074 0.1685185185185185
2 0.5324074074074074 0.687037037037037 0.16203703703703703 0.16203703703703703
2 0.7055555555555556 0.7268518518518519 0.1638888888888889 0.16666666666666666
2 0.6805555555555556 0.9083333333333333 0.16666666666666666 0.16666666666666666
3 0.8101851851851852 0.24814814814814815 0.2101851851851852 0.20555555555555555
3 0.7666666666666667 0.5407407407407407 0.20833333333333334 0.1962962962962963
3 0.17592592592592593 0.1814814814814815 0.2 0.20462962962962963
3 0.14074074074074075 0.3925925925925926 0.18796296296296297 0.19814814814814816
2 0.13703703703703704 0.8018518518518518 0.15092592592592594 0.16203703703703703
2 0.18055555555555555 0.6259259259259259 0.1574074074074074 0.15462962962962962