2 0.8851851851851852 0.2574074074074074 0.06388888888888888 0.06388888888888888
3 0.8453703703703703 0.3907407407407407 0.07685185185185185 0.08148148148148149
0 0.862037037037037 0.46944444444444444 0.058333333333333334 0.06111111111111111
2 0.8898148148148148 0.6574074074074074 0.06018518518518518 0.06388888888888888
3 0.7861111111111111 0.5824074074074074 0.07962962962962963 0.08333333333333333
2 0.7574074074074074 0.4675925925925926 0.06296296296296296 0.06666666666666667
2 0.7101851851851851 0.33055555555555555 0.06388888888888888 0.06388888888888888
0 0.7351851851851852 0.24722222222222223 0.058333333333333334 0.05925925925925926
2 0.6148148148148148 0.39814814814814814 0.06481481481481481 0.06481481481481481
2 0.6990740740740741 0.5296296296296297 0.06296296296296296 0.06296296296296296
2 0.7666666666666667 0.7185185185185186 0.062037037037037036 0.06388888888888888
0 0.6944444444444444 0.6175925925925926 0.06018518518518518 0.05925925925925926
2 0.6555555555555556 0.7518518518518519 0.06574074074074074 0.06574074074074074
2 0.6462962962962963 0.6722222222222223 0.06481481481481481 0.06388888888888888
2 0.575925925925926 0.5953703703703703 0.06851851851851852 0.06666666666666667
0 0.49444444444444446 0.5370370370370371 0.06111111111111111 0.06018518518518518
2 0.49907407407407406 0.41574074074074074 0.06574074074074074 0.06666666666666667
1 0.625 0.5175925925925926 0.0712962962962963 0.07314814814814814
2 0.4212962962962963 0.4648148148148148 0.06944444444444445 0.06851851851851852
2 0.4074074074074074 0.7342592592592593 0.06944444444444445 0.06666666666666667
2 0.5537037037037037 0.7407407407407407 0.06666666666666667 0.06666666666666667
0 0.41203703703703703 0.6185185185185185 0.06296296296296296 0.06388888888888888