3 0.37592592592592594 0.7611111111111111 0.18703703703703703 0.18981481481481483
2 0.36018518518518516 0.1962962962962963 0.1675925925925926 0.15833333333333333
3 0.39166666666666666 0.5398148148148149 0.18981481481481483 0.18425925925925926
2 0.38055555555555554 0.37407407407407406 0.14351851851851852 0.15833333333333333
3 0.5481481481481482 0.762962962962963 0.18425925925925926 0.18981481481481483
2 0.5472222222222223 0.18425925925925926 0.1537037037037037 0.15833333333333333
3 0.5740740740740741 0.5611111111111111 0.18425925925925926 0.18425925925925926
2 0.5740740740740741 0.34814814814814815 0.14814814814814814 0.1537037037037037
3 0.7861111111111111 0.7490740740740741 0.19444444444444445 0.17962962962962964
3 0.7833333333333333 0.5537037037037037 0.19444444444444445 0.17962962962962964
2 0.7712962962962963 0.3388888888888889 0.1537037037037037 0.14629629629629629
2 0.7592592592592593 0.17037037037037037 0.15555555555555556 0.14351851851851852
3 0.16944444444444445 0.5675925925925925 0.1962962962962963 0.18981481481481483
3 0.1925925925925926 0.775 0.18981481481481483 0.18981481481481483
2 0.20462962962962963 0.37962962962962965 0.15833333333333333 0.15833333333333333
2 0.20185185185185187 0.20925925925925926 0.15833333333333333 0.15555555555555556