2 0.3537037037037037 0.7416666666666667 0.1537037037037037 0.14814814814814814
3 0.39444444444444443 0.4064814814814815 0.18425925925925926 0.17962962962962964
3 0.41388888888888886 0.5805555555555556 0.19444444444444445 0.17962962962962964
2 0.49444444444444446 0.26944444444444443 0.14814814814814814 0.16296296296296298
2 0.4722222222222222 0.7907407407407407 0.1388888888888889 0.14814814814814814
2 0.5472222222222223 0.4046296296296296 0.1537037037037037 0.15092592592592594
3 0.5611111111111111 0.6777777777777778 0.18981481481481483 0.18425925925925926
2 0.649074074074074 0.3148148148148148 0.14351851851851852 0.16018518518518518
3 0.6481481481481481 0.5287037037037037 0.19907407407407407 0.18703703703703703
2 0.7138888888888889 0.7101851851851851 0.16296296296296298 0.15555555555555556
2 0.7814814814814814 0.225 0.16296296296296298 0.1675925925925926
3 0.7898148148148149 0.4083333333333333 0.20833333333333334 0.20833333333333334
3 0.8398148148148148 0.6074074074074074 0.2111111111111111 0.19166666666666668
2 0.2537037037037037 0.45092592592592595 0.14351851851851852 0.14629629629629629
3 0.2574074074074074 0.6055555555555555 0.18703703703703703 0.18425925925925926
3 0.3472222222222222 0.23703703703703705 0.1962962962962963 0.2037037037037037