2 0.3425925925925926 0.5157407407407407 0.16018518518518518 0.15555555555555556
1 0.40185185185185185 0.6481481481481481 0.1824074074074074 0.1824074074074074
2 0.37407407407407406 0.37777777777777777 0.16018518518518518 0.16018518518518518
1 0.5092592592592593 0.7574074074074074 0.18425925925925926 0.18703703703703703
1 0.48703703703703705 0.5212962962962963 0.1824074074074074 0.175
2 0.5083333333333333 0.3787037037037037 0.16018518518518518 0.16018518518518518
1 0.6037037037037037 0.6175925925925926 0.1824074074074074 0.1824074074074074
2 0.6611111111111111 0.7527777777777778 0.16018518518518518 0.16018518518518518
2 0.5814814814814815 0.26944444444444443 0.15555555555555556 0.15555555555555556
1 0.6296296296296297 0.4703703703703704 0.17777777777777778 0.17777777777777778
2 0.737037037037037 0.5685185185185185 0.15555555555555556 0.15555555555555556
1 0.7046296296296296 0.33796296296296297 0.17777777777777778 0.17777777777777778
2 0.7935185185185185 0.6962962962962963 0.16018518518518518 0.16018518518518518
1 0.8101851851851852 0.44722222222222224 0.1824074074074074 0.17777777777777778
2 0.25277777777777777 0.6212962962962963 0.15555555555555556 0.16018518518518518
1 0.23333333333333334 0.4222222222222222 0.1824074074074074 0.175