3 0.36203703703703705 0.8101851851851852 0.1962962962962963 0.19166666666666668
3 0.35 0.6037037037037037 0.19166666666666668 0.19166666666666668
2 0.3453703703703704 0.1962962962962963 0.16018518518518518 0.15555555555555556
2 0.37592592592592594 0.38981481481481484 0.15555555555555556 0.16018518518518518
3 0.5601851851851852 0.7898148148148149 0.1962962962962963 0.19166666666666668
3 0.5453703703703704 0.5777777777777777 0.20185185185185187 0.19907407407407407
2 0.5481481481481482 0.36666666666666664 0.16018518518518518 0.16296296296296298
2 0.549074074074074 0.17777777777777778 0.17222222222222222 0.17222222222222222
3 0.7768518518518519 0.7787037037037037 0.20185185185185187 0.19907407407407407
3 0.7611111111111111 0.5722222222222222 0.2064814814814815 0.19444444444444445
2 0.7472222222222222 0.36666666666666664 0.16018518518518518 0.16574074074074074
2 0.7407407407407407 0.15833333333333333 0.17222222222222222 0.17222222222222222
3 0.1685185185185185 0.8092592592592592 0.18703703703703703 0.18703703703703703
3 0.1574074074074074 0.6175925925925926 0.19166666666666668 0.19166666666666668
2 0.17037037037037037 0.39166666666666666 0.15555555555555556 0.15555555555555556
2 0.17222222222222222 0.21851851851851853 0.15555555555555556 0.16018518518518518