1 0.31851851851851853 0.25833333333333336 0.18425925925925926 0.18981481481481483
2 0.737037037037037 0.2851851851851852 0.1824074074074074 0.17037037037037037
2 0.4351851851851852 0.35833333333333334 0.15833333333333333 0.1537037037037037
2 0.1925925925925926 0.36666666666666664 0.1537037037037037 0.1537037037037037
1 0.6462962962962963 0.42407407407407405 0.19444444444444445 0.18981481481481483
1 0.3314814814814815 0.48333333333333334 0.18425925925925926 0.19444444444444445
1 0.8009259259259259 0.5194444444444445 0.18981481481481483 0.18981481481481483
1 0.49722222222222223 0.5092592592592593 0.18981481481481483 0.1962962962962963
2 0.17592592592592593 0.5212962962962963 0.1537037037037037 0.16296296296296298
2 0.6407407407407407 0.5916666666666667 0.16296296296296298 0.1675925925925926
1 0.3509259259259259 0.6546296296296297 0.17777777777777778 0.175
1 0.5175925925925926 0.6907407407407408 0.17962962962962964 0.1824074074074074
2 0.42777777777777776 0.8277777777777777 0.16296296296296298 0.1675925925925926
1 0.6694444444444444 0.1361111111111111 0.1962962962962963 0.18981481481481483
2 0.4305555555555556 0.1398148148148148 0.1675925925925926 0.16296296296296298
2 0.5370370370370371 0.2462962962962963 0.16296296296296298 0.1675925925925926