3 0.6481481481481481 0.49444444444444446 0.19444444444444445 0.1962962962962963
2 0.6203703703703703 0.8055555555555556 0.15092592592592594 0.15092592592592594
2 0.6055555555555555 0.65 0.15555555555555556 0.15092592592592594
2 0.6212962962962963 0.18703703703703703 0.15092592592592594 0.16018518518518518
2 0.6055555555555555 0.34629629629629627 0.14629629629629629 0.15092592592592594
3 0.475 0.7444444444444445 0.19444444444444445 0.19907407407407407
3 0.48333333333333334 0.5537037037037037 0.19444444444444445 0.19907407407407407
3 0.47129629629629627 0.2212962962962963 0.19166666666666668 0.20185185185185187
2 0.46111111111111114 0.387037037037037 0.16018518518518518 0.17037037037037037
2 0.32685185185185184 0.6564814814814814 0.16574074074074074 0.15555555555555556
3 0.31574074074074077 0.4787037037037037 0.19444444444444445 0.19907407407407407
3 0.29074074074074074 0.28703703703703703 0.2037037037037037 0.19444444444444445
2 0.7953703703703704 0.5657407407407408 0.15092592592592594 0.14629629629629629
2 0.7972222222222223 0.42592592592592593 0.14629629629629629 0.15092592592592594
3 0.7462962962962963 0.7148148148148148 0.17777777777777778 0.19444444444444445
3 0.7648148148148148 0.26666666666666666 0.19444444444444445 0.19166666666666668