3 0.46111111111111114 0.7064814814814815 0.22037037037037038 0.22037037037037038
2 0.13703703703703704 0.649074074074074 0.17222222222222222 0.1675925925925926
2 0.29907407407407405 0.6481481481481481 0.17037037037037037 0.17777777777777778
2 0.7824074074074074 0.7064814814814815 0.17962962962962964 0.175
2 0.6203703703703703 0.6759259259259259 0.1675925925925926 0.1675925925925926
3 0.21296296296296297 0.5027777777777778 0.22314814814814815 0.22037037037037038
3 0.41388888888888886 0.5277777777777778 0.22314814814814815 0.22037037037037038
3 0.7611111111111111 0.5472222222222223 0.22592592592592592 0.21851851851851853
2 0.5861111111111111 0.5203703703703704 0.19444444444444445 0.18425925925925926
2 0.31851851851851853 0.35462962962962963 0.17962962962962964 0.18981481481481483
3 0.5055555555555555 0.36018518518518516 0.22314814814814815 0.22037037037037038
3 0.7129629629629629 0.3509259259259259 0.22037037037037038 0.23055555555555557
2 0.37037037037037035 0.8555555555555555 0.1675925925925926 0.1675925925925926
2 0.5194444444444445 0.8694444444444445 0.17222222222222222 0.1675925925925926
3 0.22037037037037038 0.7898148148148149 0.21851851851851853 0.2037037037037037
3 0.6861111111111111 0.85 0.21574074074074073 0.21851851851851853