3 0.18888888888888888 0.6157407407407407 0.1962962962962963 0.19444444444444445
2 0.7953703703703704 0.612037037037037 0.16296296296296298 0.17222222222222222
3 0.42592592592592593 0.5898148148148148 0.19166666666666668 0.1962962962962963
2 0.6037037037037037 0.5953703703703703 0.16574074074074074 0.14814814814814814
3 0.1787037037037037 0.43148148148148147 0.1962962962962963 0.19166666666666668
2 0.8018518518518518 0.4101851851851852 0.16574074074074074 0.15833333333333333
3 0.39537037037037037 0.39444444444444443 0.19166666666666668 0.19444444444444445
2 0.6240740740740741 0.387037037037037 0.16018518518518518 0.1537037037037037
3 0.18518518518518517 0.17314814814814813 0.18703703703703703 0.2037037037037037
3 0.39444444444444443 0.17037037037037037 0.18981481481481483 0.2037037037037037
2 0.6277777777777778 0.17592592592592593 0.14814814814814814 0.16018518518518518
2 0.8074074074074075 0.1814814814814815 0.14814814814814814 0.16018518518518518
3 0.40370370370370373 0.8277777777777777 0.1962962962962963 0.2037037037037037
3 0.1787037037037037 0.812962962962963 0.1962962962962963 0.1962962962962963
2 0.6055555555555555 0.7833333333333333 0.16574074074074074 0.16296296296296298
2 0.7888888888888889 0.7814814814814814 0.16018518518518518 0.16296296296296298