3 0.4759259259259259 0.7268518518518519 0.18981481481481483 0.19166666666666668
3 0.25092592592592594 0.7212962962962963 0.1824074074074074 0.18703703703703703
2 0.6935185185185185 0.6768518518518518 0.1537037037037037 0.15833333333333333
2 0.875 0.6731481481481482 0.15833333333333333 0.16574074074074074
3 0.23333333333333334 0.5324074074074074 0.18981481481481483 0.18425925925925926
3 0.4759259259259259 0.5287037037037037 0.18981481481481483 0.19166666666666668
2 0.8805555555555555 0.49166666666666664 0.15833333333333333 0.15833333333333333
2 0.6851851851851852 0.48703703703703705 0.1537037037037037 0.15833333333333333
2 0.6944444444444444 0.3101851851851852 0.1537037037037037 0.15833333333333333
2 0.8787037037037037 0.3037037037037037 0.15833333333333333 0.15833333333333333
3 0.20462962962962963 0.28703703703703703 0.1962962962962963 0.2037037037037037
3 0.4962962962962963 0.275 0.19166666666666668 0.2037037037037037
3 0.24722222222222223 0.9157407407407407 0.18425925925925926 0.1675925925925926
3 0.46296296296296297 0.9157407407407407 0.18703703703703703 0.1675925925925926
2 0.8694444444444445 0.8537037037037037 0.1537037037037037 0.1537037037037037
2 0.6861111111111111 0.8416666666666667 0.14814814814814814 0.1537037037037037