3 0.6583333333333333 0.5611111111111111 0.20185185185185187 0.20185185185185187
3 0.6814814814814815 0.3425925925925926 0.19444444444444445 0.2064814814814815
2 0.5805555555555556 0.7648148148148148 0.16574074074074074 0.16574074074074074
2 0.5527777777777778 0.9259259259259259 0.16296296296296298 0.14814814814814814
3 0.5055555555555555 0.30185185185185187 0.20185185185185187 0.21388888888888888
3 0.47129629629629627 0.5416666666666666 0.20833333333333334 0.20833333333333334
2 0.3861111111111111 0.9259259259259259 0.16296296296296298 0.14351851851851852
2 0.39814814814814814 0.7425925925925926 0.17222222222222222 0.175
2 0.22314814814814815 0.7351851851851852 0.1824074074074074 0.17777777777777778
2 0.19907407407407407 0.9018518518518519 0.17222222222222222 0.14814814814814814
3 0.25833333333333336 0.2324074074074074 0.2351851851851852 0.22592592592592592
3 0.22037037037037038 0.5333333333333333 0.22777777777777777 0.21851851851851853
3 0.8722222222222222 0.36944444444444446 0.17962962962962964 0.2037037037037037
3 0.8361111111111111 0.5740740740740741 0.1824074074074074 0.19444444444444445
2 0.7203703703703703 0.9314814814814815 0.15555555555555556 0.1361111111111111
2 0.7342592592592593 0.7777777777777778 0.15092592592592594 0.16018518518518518