3 0.7351851851851852 0.6259259259259259 0.17222222222222222 0.17037037037037037
2 0.19074074074074074 0.6018518518518519 0.13333333333333333 0.13425925925925927
3 0.524074074074074 0.5981481481481481 0.16296296296296298 0.1675925925925926
2 0.36018518518518516 0.5907407407407408 0.12962962962962962 0.12777777777777777
3 0.75 0.45925925925925926 0.17222222222222222 0.1675925925925926
2 0.19166666666666668 0.4166666666666667 0.13518518518518519 0.13055555555555556
3 0.5546296296296296 0.4148148148148148 0.16666666666666666 0.16203703703703703
2 0.3509259259259259 0.4046296296296296 0.13425925925925927 0.1361111111111111
3 0.7527777777777778 0.22592592592592592 0.16296296296296298 0.1675925925925926
3 0.5675925925925925 0.21944444444444444 0.15833333333333333 0.16666666666666666
2 0.35462962962962963 0.21481481481481482 0.13148148148148148 0.13055555555555556
2 0.1925925925925926 0.20833333333333334 0.12962962962962962 0.13518518518518519
3 0.5351851851851852 0.8185185185185185 0.17037037037037037 0.17037037037037037
3 0.7379629629629629 0.8055555555555556 0.17222222222222222 0.17222222222222222
2 0.3527777777777778 0.7638888888888888 0.13055555555555556 0.13333333333333333
2 0.18888888888888888 0.7555555555555555 0.13518518518518519 0.13333333333333333