3 0.6657407407407407 0.38796296296296295 0.19907407407407407 0.21388888888888888
3 0.8638888888888889 0.37037037037037035 0.2037037037037037 0.2111111111111111
3 0.25925925925925924 0.4564814814814815 0.22037037037037038 0.21851851851851853
3 0.47962962962962963 0.4351851851851852 0.2037037037037037 0.2037037037037037
2 0.24722222222222223 0.7083333333333334 0.17962962962962964 0.17962962962962964
2 0.487962962962963 0.6925925925925925 0.17222222222222222 0.17222222222222222
2 0.8592592592592593 0.6518518518518519 0.16296296296296298 0.17222222222222222
2 0.6851851851851852 0.6851851851851852 0.1675925925925926 0.17222222222222222
2 0.275 0.9157407407407407 0.17962962962962964 0.1675925925925926
2 0.49537037037037035 0.8944444444444445 0.17222222222222222 0.17222222222222222
2 0.6972222222222222 0.8703703703703703 0.1675925925925926 0.17222222222222222
2 0.9 0.8592592592592593 0.1824074074074074 0.175
3 0.45092592592592595 0.19907407407407407 0.2111111111111111 0.22592592592592592
3 0.22592592592592592 0.23425925925925925 0.22777777777777777 0.22314814814814815
3 0.8314814814814815 0.1527777777777778 0.20185185185185187 0.2064814814814815
3 0.6546296296296297 0.1935185185185185 0.2037037037037037 0.21574074074074073