2 0.65 0.5324074074074074 0.16574074074074074 0.15833333333333333
1 0.5981481481481481 0.3824074074074074 0.18703703703703703 0.18703703703703703
2 0.6018518518518519 0.6814814814814815 0.16574074074074074 0.16574074074074074
1 0.4888888888888889 0.25092592592592594 0.18703703703703703 0.1962962962962963
1 0.4925925925925926 0.5120370370370371 0.18703703703703703 0.17777777777777778
2 0.45555555555555555 0.6685185185185185 0.16574074074074074 0.16574074074074074
1 0.37407407407407406 0.3962962962962963 0.18703703703703703 0.18703703703703703
2 0.32222222222222224 0.24259259259259258 0.16574074074074074 0.16574074074074074
2 0.3638888888888889 0.7814814814814814 0.15833333333333333 0.16018518518518518
1 0.33055555555555555 0.5564814814814815 0.1824074074074074 0.1824074074074074
2 0.2222222222222222 0.43703703703703706 0.15833333333333333 0.15833333333333333
1 0.2351851851851852 0.6935185185185185 0.1824074074074074 0.18425925925925926
2 0.17222222222222222 0.29074074074074074 0.16574074074074074 0.16574074074074074
1 0.1287037037037037 0.562962962962963 0.18703703703703703 0.1824074074074074
2 0.7583333333333333 0.42592592592592593 0.16018518518518518 0.16574074074074074
1 0.7620370370370371 0.6481481481481481 0.18703703703703703 0.17962962962962964