3 0.7657407407407407 0.3055555555555556 0.18981481481481483 0.1962962962962963
3 0.5601851851851852 0.3277777777777778 0.19166666666666668 0.19166666666666668
2 0.16018518518518518 0.39537037037037037 0.15555555555555556 0.16018518518518518
2 0.35462962962962963 0.3907407407407407 0.16018518518518518 0.15555555555555556
3 0.7768518518518519 0.5027777777777778 0.19166666666666668 0.19907407407407407
3 0.5694444444444444 0.525 0.1962962962962963 0.19907407407407407
2 0.36018518518518516 0.5638888888888889 0.16296296296296298 0.16018518518518518
2 0.17592592592592593 0.5981481481481481 0.17222222222222222 0.17222222222222222
3 0.8037037037037037 0.7185185185185186 0.1962962962962963 0.2064814814814815
3 0.600925925925926 0.737037037037037 0.19444444444444445 0.2064814814814815
2 0.3962962962962963 0.7592592592592593 0.16574074074074074 0.16018518518518518
2 0.1925925925925926 0.7870370370370371 0.17222222222222222 0.17222222222222222
3 0.7296296296296296 0.11574074074074074 0.18703703703703703 0.18425925925925926
3 0.5416666666666666 0.13796296296296295 0.18981481481481483 0.19166666666666668
2 0.3212962962962963 0.18981481481481483 0.15555555555555556 0.15555555555555556
2 0.15 0.2212962962962963 0.16018518518518518 0.15555555555555556