2 0.2490740740740741 0.4962962962962963 0.1175925925925926 0.1537037037037037
2 0.3055555555555556 0.2712962962962963 0.12222222222222222 0.15833333333333333
1 0.3453703703703704 0.6101851851851852 0.16296296296296298 0.19907407407407407
1 0.35462962962962963 0.4203703703703704 0.1537037037037037 0.2037037037037037
2 0.38425925925925924 0.8074074074074075 0.12222222222222222 0.1675925925925926
2 0.4305555555555556 0.11388888888888889 0.13148148148148148 0.1675925925925926
1 0.4462962962962963 0.2796296296296296 0.15833333333333333 0.19907407407407407
1 0.4787037037037037 0.6564814814814814 0.15833333333333333 0.2037037037037037
2 0.49166666666666664 0.8675925925925926 0.12222222222222222 0.16296296296296298
2 0.47129629629629627 0.4842592592592593 0.12222222222222222 0.16296296296296298
2 0.5833333333333334 0.7712962962962963 0.13425925925925927 0.17962962962962964
1 0.5731481481481482 0.37222222222222223 0.16296296296296298 0.21388888888888888
1 0.5657407407407408 0.16666666666666666 0.16018518518518518 0.20833333333333334
1 0.6037037037037037 0.5740740740740741 0.16018518518518518 0.2037037037037037
1 0.7203703703703703 0.4462962962962963 0.1675925925925926 0.21388888888888888
2 0.7388888888888889 0.6370370370370371 0.1388888888888889 0.175