2 0.5833333333333334 0.5518518518518518 0.14351851851851852 0.14814814814814814
2 0.7620370370370371 0.5398148148148149 0.14351851851851852 0.14351851851851852
2 0.40370370370370373 0.5537037037037037 0.14814814814814814 0.15833333333333333
2 0.20092592592592592 0.5592592592592592 0.14814814814814814 0.14814814814814814
1 0.7472222222222222 0.3333333333333333 0.15833333333333333 0.15833333333333333
1 0.5675925925925925 0.3435185185185185 0.16018518518518518 0.15833333333333333
1 0.375 0.35462962962962963 0.16296296296296298 0.15833333333333333
1 0.16111111111111112 0.3638888888888889 0.16296296296296298 0.16296296296296298
1 0.7268518518518519 0.14814814814814814 0.14814814814814814 0.1537037037037037
1 0.13240740740740742 0.17222222222222222 0.16296296296296298 0.1675925925925926
1 0.362962962962963 0.14814814814814814 0.17222222222222222 0.16574074074074074
1 0.5722222222222222 0.1287037037037037 0.16296296296296298 0.16296296296296298
2 0.3962962962962963 0.7657407407407407 0.14814814814814814 0.15092592592592594
2 0.7796296296296297 0.737037037037037 0.14351851851851852 0.1537037037037037
2 0.18518518518518517 0.7703703703703704 0.14814814814814814 0.15555555555555556
2 0.5740740740740741 0.7305555555555555 0.14351851851851852 0.15555555555555556