2 0.6018518518518519 0.24537037037037038 0.1537037037037037 0.15092592592592594
2 0.6101851851851852 0.6407407407407407 0.1537037037037037 0.14351851851851852
2 0.6 0.4601851851851852 0.14351851851851852 0.14351851851851852
2 0.600925925925926 0.8314814814814815 0.14629629629629629 0.1388888888888889
1 0.3787037037037037 0.2222222222222222 0.15833333333333333 0.16296296296296298
1 0.37777777777777777 0.8518518518518519 0.15833333333333333 0.16296296296296298
1 0.35555555555555557 0.43148148148148147 0.1675925925925926 0.15833333333333333
1 0.3425925925925926 0.6324074074074074 0.15833333333333333 0.1537037037037037
1 0.16574074074074074 0.21388888888888888 0.175 0.15833333333333333
1 0.17407407407407408 0.8555555555555555 0.1675925925925926 0.16296296296296298
1 0.1527777777777778 0.42685185185185187 0.15833333333333333 0.15833333333333333
1 0.16018518518518518 0.637962962962963 0.15833333333333333 0.1537037037037037
2 0.7824074074074074 0.2388888888888889 0.14351851851851852 0.14166666666666666
2 0.7648148148148148 0.45185185185185184 0.1537037037037037 0.14351851851851852
2 0.7675925925925926 0.8194444444444444 0.1537037037037037 0.1388888888888889
2 0.7574074074074074 0.6287037037037037 0.14814814814814814 0.14814814814814814