2 0.8074074074074075 0.6703703703703704 0.15833333333333333 0.15833333333333333
2 0.3990740740740741 0.649074074074074 0.14814814814814814 0.15833333333333333
2 0.5861111111111111 0.6537037037037037 0.14814814814814814 0.14814814814814814
2 0.20092592592592592 0.6277777777777778 0.14351851851851852 0.15092592592592594
1 0.8462962962962963 0.4388888888888889 0.17222222222222222 0.16296296296296298
1 0.1962962962962963 0.39444444444444443 0.17037037037037037 0.1675925925925926
1 0.6333333333333333 0.4027777777777778 0.16296296296296298 0.175
1 0.42685185185185187 0.375 0.15833333333333333 0.16296296296296298
1 0.8712962962962963 0.2222222222222222 0.16574074074074074 0.1824074074074074
1 0.20925925925925926 0.18425925925925926 0.16296296296296298 0.175
1 0.6518518518518519 0.1925925925925926 0.1675925925925926 0.16296296296296298
1 0.4324074074074074 0.1814814814814815 0.15833333333333333 0.16296296296296298
2 0.8018518518518518 0.8574074074074074 0.14629629629629629 0.15092592592592594
2 0.5833333333333334 0.8222222222222222 0.14814814814814814 0.15833333333333333
2 0.20092592592592592 0.8018518518518518 0.14351851851851852 0.15833333333333333
2 0.40185185185185185 0.8037037037037037 0.1537037037037037 0.1537037037037037