3 0.8111111111111111 0.38425925925925924 0.1962962962962963 0.19444444444444445
2 0.20462962962962963 0.38796296296296295 0.16296296296296298 0.17222222222222222
3 0.5740740740740741 0.4101851851851852 0.19166666666666668 0.1962962962962963
2 0.3962962962962963 0.4046296296296296 0.16574074074074074 0.14814814814814814
3 0.8212962962962963 0.5685185185185185 0.1962962962962963 0.19166666666666668
2 0.19814814814814816 0.5898148148148148 0.16574074074074074 0.15833333333333333
3 0.6046296296296296 0.6055555555555555 0.19166666666666668 0.19444444444444445
2 0.37592592592592594 0.6129629629629629 0.16018518518518518 0.1537037037037037
3 0.8148148148148148 0.8268518518518518 0.18703703703703703 0.2037037037037037
3 0.6055555555555555 0.8296296296296296 0.18981481481481483 0.2037037037037037
2 0.37222222222222223 0.8240740740740741 0.14814814814814814 0.16018518518518518
2 0.1925925925925926 0.8185185185185185 0.14814814814814814 0.16018518518518518
3 0.5962962962962963 0.17222222222222222 0.1962962962962963 0.2037037037037037
3 0.8212962962962963 0.18703703703703703 0.1962962962962963 0.1962962962962963
2 0.39444444444444443 0.21666666666666667 0.16574074074074074 0.16296296296296298
2 0.2111111111111111 0.21851851851851853 0.16018518518518518 0.16296296296296298