2 0.6574074074074074 0.49074074074074076 0.16018518518518518 0.15555555555555556
1 0.5962962962962963 0.35185185185185186 0.18703703703703703 0.18703703703703703
2 0.625 0.6287037037037037 0.16018518518518518 0.16018518518518518
1 0.48518518518518516 0.24444444444444444 0.18703703703703703 0.19444444444444445
1 0.5092592592592593 0.4824074074074074 0.18425925925925926 0.175
2 0.487962962962963 0.6259259259259259 0.16574074074074074 0.16296296296296298
1 0.3907407407407407 0.38333333333333336 0.18703703703703703 0.18703703703703703
2 0.3314814814814815 0.2462962962962963 0.16574074074074074 0.16296296296296298
2 0.41203703703703703 0.7416666666666667 0.15555555555555556 0.16018518518518518
1 0.362962962962963 0.5333333333333333 0.17962962962962964 0.17962962962962964
2 0.25462962962962965 0.4361111111111111 0.15555555555555556 0.15555555555555556
1 0.28703703703703703 0.6694444444444444 0.17962962962962964 0.1824074074074074
2 0.1962962962962963 0.3055555555555556 0.16574074074074074 0.16296296296296298
1 0.17777777777777778 0.5592592592592592 0.18425925925925926 0.1824074074074074
2 0.7490740740740741 0.3824074074074074 0.16018518518518518 0.16018518518518518
1 0.7675925925925926 0.5861111111111111 0.18425925925925926 0.17962962962962964