2 0.6638888888888889 0.20462962962962963 0.125 0.13425925925925927
1 0.6537037037037037 0.5166666666666667 0.14814814814814814 0.14814814814814814
2 0.6175925925925926 0.7407407407407407 0.12962962962962962 0.13425925925925927
2 0.612037037037037 0.8777777777777778 0.12685185185185185 0.13425925925925927
2 0.5962962962962963 0.31574074074074077 0.13425925925925927 0.1361111111111111
1 0.5333333333333333 0.44074074074074077 0.14814814814814814 0.15092592592592594
2 0.5287037037037037 0.18518518518518517 0.1388888888888889 0.14351851851851852
2 0.5268518518518519 0.5777777777777777 0.12962962962962962 0.14166666666666666
1 0.48518518518518516 0.7138888888888889 0.14814814814814814 0.14814814814814814
1 0.4759259259259259 0.8657407407407407 0.1537037037037037 0.15833333333333333
1 0.4546296296296296 0.3101851851851852 0.14814814814814814 0.15833333333333333
1 0.39166666666666666 0.49537037037037035 0.1537037037037037 0.15833333333333333
2 0.37222222222222223 0.6398148148148148 0.1388888888888889 0.14351851851851852
1 0.32407407407407407 0.2175925925925926 0.15833333333333333 0.16574074074074074
2 0.3175925925925926 0.3675925925925926 0.14351851851851852 0.1388888888888889
1 0.3101851851851852 0.7935185185185185 0.16296296296296298 0.15833333333333333
1 0.22314814814814815 0.6055555555555555 0.17222222222222222 0.16296296296296298
2 0.18981481481481483 0.2935185185185185 0.1537037037037037 0.1388888888888889
1 0.18518518518518517 0.44814814814814813 0.17222222222222222 0.15555555555555556
1 0.8666666666666667 0.37407407407407406 0.1361111111111111 0.14166666666666666
2 0.8296296296296296 0.6277777777777778 0.11481481481481481 0.12962962962962962
1 0.799074074074074 0.5 0.1361111111111111 0.14351851851851852
2 0.7787037037037037 0.26944444444444443 0.11481481481481481 0.12962962962962962
2 0.7388888888888889 0.7620370370370371 0.12222222222222222 0.12962962962962962
1 0.7111111111111111 0.3861111111111111 0.14351851851851852 0.14629629629629629
2 0.7046296296296296 0.6398148148148148 0.125 0.12962962962962962