2 0.47962962962962963 0.8268518518518518 0.17777777777777778 0.14166666666666666
2 0.7287037037037037 0.7824074074074074 0.1824074074074074 0.14351851851851852
1 0.36018518518518516 0.7129629629629629 0.22777777777777777 0.19166666666666668
1 0.5685185185185185 0.7166666666666667 0.2324074074074074 0.1824074074074074
2 0.14629629629629629 0.6537037037037037 0.19166666666666668 0.14629629629629629
2 0.9037037037037037 0.6564814814814814 0.17222222222222222 0.1537037037037037
1 0.7305555555555555 0.6259259259259259 0.23055555555555557 0.18703703703703703
1 0.32222222222222224 0.562962962962963 0.2351851851851852 0.18703703703703703
2 0.09259259259259259 0.5314814814814814 0.18425925925925926 0.14351851851851852
2 0.5092592592592593 0.5833333333333334 0.18703703703703703 0.14351851851851852
2 0.20277777777777778 0.44074074074074077 0.2037037037037037 0.16018518518518518
1 0.6398148148148148 0.4824074074074074 0.24722222222222223 0.19444444444444445
1 0.8638888888888889 0.5046296296296297 0.23981481481481481 0.19166666666666668
1 0.4222222222222222 0.43148148148148147 0.2351851851851852 0.18981481481481483
1 0.5685185185185185 0.3138888888888889 0.24722222222222223 0.19907407407407407
2 0.36203703703703705 0.2796296296296296 0.20185185185185187 0.16574074074074074