3 0.762962962962963 0.32314814814814813 0.22037037037037038 0.21574074074074073
3 0.5453703703703704 0.3509259259259259 0.21851851851851853 0.21574074074074073
2 0.12777777777777777 0.43703703703703706 0.17777777777777778 0.1824074074074074
2 0.3277777777777778 0.42592592592592593 0.17037037037037037 0.17037037037037037
3 0.7833333333333333 0.5333333333333333 0.22592592592592592 0.22314814814814815
3 0.5574074074074075 0.5675925925925925 0.22037037037037038 0.21574074074074073
2 0.3453703703703704 0.6055555555555555 0.17777777777777778 0.17777777777777778
2 0.15185185185185185 0.6425925925925926 0.175 0.175
3 0.5972222222222222 0.7814814814814814 0.22592592592592592 0.22314814814814815
2 0.3824074074074074 0.812962962962963 0.17777777777777778 0.17777777777777778
3 0.8194444444444444 0.7620370370370371 0.2111111111111111 0.21851851851851853
2 0.16574074074074074 0.85 0.1824074074074074 0.17777777777777778
3 0.7166666666666667 0.1287037037037037 0.2111111111111111 0.2037037037037037
3 0.5175925925925926 0.15833333333333333 0.21388888888888888 0.21388888888888888
2 0.28888888888888886 0.21481481481481482 0.1675925925925926 0.16296296296296298
2 0.10833333333333334 0.2490740740740741 0.17962962962962964 0.175