2 0.4759259259259259 0.6527777777777778 0.15555555555555556 0.16018518518518518
1 0.625 0.6342592592592593 0.1824074074074074 0.1824074074074074
2 0.34814814814814815 0.5796296296296296 0.16018518518518518 0.16018518518518518
1 0.7675925925925926 0.5592592592592592 0.19166666666666668 0.1824074074074074
1 0.5268518518518519 0.5111111111111111 0.17222222222222222 0.17962962962962964
2 0.3907407407407407 0.44722222222222224 0.16018518518518518 0.16296296296296298
1 0.6574074074074074 0.42314814814814816 0.1824074074074074 0.1824074074074074
2 0.8074074074074075 0.4064814814814815 0.16018518518518518 0.16018518518518518
2 0.3037037037037037 0.3388888888888889 0.15555555555555556 0.15555555555555556
1 0.5175925925925926 0.35185185185185186 0.17777777777777778 0.17777777777777778
2 0.649074074074074 0.275 0.15555555555555556 0.15555555555555556
1 0.4101851851851852 0.23796296296296296 0.17962962962962964 0.17777777777777778
2 0.7935185185185185 0.25833333333333336 0.16018518518518518 0.16296296296296298
1 0.5518518518518518 0.1648148148148148 0.17777777777777778 0.1824074074074074
2 0.5555555555555556 0.774074074074074 0.16018518518518518 0.15555555555555556
1 0.35 0.7324074074074074 0.175 0.17962962962962964