2 0.6425925925925926 0.7620370370370371 0.17777777777777778 0.1675925925925926
2 0.6287037037037037 0.5481481481481482 0.17777777777777778 0.17777777777777778
2 0.6222222222222222 0.36018518518518516 0.18703703703703703 0.18703703703703703
2 0.6101851851851852 0.1574074074074074 0.18703703703703703 0.18703703703703703
3 0.39537037037037037 0.85 0.2111111111111111 0.21388888888888888
3 0.3861111111111111 0.6324074074074074 0.23055555555555557 0.21851851851851853
3 0.38333333333333336 0.3574074074074074 0.22777777777777777 0.2324074074074074
3 0.37777777777777777 0.12962962962962962 0.23981481481481481 0.24259259259259258
3 0.15 0.8657407407407407 0.21388888888888888 0.2064814814814815
3 0.15833333333333333 0.6601851851851852 0.21851851851851853 0.2064814814814815
3 0.15648148148148147 0.3861111111111111 0.2324074074074074 0.22777777777777777
3 0.1425925925925926 0.11944444444444445 0.23796296296296296 0.23796296296296296
2 0.8657407407407407 0.15462962962962962 0.19444444444444445 0.19907407407407407
2 0.8231481481481482 0.7703703703703704 0.17777777777777778 0.17962962962962964
2 0.8296296296296296 0.5731481481481482 0.17777777777777778 0.17222222222222222
2 0.8361111111111111 0.37222222222222223 0.1824074074074074 0.18703703703703703