3 0.3416666666666667 0.46111111111111114 0.1962962962962963 0.17962962962962964
2 0.34814814814814815 0.7555555555555555 0.15555555555555556 0.14814814814814814
2 0.38425925925925924 0.6157407407407407 0.15555555555555556 0.14166666666666666
3 0.4305555555555556 0.30648148148148147 0.18703703703703703 0.18425925925925926
3 0.5055555555555555 0.7203703703703703 0.18981481481481483 0.19166666666666668
2 0.5175925925925926 0.1638888888888889 0.15555555555555556 0.15092592592592594
2 0.5324074074074074 0.5555555555555556 0.16018518518518518 0.14629629629629629
2 0.5564814814814815 0.41574074074074074 0.16018518518518518 0.14814814814814814
2 0.6074074074074074 0.27037037037037037 0.14629629629629629 0.1537037037037037
3 0.6935185185185185 0.7425925925925926 0.19907407407407407 0.1962962962962963
3 0.6962962962962963 0.5592592592592592 0.2037037037037037 0.18981481481481483
3 0.7425925925925926 0.375 0.19907407407407407 0.19907407407407407
3 0.14537037037037037 0.4527777777777778 0.18981481481481483 0.17962962962962964
3 0.22592592592592592 0.6157407407407407 0.18981481481481483 0.18981481481481483
2 0.25 0.32685185185185184 0.15092592592592594 0.15555555555555556
2 0.3111111111111111 0.19907407407407407 0.14814814814814814 0.14351851851851852