3 0.6425925925925926 0.2777777777777778 0.19166666666666668 0.19444444444444445
2 0.5694444444444444 0.8425925925925926 0.17037037037037037 0.16296296296296298
3 0.5935185185185186 0.4962962962962963 0.19166666666666668 0.18703703703703703
2 0.5768518518518518 0.6620370370370371 0.14814814814814814 0.16296296296296298
3 0.4722222222222222 0.24722222222222223 0.18703703703703703 0.19166666666666668
2 0.38055555555555554 0.825925925925926 0.15555555555555556 0.16018518518518518
3 0.41388888888888886 0.4462962962962963 0.19166666666666668 0.18703703703703703
2 0.37962962962962965 0.6574074074074074 0.1537037037037037 0.15555555555555556
3 0.2324074074074074 0.225 0.1962962962962963 0.18425925925925926
3 0.20555555555555555 0.4185185185185185 0.1962962962962963 0.18425925925925926
2 0.1814814814814815 0.6361111111111111 0.15833333333333333 0.14814814814814814
2 0.16666666666666666 0.8055555555555556 0.15833333333333333 0.14629629629629629
3 0.8185185185185185 0.5027777777777778 0.20185185185185187 0.1962962962962963
3 0.8277777777777777 0.29074074074074074 0.19444444444444445 0.19444444444444445
2 0.7537037037037037 0.6851851851851852 0.16018518518518518 0.16018518518518518
2 0.7287037037037037 0.8555555555555555 0.16018518518518518 0.15833333333333333