3 0.7712962962962963 0.31296296296296294 0.2037037037037037 0.19907407407407407
3 0.5675925925925925 0.33425925925925926 0.20185185185185187 0.20185185185185187
2 0.17592592592592593 0.4083333333333333 0.16018518518518518 0.16574074074074074
2 0.362962962962963 0.3990740740740741 0.15833333333333333 0.15833333333333333
3 0.7870370370370371 0.5092592592592593 0.2111111111111111 0.2064814814814815
3 0.575925925925926 0.5370370370370371 0.2064814814814815 0.20185185185185187
2 0.375 0.5694444444444444 0.16018518518518518 0.16018518518518518
2 0.1935185185185185 0.600925925925926 0.16296296296296298 0.16018518518518518
3 0.6083333333333333 0.7379629629629629 0.2111111111111111 0.2064814814814815
2 0.4064814814814815 0.762962962962963 0.16018518518518518 0.16018518518518518
3 0.8175925925925925 0.7231481481481481 0.1962962962962963 0.19907407407407407
2 0.20277777777777778 0.7944444444444444 0.16574074074074074 0.16018518518518518
3 0.7296296296296296 0.12777777777777777 0.19444444444444445 0.18981481481481483
3 0.5435185185185185 0.15462962962962962 0.19444444444444445 0.19444444444444445
2 0.3277777777777778 0.20277777777777778 0.15555555555555556 0.15092592592592594
2 0.15833333333333333 0.23055555555555557 0.16574074074074074 0.15833333333333333