2 0.7972222222222223 0.6620370370370371 0.1388888888888889 0.12962962962962962
1 0.4787037037037037 0.6537037037037037 0.1537037037037037 0.1537037037037037
2 0.25 0.625 0.1388888888888889 0.13425925925925927
2 0.11018518518518519 0.6212962962962963 0.1388888888888889 0.13148148148148148
2 0.6814814814814815 0.5925925925925926 0.14166666666666666 0.1388888888888889
1 0.5527777777777778 0.5333333333333333 0.15555555555555556 0.1537037037037037
2 0.8138888888888889 0.5203703703703704 0.14814814814814814 0.14351851851851852
2 0.41388888888888886 0.525 0.14629629629629629 0.13425925925925927
1 0.2740740740740741 0.4888888888888889 0.1537037037037037 0.1537037037037037
1 0.12037037037037036 0.48333333333333334 0.16574074074074074 0.16018518518518518
1 0.6851851851851852 0.44907407407407407 0.16574074074074074 0.1537037037037037
1 0.49537037037037035 0.387037037037037 0.16574074074074074 0.16018518518518518
2 0.34814814814814815 0.37037037037037035 0.14814814814814814 0.14351851851851852
1 0.7768518518518519 0.31574074074074077 0.17037037037037037 0.16574074074074074
2 0.6240740740740741 0.3111111111111111 0.14351851851851852 0.14814814814814814
1 0.18981481481481483 0.3111111111111111 0.16574074074074074 0.17037037037037037
1 0.37962962962962965 0.22037037037037038 0.17037037037037037 0.17962962962962964
2 0.6972222222222222 0.18055555555555555 0.14351851851851852 0.16018518518518518
1 0.5398148148148149 0.17592592592592593 0.16018518518518518 0.17962962962962964
1 0.6277777777777778 0.8694444444444445 0.14629629629629629 0.14166666666666666
2 0.36944444444444446 0.8351851851851851 0.13425925925925927 0.11944444444444445
1 0.49722222222222223 0.8027777777777778 0.14814814814814814 0.14166666666666666
2 0.7333333333333333 0.7814814814814814 0.13425925925925927 0.11944444444444445
2 0.23055555555555557 0.7462962962962963 0.13425925925925927 0.12685185185185185
1 0.6129629629629629 0.7101851851851851 0.15092592592592594 0.14814814814814814
2 0.35462962962962963 0.7083333333333334 0.13425925925925927 0.12962962962962962