3 0.7425925925925926 0.26666666666666666 0.2037037037037037 0.20833333333333334
3 0.5324074074074074 0.29814814814814816 0.2064814814814815 0.2037037037037037
2 0.12407407407407407 0.38055555555555554 0.16574074074074074 0.17037037037037037
2 0.32222222222222224 0.37037037037037035 0.17037037037037037 0.16574074074074074
3 0.7648148148148148 0.4703703703703704 0.2037037037037037 0.2111111111111111
3 0.5481481481481482 0.5 0.20833333333333334 0.21388888888888888
2 0.33796296296296297 0.5481481481481482 0.17037037037037037 0.17037037037037037
2 0.14907407407407408 0.5888888888888889 0.1824074074074074 0.1824074074074074
3 0.799074074074074 0.6898148148148148 0.20833333333333334 0.21574074074074073
3 0.5888888888888889 0.7175925925925926 0.20833333333333334 0.22037037037037038
2 0.3787037037037037 0.7490740740740741 0.175 0.17222222222222222
2 0.17037037037037037 0.7851851851851852 0.1824074074074074 0.1824074074074074
3 0.700925925925926 0.08611111111111111 0.19907407407407407 0.17222222222222222
3 0.5074074074074074 0.1037037037037037 0.2037037037037037 0.2037037037037037
2 0.2824074074074074 0.1648148148148148 0.16296296296296298 0.16574074074074074
2 0.10833333333333334 0.20092592592592592 0.17037037037037037 0.16574074074074074