2 0.37407407407407406 0.7675925925925926 0.11388888888888889 0.11666666666666667
2 0.3638888888888889 0.5472222222222223 0.11944444444444445 0.1175925925925926
3 0.37962962962962965 0.33055555555555555 0.12962962962962962 0.125
2 0.42592592592592593 0.6333333333333333 0.12222222222222222 0.12222222222222222
2 0.4398148148148148 0.42314814814814816 0.1037037037037037 0.10092592592592593
2 0.48148148148148145 0.7407407407407407 0.11574074074074074 0.1111111111111111
3 0.4842592592592593 0.524074074074074 0.14166666666666666 0.14166666666666666
2 0.48055555555555557 0.27685185185185185 0.11018518518518519 0.10555555555555556
3 0.5583333333333333 0.6388888888888888 0.13518518518518519 0.13518518518518519
3 0.5740740740740741 0.42777777777777776 0.1388888888888889 0.12962962962962962
3 0.5898148148148148 0.3037037037037037 0.14166666666666666 0.12685185185185185
2 0.6657407407407407 0.7111111111111111 0.12037037037037036 0.11388888888888889
2 0.65 0.5148148148148148 0.11944444444444445 0.1175925925925926
3 0.7018518518518518 0.3888888888888889 0.14629629629629629 0.13240740740740742
3 0.7592592592592593 0.5787037037037037 0.15185185185185185 0.13333333333333333
3 0.325 0.44537037037037036 0.13055555555555556 0.12962962962962962