3 0.6481481481481481 0.39444444444444443 0.17962962962962964 0.1962962962962963
3 0.8398148148148148 0.38981481481481484 0.18703703703703703 0.19444444444444445
3 0.25 0.4324074074074074 0.20185185185185187 0.19907407407407407
3 0.4648148148148148 0.42777777777777776 0.18703703703703703 0.18703703703703703
2 0.2222222222222222 0.674074074074074 0.16296296296296298 0.16296296296296298
2 0.4546296296296296 0.6768518518518518 0.15833333333333333 0.15833333333333333
2 0.8175925925925925 0.6620370370370371 0.14814814814814814 0.15833333333333333
2 0.6453703703703704 0.6824074074074075 0.1537037037037037 0.15833333333333333
2 0.23425925925925925 0.8842592592592593 0.16296296296296298 0.16296296296296298
2 0.44722222222222224 0.8722222222222222 0.15833333333333333 0.15833333333333333
2 0.6453703703703704 0.8629629629629629 0.1537037037037037 0.15833333333333333
2 0.8425925925925926 0.8657407407407407 0.1675925925925926 0.15833333333333333
3 0.45092592592592595 0.19722222222222222 0.19166666666666668 0.2064814814814815
3 0.2324074074074074 0.21481481481481482 0.2064814814814815 0.20185185185185187
3 0.8240740740740741 0.17777777777777778 0.18425925925925926 0.18981481481481483
3 0.649074074074074 0.20555555555555555 0.18703703703703703 0.19907407407407407