2 0.4888888888888889 0.2388888888888889 0.15555555555555556 0.12222222222222222
2 0.7101851851851851 0.28703703703703703 0.16018518518518518 0.125
1 0.37592592592592594 0.33796296296296297 0.19907407407407407 0.1675925925925926
1 0.5675925925925925 0.3425925925925926 0.20833333333333334 0.15833333333333333
2 0.1824074074074074 0.38796296296296295 0.17222222222222222 0.12685185185185185
2 0.8712962962962963 0.4064814814814815 0.1675925925925926 0.1361111111111111
1 0.7064814814814815 0.42777777777777776 0.2037037037037037 0.16296296296296298
1 0.3351851851851852 0.4722222222222222 0.2037037037037037 0.16296296296296298
2 0.12777777777777777 0.4925925925925926 0.1675925925925926 0.12685185185185185
2 0.5083333333333333 0.46111111111111114 0.1675925925925926 0.12685185185185185
2 0.22685185185185186 0.5814814814814815 0.1824074074074074 0.1388888888888889
1 0.6222222222222222 0.5555555555555556 0.21851851851851853 0.1675925925925926
1 0.8231481481481482 0.5416666666666666 0.21388888888888888 0.16574074074074074
1 0.42314814814814816 0.5962962962962963 0.20833333333333334 0.16574074074074074
1 0.5555555555555556 0.7046296296296296 0.21851851851851853 0.175
2 0.3675925925925926 0.7324074074074074 0.17777777777777778 0.14351851851851852