3 0.3962962962962963 0.6574074074074074 0.175 0.175
3 0.5592592592592592 0.6370370370370371 0.17222222222222222 0.16574074074074074
2 0.26666666666666666 0.5675925925925925 0.14351851851851852 0.1388888888888889
2 0.762962962962963 0.5768518518518518 0.14351851851851852 0.1388888888888889
2 0.39166666666666666 0.5157407407407407 0.14814814814814814 0.14351851851851852
3 0.6462962962962963 0.5 0.175 0.17962962962962964
2 0.30092592592592593 0.4166666666666667 0.1537037037037037 0.1388888888888889
3 0.5037037037037037 0.4203703703703704 0.17962962962962964 0.17962962962962964
2 0.6768518518518518 0.35 0.14351851851851852 0.14814814814814814
2 0.2175925925925926 0.29907407407407405 0.15092592592592594 0.14814814814814814
3 0.3861111111111111 0.28703703703703703 0.1962962962962963 0.18981481481481483
3 0.5722222222222222 0.23425925925925925 0.19166666666666668 0.19444444444444445
2 0.44814814814814813 0.7935185185185185 0.1388888888888889 0.12962962962962962
3 0.5898148148148148 0.7870370370370371 0.16296296296296298 0.1675925925925926
3 0.2388888888888889 0.7111111111111111 0.18425925925925926 0.17037037037037037
2 0.7175925925925926 0.6990740740740741 0.13148148148148148 0.12962962962962962