2 0.5694444444444444 0.4398148148148148 0.14166666666666666 0.14629629629629629
2 0.7462962962962963 0.45092592592592595 0.14166666666666666 0.14166666666666666
2 0.39166666666666666 0.4398148148148148 0.14629629629629629 0.15555555555555556
2 0.18981481481481483 0.44074074074074077 0.14629629629629629 0.14629629629629629
1 0.737037037037037 0.6537037037037037 0.15555555555555556 0.15555555555555556
1 0.5574074074074075 0.6462962962962963 0.15555555555555556 0.15555555555555556
1 0.36666666666666664 0.6407407407407407 0.16018518518518518 0.15555555555555556
1 0.1537037037037037 0.6333333333333333 0.16018518518518518 0.16018518518518518
1 0.7185185185185186 0.8388888888888889 0.14629629629629629 0.15092592592592594
1 0.13055555555555556 0.825925925925926 0.16018518518518518 0.16574074074074074
1 0.3592592592592593 0.8425925925925926 0.17037037037037037 0.16018518518518518
1 0.5638888888888889 0.8583333333333333 0.16018518518518518 0.16018518518518518
2 0.38055555555555554 0.23055555555555557 0.14629629629629629 0.14629629629629629
2 0.7620370370370371 0.25277777777777777 0.14166666666666666 0.15092592592592594
2 0.16944444444444445 0.22962962962962963 0.14629629629629629 0.15092592592592594
2 0.5564814814814815 0.26481481481481484 0.14166666666666666 0.15092592592592594