2 0.22037037037037038 0.5092592592592593 0.15092592592592594 0.18703703703703703
2 0.33611111111111114 0.737037037037037 0.15555555555555556 0.18981481481481483
1 0.2953703703703704 0.35833333333333334 0.2037037037037037 0.23796296296296296
1 0.35462962962962963 0.5648148148148148 0.19444444444444445 0.24444444444444444
2 0.2916666666666667 0.13240740740740742 0.15555555555555556 0.20185185185185187
2 0.512962962962963 0.8777777777777778 0.1675925925925926 0.19907407407407407
1 0.4888888888888889 0.6925925925925925 0.20185185185185187 0.24259259259259258
1 0.4305555555555556 0.275 0.20185185185185187 0.24444444444444444
2 0.3962962962962963 0.0712962962962963 0.14629629629629629 0.1361111111111111
2 0.4685185185185185 0.4666666666666667 0.15555555555555556 0.1962962962962963
2 0.5166666666666667 0.12407407407407407 0.17037037037037037 0.21388888888888888
1 0.6037037037037037 0.5638888888888889 0.20833333333333334 0.2564814814814815
1 0.6462962962962963 0.7851851851851852 0.2037037037037037 0.2518518518518518
1 0.5898148148148148 0.3333333333333333 0.2037037037037037 0.24722222222222223
1 0.7453703703703703 0.4462962962962963 0.21574074074074073 0.2564814814814815
2 0.7203703703703703 0.23333333333333334 0.17777777777777778 0.21388888888888888