2 0.24444444444444444 0.6583333333333333 0.14351851851851852 0.14166666666666666
2 0.10092592592592593 0.6527777777777778 0.15092592592592594 0.14351851851851852
2 0.7018518518518518 0.625 0.15092592592592594 0.1388888888888889
1 0.5722222222222222 0.5601851851851852 0.16574074074074074 0.16018518518518518
2 0.42314814814814816 0.5527777777777778 0.14814814814814814 0.14629629629629629
2 0.8462962962962963 0.5509259259259259 0.15555555555555556 0.14629629629629629
1 0.2740740740740741 0.5194444444444445 0.16018518518518518 0.16018518518518518
1 0.10833333333333334 0.5055555555555555 0.17037037037037037 0.16574074074074074
1 0.7083333333333334 0.47314814814814815 0.17037037037037037 0.17037037037037037
1 0.5055555555555555 0.41388888888888886 0.17037037037037037 0.16018518518518518
2 0.3537037037037037 0.3907407407407407 0.14629629629629629 0.14814814814814814
1 0.1824074074074074 0.32407407407407407 0.17777777777777778 0.175
2 0.6444444444444445 0.33055555555555555 0.15555555555555556 0.15092592592592594
1 0.8064814814814815 0.3314814814814815 0.175 0.175
1 0.38796296296296295 0.22870370370370371 0.175 0.18981481481481483
1 0.5564814814814815 0.18611111111111112 0.175 0.18425925925925926
2 0.725 0.18611111111111112 0.16018518518518518 0.17037037037037037
1 0.6481481481481481 0.9138888888888889 0.16018518518518518 0.14814814814814814
2 0.3712962962962963 0.8759259259259259 0.14166666666666666 0.13425925925925927
1 0.5092592592592593 0.8416666666666667 0.15555555555555556 0.14629629629629629
2 0.75 0.8194444444444444 0.14351851851851852 0.12962962962962962
2 0.22314814814814815 0.7870370370370371 0.14351851851851852 0.12962962962962962
2 0.35555555555555557 0.7462962962962963 0.1388888888888889 0.1388888888888889
1 0.6305555555555555 0.7509259259259259 0.15555555555555556 0.14814814814814814
1 0.4888888888888889 0.6898148148148148 0.16574074074074074 0.15555555555555556
2 0.8212962962962963 0.6962962962962963 0.14814814814814814 0.1388888888888889