2 0.18888888888888888 0.40185185185185185 0.16296296296296298 0.15092592592592594
3 0.5351851851851852 0.36944444444444446 0.2037037037037037 0.2037037037037037
3 0.36666666666666664 0.4324074074074074 0.19444444444444445 0.20185185185185187
2 0.6925925925925925 0.44074074074074077 0.16574074074074074 0.15555555555555556
2 0.16944444444444445 0.5333333333333333 0.1537037037037037 0.15092592592592594
2 0.5694444444444444 0.5194444444444445 0.16018518518518518 0.16018518518518518
3 0.3055555555555556 0.6 0.1962962962962963 0.2064814814814815
2 0.687037037037037 0.612037037037037 0.16296296296296298 0.19166666666666668
3 0.47314814814814815 0.6546296296296297 0.1962962962962963 0.2111111111111111
2 0.3101851851851852 0.7666666666666667 0.16296296296296298 0.17777777777777778
2 0.8055555555555556 0.7129629629629629 0.175 0.1824074074074074
3 0.6222222222222222 0.7657407407407407 0.2111111111111111 0.22314814814814815
3 0.44351851851851853 0.8638888888888889 0.2111111111111111 0.22314814814814815
2 0.45185185185185184 0.23796296296296296 0.1537037037037037 0.15092592592592594
3 0.30277777777777776 0.2712962962962963 0.19444444444444445 0.18425925925925926
3 0.6935185185185185 0.27870370370370373 0.2064814814814815 0.1962962962962963