2 0.6990740740740741 0.6925925925925925 0.14629629629629629 0.14814814814814814
3 0.387037037037037 0.6407407407407407 0.17777777777777778 0.17962962962962964
3 0.5527777777777778 0.6277777777777778 0.17777777777777778 0.18981481481481483
2 0.262037037037037 0.5398148148148149 0.15833333333333333 0.14629629629629629
2 0.7537037037037037 0.5833333333333334 0.14629629629629629 0.1388888888888889
2 0.38981481481481484 0.4962962962962963 0.14814814814814814 0.15092592592592594
3 0.649074074074074 0.49537037037037035 0.1824074074074074 0.18425925925925926
2 0.31296296296296294 0.3925925925925926 0.15555555555555556 0.14351851851851852
3 0.512962962962963 0.40370370370370373 0.1824074074074074 0.19444444444444445
2 0.687037037037037 0.3537037037037037 0.1537037037037037 0.15833333333333333
2 0.23333333333333334 0.26296296296296295 0.16296296296296298 0.16296296296296298
3 0.4074074074074074 0.26666666666666666 0.2037037037037037 0.2037037037037037
3 0.5962962962962963 0.22592592592592592 0.18981481481481483 0.2064814814814815
2 0.41944444444444445 0.774074074074074 0.14351851851851852 0.14351851851851852
3 0.5694444444444444 0.7768518518518519 0.1824074074074074 0.18425925925925926
3 0.2222222222222222 0.6759259259259259 0.1962962962962963 0.19166666666666668