2 0.49166666666666664 0.48518518518518516 0.06944444444444445 0.05925925925925926
2 0.39537037037037037 0.5453703703703704 0.06111111111111111 0.06111111111111111
2 0.3277777777777778 0.6083333333333333 0.05925925925925926 0.058333333333333334
2 0.28055555555555556 0.7425925925925926 0.05648148148148148 0.06759259259259259
2 0.3296296296296296 0.49444444444444446 0.06018518518518518 0.058333333333333334
2 0.36944444444444446 0.42314814814814816 0.06018518518518518 0.06111111111111111
2 0.37777777777777777 0.36018518518518516 0.06111111111111111 0.06018518518518518
2 0.3851851851851852 0.2722222222222222 0.05740740740740741 0.05925925925925926
2 0.4083333333333333 0.20925925925925926 0.06111111111111111 0.05555555555555555
2 0.4898148148148148 0.19814814814814816 0.06111111111111111 0.05925925925925926
2 0.25925925925925924 0.3296296296296296 0.06296296296296296 0.06111111111111111
2 0.15185185185185185 0.4046296296296296 0.05555555555555555 0.06296296296296296
2 0.05740740740740741 0.5157407407407407 0.05092592592592592 0.05648148148148148
2 0.044444444444444446 0.6898148148148148 0.05462962962962963 0.06759259259259259
2 0.1425925925925926 0.774074074074074 0.05740740740740741 0.06851851851851852
2 0.017592592592592594 0.549074074074074 0.03425925925925926 0.053703703703703705
2 0.11481481481481481 0.6055555555555555 0.05462962962962963 0.05648148148148148
2 0.10648148148148148 0.5462962962962963 0.05185185185185185 0.05648148148148148
3 0.07685185185185185 0.3787037037037037 0.06944444444444445 0.07222222222222222
3 0.21574074074074073 0.6638888888888889 0.07592592592592592 0.07407407407407407
3 0.4601851851851852 0.29259259259259257 0.075 0.08518518518518518
1 0.36574074074074076 0.6972222222222222 0.06296296296296296 0.07314814814814814
1 0.3111111111111111 0.3824074074074074 0.062037037037037036 0.07314814814814814
0 0.10462962962962963 0.7037037037037037 0.05277777777777778 0.053703703703703705
0 0.1935185185185185 0.6027777777777777 0.04722222222222222 0.05
0 0.20833333333333334 0.5212962962962963 0.05 0.05648148148148148
0 0.2111111111111111 0.4444444444444444 0.049074074074074076 0.05555555555555555
1 0.25555555555555554 0.487962962962963 0.06018518518518518 0.06388888888888888