2 0.2574074074074074 0.11481481481481481 0.06388888888888888 0.06388888888888888
3 0.3907407407407407 0.15462962962962962 0.08148148148148149 0.07685185185185185
0 0.46944444444444444 0.13796296296296295 0.06111111111111111 0.058333333333333334
2 0.6574074074074074 0.11018518518518519 0.06388888888888888 0.06018518518518518
3 0.5824074074074074 0.21388888888888888 0.08333333333333333 0.07962962962962963
2 0.4675925925925926 0.24259259259259258 0.06666666666666667 0.06296296296296296
2 0.33055555555555555 0.2898148148148148 0.06388888888888888 0.06388888888888888
0 0.24722222222222223 0.26481481481481484 0.05925925925925926 0.058333333333333334
2 0.39814814814814814 0.3851851851851852 0.06481481481481481 0.06481481481481481
2 0.5296296296296297 0.30092592592592593 0.06296296296296296 0.06296296296296296
2 0.7185185185185186 0.23333333333333334 0.06388888888888888 0.062037037037037036
0 0.6175925925925926 0.3055555555555556 0.05925925925925926 0.06018518518518518
2 0.7518518518518519 0.34444444444444444 0.06574074074074074 0.06574074074074074
2 0.6722222222222223 0.3537037037037037 0.06388888888888888 0.06481481481481481
2 0.5953703703703703 0.42407407407407405 0.06666666666666667 0.06851851851851852
0 0.5370370370370371 0.5055555555555555 0.06018518518518518 0.06111111111111111
2 0.41574074074074074 0.5009259259259259 0.06666666666666667 0.06574074074074074
1 0.5175925925925926 0.375 0.07314814814814814 0.0712962962962963
2 0.4648148148148148 0.5787037037037037 0.06851851851851852 0.06944444444444445
2 0.7342592592592593 0.5925925925925926 0.06666666666666667 0.06944444444444445
2 0.7407407407407407 0.4462962962962963 0.06666666666666667 0.06666666666666667
0 0.6185185185185185 0.5879629629629629 0.06388888888888888 0.06296296296296296