3 0.387037037037037 0.18703703703703703 0.20833333333333334 0.20833333333333334
3 0.375 0.3861111111111111 0.20833333333333334 0.20833333333333334
2 0.3537037037037037 0.6787037037037037 0.17222222222222222 0.17222222222222222
2 0.33425925925925926 0.8740740740740741 0.175 0.17962962962962964
3 0.5916666666666667 0.19444444444444445 0.2064814814814815 0.21851851851851853
3 0.5611111111111111 0.4324074074074074 0.22037037037037038 0.22037037037037038
2 0.5527777777777778 0.6935185185185185 0.1675925925925926 0.175
2 0.5527777777777778 0.8981481481481481 0.17962962962962964 0.18425925925925926
3 0.7861111111111111 0.44814814814814813 0.2324074074074074 0.23055555555555557
3 0.8194444444444444 0.225 0.23055555555555557 0.22314814814814815
2 0.799074074074074 0.7046296296296296 0.18981481481481483 0.1824074074074074
2 0.7768518518518519 0.9157407407407407 0.1962962962962963 0.1675925925925926
3 0.2111111111111111 0.1527777777777778 0.19907407407407407 0.20185185185185187
3 0.17777777777777778 0.3675925925925926 0.2037037037037037 0.2037037037037037
2 0.1361111111111111 0.8574074074074074 0.17037037037037037 0.17037037037037037
2 0.18055555555555555 0.6518518518518519 0.16574074074074074 0.17222222222222222