2 0.43425925925925923 0.43425925925925923 0.15555555555555556 0.15092592592592594
2 0.41203703703703703 0.2537037037037037 0.14814814814814814 0.14814814814814814
2 0.4648148148148148 0.6129629629629629 0.1675925925925926 0.15833333333333333
2 0.5 0.8185185185185185 0.15833333333333333 0.15833333333333333
1 0.6194444444444445 0.22870370370370371 0.1675925925925926 0.1675925925925926
1 0.6444444444444445 0.4101851851851852 0.1675925925925926 0.17037037037037037
1 0.6703703703703704 0.6037037037037037 0.1675925925925926 0.17222222222222222
1 0.7018518518518518 0.8194444444444444 0.17222222222222222 0.17222222222222222
1 0.8092592592592592 0.21388888888888888 0.16296296296296298 0.16018518518518518
1 0.899074074074074 0.8092592592592592 0.17777777777777778 0.175
1 0.8787037037037037 0.575925925925926 0.175 0.18425925925925926
1 0.8574074074074074 0.3638888888888889 0.17222222222222222 0.17222222222222222
2 0.2574074074074074 0.6620370370370371 0.16018518518518518 0.15833333333333333
2 0.2101851851851852 0.2740740740740741 0.16018518518518518 0.15092592592592594
2 0.2935185185185185 0.8740740740740741 0.16574074074074074 0.15833333333333333
2 0.25555555555555554 0.47962962962962963 0.16296296296296298 0.15092592592592594