3 0.4351851851851852 0.6814814814814815 0.18981481481481483 0.18981481481481483
3 0.5888888888888889 0.6212962962962963 0.18703703703703703 0.17962962962962964
2 0.28703703703703703 0.6240740740740741 0.15555555555555556 0.1537037037037037
2 0.7712962962962963 0.5148148148148148 0.15555555555555556 0.15092592592592594
2 0.3962962962962963 0.5435185185185185 0.16018518518518518 0.15555555555555556
3 0.6407407407407407 0.4666666666666667 0.18981481481481483 0.19444444444444445
2 0.2851851851851852 0.47129629629629627 0.16574074074074074 0.15555555555555556
3 0.4824074074074074 0.42592592592592593 0.19444444444444445 0.19444444444444445
2 0.6333333333333333 0.3138888888888889 0.15555555555555556 0.16018518518518518
2 0.17592592592592593 0.37592592592592594 0.16018518518518518 0.16018518518518518
3 0.3351851851851852 0.32314814814814813 0.2111111111111111 0.2064814814814815
3 0.5037037037037037 0.22685185185185186 0.20833333333333334 0.2111111111111111
2 0.5175925925925926 0.799074074074074 0.15092592592592594 0.14166666666666666
3 0.6537037037037037 0.7592592592592593 0.17962962962962964 0.1824074074074074
3 0.2972222222222222 0.7712962962962963 0.1962962962962963 0.18425925925925926
2 0.7574074074074074 0.6444444444444445 0.14629629629629629 0.14166666666666666