2 0.25833333333333336 0.7175925925925926 0.14166666666666666 0.13425925925925927
2 0.4962962962962963 0.687037037037037 0.12222222222222222 0.125
3 0.737037037037037 0.6361111111111111 0.14629629629629629 0.14629629629629629
2 0.3907407407407407 0.6361111111111111 0.12685185185185185 0.12685185185185185
2 0.6240740740740741 0.5833333333333334 0.11481481481481481 0.11944444444444445
2 0.26666666666666666 0.5953703703703703 0.13425925925925927 0.13425925925925927
3 0.5 0.549074074074074 0.15092592592592594 0.15092592592592594
2 0.7712962962962963 0.512962962962963 0.11018518518518519 0.11481481481481481
3 0.3675925925925926 0.49444444444444446 0.15555555555555556 0.15555555555555556
3 0.5916666666666667 0.43703703703703706 0.14629629629629629 0.15092592592592594
3 0.7212962962962963 0.3990740740740741 0.13425925925925927 0.15092592592592594
2 0.2712962962962963 0.38796296296296295 0.1361111111111111 0.13425925925925927
2 0.4824074074074074 0.36944444444444446 0.12222222222222222 0.125
3 0.6129629629629629 0.2916666666666667 0.14629629629629629 0.15555555555555556
3 0.39444444444444443 0.2611111111111111 0.15833333333333333 0.17037037037037037
3 0.6166666666666667 0.7092592592592593 0.14166666666666666 0.16018518518518518