3 0.26944444444444443 0.4046296296296296 0.2111111111111111 0.20833333333333334
3 0.26481481481481484 0.1574074074074074 0.21388888888888888 0.21388888888888888
2 0.29444444444444445 0.6546296296296297 0.175 0.1675925925925926
2 0.3101851851851852 0.8342592592592593 0.175 0.175
3 0.475 0.37592592592592594 0.21851851851851853 0.21388888888888888
3 0.49166666666666664 0.13703703703703704 0.21851851851851853 0.21851851851851853
2 0.5157407407407407 0.625 0.17962962962962964 0.17777777777777778
2 0.5453703703703704 0.812962962962963 0.1824074074074074 0.1824074074074074
3 0.7342592592592593 0.08981481481481482 0.22777777777777777 0.17962962962962964
3 0.7453703703703703 0.35 0.2351851851851852 0.22314814814814815
2 0.7824074074074074 0.6037037037037037 0.18425925925925926 0.17962962962962964
2 0.8222222222222222 0.8092592592592592 0.19444444444444445 0.1824074074074074
3 0.08055555555555556 0.3925925925925926 0.16018518518518518 0.20833333333333334
3 0.07777777777777778 0.18518518518518517 0.15555555555555556 0.20185185185185187
2 0.08518518518518518 0.6861111111111111 0.16296296296296298 0.16574074074074074
2 0.10833333333333334 0.8574074074074074 0.16296296296296298 0.16296296296296298