2 0.40185185185185185 0.5212962962962963 0.17777777777777778 0.17037037037037037
2 0.3861111111111111 0.7453703703703703 0.175 0.175
2 0.41574074074074074 0.3388888888888889 0.16296296296296298 0.15833333333333333
2 0.4324074074074074 0.13703703703703704 0.1675925925925926 0.1537037037037037
1 0.5694444444444444 0.774074074074074 0.17962962962962964 0.18425925925925926
1 0.6074074074074074 0.5601851851851852 0.18981481481481483 0.175
1 0.6296296296296297 0.3509259259259259 0.18425925925925926 0.175
1 0.6611111111111111 0.1638888888888889 0.18425925925925926 0.175
1 0.7814814814814814 0.7787037037037037 0.18981481481481483 0.18981481481481483
1 0.8314814814814815 0.375 0.19907407407407407 0.175
1 0.8222222222222222 0.5648148148148148 0.19444444444444445 0.175
1 0.8675925925925926 0.1814814814814815 0.1824074074074074 0.17222222222222222
2 0.17037037037037037 0.7388888888888889 0.17037037037037037 0.16574074074074074
2 0.20185185185185187 0.512962962962963 0.17222222222222222 0.16018518518518518
2 0.23425925925925925 0.33055555555555555 0.1675925925925926 0.15833333333333333
2 0.25462962962962965 0.11944444444444445 0.1675925925925926 0.15833333333333333