3 0.49444444444444446 0.35185185185185186 0.1962962962962963 0.19444444444444445
2 0.8055555555555556 0.37962962962962965 0.15092592592592594 0.15092592592592594
2 0.65 0.39444444444444443 0.15092592592592594 0.15555555555555556
2 0.18703703703703703 0.3787037037037037 0.16018518518518518 0.15092592592592594
2 0.34629629629629627 0.39444444444444443 0.15092592592592594 0.14629629629629629
3 0.7444444444444445 0.525 0.19907407407407407 0.19444444444444445
3 0.5537037037037037 0.5166666666666667 0.19907407407407407 0.19444444444444445
3 0.2212962962962963 0.5287037037037037 0.20185185185185187 0.19166666666666668
2 0.387037037037037 0.5388888888888889 0.17037037037037037 0.16018518518518518
2 0.6564814814814814 0.6731481481481482 0.15555555555555556 0.16574074074074074
3 0.4787037037037037 0.6842592592592592 0.19907407407407407 0.19444444444444445
3 0.28703703703703703 0.7092592592592593 0.19444444444444445 0.2037037037037037
2 0.5657407407407408 0.20462962962962963 0.14629629629629629 0.15092592592592594
2 0.42592592592592593 0.20277777777777778 0.15092592592592594 0.14629629629629629
3 0.7148148148148148 0.2537037037037037 0.19444444444444445 0.17777777777777778
3 0.26666666666666666 0.2351851851851852 0.19166666666666668 0.19444444444444445