3 0.6259259259259259 0.4962962962962963 0.2037037037037037 0.20833333333333334
2 0.6203703703703703 0.8379629629629629 0.15833333333333333 0.16018518518518518
2 0.5898148148148148 0.6703703703703704 0.16574074074074074 0.15833333333333333
2 0.5731481481481482 0.16203703703703703 0.16296296296296298 0.17037037037037037
2 0.5685185185185185 0.33796296296296297 0.15555555555555556 0.15833333333333333
3 0.45555555555555555 0.7833333333333333 0.20833333333333334 0.2111111111111111
3 0.44907407407407407 0.575925925925926 0.2064814814814815 0.2111111111111111
3 0.4111111111111111 0.2111111111111111 0.2064814814814815 0.21388888888888888
2 0.41203703703703703 0.39444444444444443 0.17222222222222222 0.18425925925925926
2 0.2861111111111111 0.6981481481481482 0.17777777777777778 0.16574074074074074
3 0.2611111111111111 0.5037037037037037 0.2064814814814815 0.2111111111111111
3 0.21851851851851853 0.2953703703703704 0.21574074074074073 0.20833333333333334
2 0.7935185185185185 0.5638888888888889 0.15833333333333333 0.15555555555555556
2 0.7851851851851852 0.4101851851851852 0.15555555555555556 0.16296296296296298
3 0.7509259259259259 0.7324074074074074 0.18981481481481483 0.2037037037037037
3 0.737037037037037 0.2388888888888889 0.2037037037037037 0.2037037037037037