1 0.3675925925925926 0.14722222222222223 0.07314814814814814 0.07777777777777778
1 0.6620370370370371 0.20555555555555555 0.075 0.07685185185185185
1 0.3685185185185185 0.275 0.07777777777777778 0.075
1 0.7175925925925926 0.46111111111111114 0.07314814814814814 0.07685185185185185
1 0.5074074074074074 0.6712962962962963 0.07222222222222222 0.075
0 0.5638888888888889 0.16666666666666666 0.06018518518518518 0.06666666666666667
0 0.45925925925925926 0.14537037037037037 0.06481481481481481 0.06296296296296296
0 0.43425925925925923 0.2361111111111111 0.062037037037037036 0.06759259259259259
0 0.3175925925925926 0.3277777777777778 0.06296296296296296 0.06296296296296296
0 0.2972222222222222 0.40370370370370373 0.06296296296296296 0.06481481481481481
0 0.40370370370370373 0.41944444444444445 0.06296296296296296 0.05740740740740741
0 0.5361111111111111 0.5361111111111111 0.05555555555555555 0.058333333333333334
0 0.6138888888888889 0.5898148148148148 0.06111111111111111 0.053703703703703705
3 0.26296296296296295 0.21944444444444444 0.08425925925925926 0.09074074074074075
2 0.7388888888888889 0.10833333333333334 0.07037037037037037 0.07407407407407407
2 0.4824074074074074 0.30092592592592593 0.06666666666666667 0.06666666666666667
2 0.5851851851851851 0.26944444444444443 0.06481481481481481 0.06851851851851852
2 0.712037037037037 0.28888888888888886 0.06388888888888888 0.06759259259259259
2 0.6611111111111111 0.3351851851851852 0.06296296296296296 0.06759259259259259
2 0.5601851851851852 0.3851851851851852 0.06111111111111111 0.06388888888888888
2 0.49537037037037035 0.39537037037037037 0.06018518518518518 0.06666666666666667
2 0.4962962962962963 0.46296296296296297 0.06666666666666667 0.06574074074074074
2 0.3851851851851852 0.49722222222222223 0.06759259259259259 0.06388888888888888
2 0.44722222222222224 0.5435185185185185 0.06111111111111111 0.062037037037037036
2 0.5935185185185186 0.4824074074074074 0.06759259259259259 0.06018518518518518
2 0.762962962962963 0.5638888888888889 0.06666666666666667 0.06759259259259259
2 0.6694444444444444 0.6703703703703704 0.06388888888888888 0.06666666666666667