3 0.6129629629629629 0.27314814814814814 0.19907407407407407 0.20185185185185187
3 0.8583333333333333 0.27685185185185185 0.2064814814814815 0.2064814814814815
2 0.3638888888888889 0.2898148148148148 0.16018518518518518 0.1675925925925926
2 0.18611111111111112 0.2972222222222222 0.1675925925925926 0.1675925925925926
3 0.6342592592592593 0.47685185185185186 0.2064814814814815 0.2064814814814815
3 0.8703703703703703 0.5027777777777778 0.2064814814814815 0.2111111111111111
2 0.387037037037037 0.5083333333333333 0.1675925925925926 0.17222222222222222
2 0.19907407407407407 0.5314814814814814 0.17222222222222222 0.17222222222222222
3 0.9111111111111111 0.7444444444444445 0.17777777777777778 0.21851851851851853
3 0.6518518518518519 0.7453703703703703 0.2111111111111111 0.22592592592592592
2 0.3990740740740741 0.774074074074074 0.17037037037037037 0.17777777777777778
2 0.19444444444444445 0.8055555555555556 0.17222222222222222 0.1824074074074074
3 0.6296296296296297 0.08055555555555556 0.20185185185185187 0.16018518518518518
3 0.8361111111111111 0.08148148148148149 0.19444444444444445 0.16296296296296298
2 0.3425925925925926 0.07962962962962963 0.15833333333333333 0.15833333333333333
2 0.17037037037037037 0.09722222222222222 0.15833333333333333 0.15833333333333333