3 0.4722222222222222 0.33611111111111114 0.2064814814814815 0.22037037037037038
2 0.7703703703703704 0.387037037037037 0.1675925925925926 0.175
2 0.6240740740740741 0.40370370370370373 0.16296296296296298 0.175
3 0.30277777777777776 0.4074074074074074 0.20833333333333334 0.2111111111111111
3 0.7111111111111111 0.5407407407407407 0.21574074074074073 0.21388888888888888
2 0.14537037037037037 0.4759259259259259 0.17222222222222222 0.175
2 0.5416666666666666 0.5453703703703704 0.1675925925925926 0.17962962962962964
2 0.39537037037037037 0.5518518518518518 0.1675925925925926 0.17962962962962964
2 0.24074074074074073 0.5814814814814815 0.17037037037037037 0.16574074074074074
3 0.7083333333333334 0.737037037037037 0.22314814814814815 0.22314814814814815
3 0.5212962962962963 0.7129629629629629 0.21574074074074073 0.22777777777777777
3 0.32685185185185184 0.7324074074074074 0.22592592592592592 0.22592592592592592
3 0.4925925925925926 0.1398148148148148 0.2037037037037037 0.21388888888888888
3 0.6453703703703704 0.24537037037037038 0.21388888888888888 0.21388888888888888
2 0.35 0.22592592592592592 0.175 0.17222222222222222
2 0.21296296296296297 0.26944444444444443 0.16018518518518518 0.16574074074074074