2 0.3148148148148148 0.3074074074074074 0.17037037037037037 0.17222222222222222
2 0.4564814814814815 0.3416666666666667 0.16574074074074074 0.17037037037037037
1 0.6037037037037037 0.387037037037037 0.18703703703703703 0.1962962962962963
1 0.7546296296296297 0.47314814814814815 0.19907407407407407 0.21388888888888888
2 0.19074074074074074 0.38425925925925924 0.17222222222222222 0.16574074074074074
1 0.3296296296296296 0.46111111111111114 0.18425925925925926 0.1962962962962963
2 0.4842592592592593 0.48703703703703705 0.16574074074074074 0.16574074074074074
1 0.18703703703703703 0.5407407407407407 0.18703703703703703 0.18425925925925926
1 0.5555555555555556 0.6277777777777778 0.18703703703703703 0.19166666666666668
1 0.3907407407407407 0.6092592592592593 0.19166666666666668 0.1962962962962963
2 0.725 0.6759259259259259 0.18425925925925926 0.18425925925925926
2 0.25462962962962965 0.6888888888888889 0.175 0.17037037037037037
1 0.6055555555555555 0.799074074074074 0.19166666666666668 0.1962962962962963
2 0.4222222222222222 0.774074074074074 0.17222222222222222 0.17962962962962964
2 0.5527777777777778 0.22870370370370371 0.17777777777777778 0.1824074074074074
1 0.7333333333333333 0.27037037037037037 0.2064814814814815 0.19907407407407407