3 0.4111111111111111 0.3333333333333333 0.19444444444444445 0.19166666666666668
2 0.7138888888888889 0.362962962962963 0.15833333333333333 0.15833333333333333
2 0.9111111111111111 0.3824074074074074 0.17037037037037037 0.16296296296296298
3 0.18518518518518517 0.5203703703703704 0.19444444444444445 0.19444444444444445
3 0.42685185185185187 0.5287037037037037 0.19444444444444445 0.1962962962962963
2 0.6925925925925925 0.5638888888888889 0.17037037037037037 0.16296296296296298
2 0.9027777777777778 0.6037037037037037 0.17962962962962964 0.16296296296296298
3 0.16666666666666666 0.7509259259259259 0.19907407407407407 0.19907407407407407
3 0.40370370370370373 0.7555555555555555 0.20833333333333334 0.21574074074074073
2 0.6611111111111111 0.812962962962963 0.16296296296296298 0.175
2 0.8870370370370371 0.8333333333333334 0.175 0.17962962962962964
3 0.2111111111111111 0.125 0.18981481481481483 0.17962962962962964
3 0.4305555555555556 0.13333333333333333 0.18425925925925926 0.1824074074074074
2 0.924074074074074 0.17777777777777778 0.15092592592592594 0.15833333333333333
2 0.7111111111111111 0.18425925925925926 0.1537037037037037 0.1537037037037037
3 0.20925925925925926 0.3111111111111111 0.19444444444444445 0.18703703703703703