2 0.3574074074074074 0.23796296296296296 0.17777777777777778 0.1675925925925926
2 0.3712962962962963 0.45185185185185184 0.17777777777777778 0.17777777777777778
2 0.37777777777777777 0.6398148148148148 0.18703703703703703 0.18703703703703703
2 0.38981481481481484 0.8425925925925926 0.18703703703703703 0.18703703703703703
3 0.6046296296296296 0.15 0.2111111111111111 0.21388888888888888
3 0.6138888888888889 0.3675925925925926 0.23055555555555557 0.21851851851851853
3 0.6166666666666667 0.6425925925925926 0.22777777777777777 0.2324074074074074
3 0.6222222222222222 0.8703703703703703 0.23981481481481481 0.24259259259259258
3 0.85 0.13425925925925927 0.21388888888888888 0.2064814814814815
3 0.8416666666666667 0.3398148148148148 0.21851851851851853 0.2064814814814815
3 0.8435185185185186 0.6138888888888889 0.2324074074074074 0.22777777777777777
3 0.8574074074074074 0.8805555555555555 0.23796296296296296 0.23796296296296296
2 0.13425925925925927 0.8453703703703703 0.19444444444444445 0.19907407407407407
2 0.17685185185185184 0.22962962962962963 0.17777777777777778 0.17962962962962964
2 0.17037037037037037 0.42685185185185187 0.17777777777777778 0.17222222222222222
2 0.1638888888888889 0.6277777777777778 0.1824074074074074 0.18703703703703703