3 0.6814814814814815 0.3638888888888889 0.2037037037037037 0.2064814814814815
2 0.687037037037037 0.6611111111111111 0.1675925925925926 0.1675925925925926
2 0.6935185185185185 0.8546296296296296 0.175 0.17962962962962964
3 0.4722222222222222 0.16574074074074074 0.2064814814814815 0.2064814814814815
3 0.49444444444444446 0.40370370370370373 0.20833333333333334 0.2064814814814815
2 0.49166666666666664 0.6648148148148149 0.175 0.17962962962962964
2 0.47685185185185186 0.8703703703703703 0.175 0.18981481481481483
3 0.2462962962962963 0.18055555555555555 0.2111111111111111 0.2111111111111111
3 0.27037037037037037 0.4074074074074074 0.22592592592592592 0.21851851851851853
2 0.2462962962962963 0.6638888888888889 0.18425925925925926 0.175
2 0.2537037037037037 0.8833333333333333 0.18981481481481483 0.18425925925925926
3 0.8583333333333333 0.14537037037037037 0.19166666666666668 0.19907407407407407
3 0.8759259259259259 0.3592592592592593 0.19166666666666668 0.19444444444444445
2 0.8916666666666667 0.8481481481481481 0.17037037037037037 0.17222222222222222
2 0.862037037037037 0.637962962962963 0.16018518518518518 0.16018518518518518
3 0.6777777777777778 0.1648148148148148 0.19907407407407407 0.2037037037037037