3 0.687037037037037 0.7712962962962963 0.19907407407407407 0.2037037037037037
3 0.6657407407407407 0.5675925925925925 0.20185185185185187 0.20185185185185187
2 0.5916666666666667 0.17592592592592593 0.16574074074074074 0.16018518518518518
2 0.600925925925926 0.362962962962963 0.15833333333333333 0.15833333333333333
3 0.49074074074074076 0.7870370370370371 0.2064814814814815 0.2111111111111111
3 0.46296296296296297 0.575925925925926 0.20185185185185187 0.2064814814814815
2 0.4305555555555556 0.375 0.16018518518518518 0.16018518518518518
2 0.3990740740740741 0.1935185185185185 0.16018518518518518 0.16296296296296298
3 0.262037037037037 0.6083333333333333 0.2064814814814815 0.2111111111111111
2 0.23703703703703705 0.4064814814814815 0.16018518518518518 0.16018518518518518
3 0.27685185185185185 0.8175925925925925 0.19907407407407407 0.1962962962962963
2 0.20555555555555555 0.20277777777777778 0.16018518518518518 0.16574074074074074
3 0.8722222222222222 0.7296296296296296 0.18981481481481483 0.19444444444444445
3 0.8453703703703703 0.5435185185185185 0.19444444444444445 0.19444444444444445
2 0.7972222222222223 0.3277777777777778 0.15092592592592594 0.15555555555555556
2 0.7694444444444445 0.15833333333333333 0.15833333333333333 0.16574074074074074