3 0.34814814814814815 0.5194444444444445 0.19907407407407407 0.20185185185185187
2 0.3962962962962963 0.8194444444444444 0.15555555555555556 0.15555555555555556
2 0.40185185185185185 0.6694444444444444 0.16018518518518518 0.15555555555555556
2 0.3537037037037037 0.22314814814814815 0.15555555555555556 0.16574074074074074
2 0.37962962962962965 0.37407407407407406 0.15092592592592594 0.1537037037037037
3 0.5333333333333333 0.7527777777777778 0.19907407407407407 0.20185185185185187
3 0.512962962962963 0.5675925925925925 0.19907407407407407 0.20185185185185187
3 0.5009259259259259 0.2462962962962963 0.19907407407407407 0.2064814814814815
2 0.5231481481481481 0.4064814814814815 0.1675925925925926 0.175
2 0.6703703703703704 0.6574074074074074 0.17037037037037037 0.16018518518518518
3 0.6685185185185185 0.4842592592592593 0.19907407407407407 0.20185185185185187
3 0.6805555555555556 0.29444444444444445 0.20833333333333334 0.19907407407407407
2 0.2111111111111111 0.6018518518518519 0.1537037037037037 0.15092592592592594
2 0.19907407407407407 0.46296296296296297 0.15092592592592594 0.1537037037037037
3 0.2675925925925926 0.7416666666666667 0.18425925925925926 0.1962962962962963
3 0.22037037037037038 0.3101851851851852 0.1962962962962963 0.1962962962962963