3 0.6527777777777778 0.5277777777777778 0.17777777777777778 0.17777777777777778
3 0.6546296296296297 0.7305555555555555 0.17222222222222222 0.1675925925925926
2 0.6 0.3314814814814815 0.14814814814814814 0.14351851851851852
2 0.5916666666666667 0.16574074074074074 0.1537037037037037 0.14814814814814814
3 0.4842592592592593 0.7527777777777778 0.17222222222222222 0.17777777777777778
3 0.4722222222222222 0.5333333333333333 0.17777777777777778 0.17777777777777778
2 0.42685185185185187 0.16666666666666666 0.14814814814814814 0.14814814814814814
2 0.42777777777777776 0.3453703703703704 0.14814814814814814 0.14351851851851852
2 0.26666666666666666 0.3425925925925926 0.14814814814814814 0.14351851851851852
2 0.25555555555555554 0.17407407407407408 0.14814814814814814 0.14814814814814814
3 0.262037037037037 0.7870370370370371 0.19166666666666668 0.18425925925925926
3 0.24259259259259258 0.5203703703703704 0.18981481481481483 0.17962962962962964
3 0.8388888888888889 0.7268518518518519 0.17222222222222222 0.17222222222222222
3 0.8296296296296296 0.5296296296296297 0.1675925925925926 0.17222222222222222
2 0.7537037037037037 0.1648148148148148 0.14351851851851852 0.14351851851851852
2 0.7490740740740741 0.3333333333333333 0.14351851851851852 0.1388888888888889