2 0.6731481481481482 0.26944444444444443 0.14629629629629629 0.14166666666666666
3 0.6981481481481482 0.5981481481481481 0.175 0.17222222222222222
3 0.6453703703703704 0.4351851851851852 0.18425925925925926 0.17222222222222222
2 0.6277777777777778 0.7509259259259259 0.14166666666666666 0.1537037037037037
2 0.5509259259259259 0.24537037037037038 0.1361111111111111 0.14351851851851852
2 0.5518518518518518 0.6305555555555555 0.14814814814814814 0.14629629629629629
3 0.48703703703703705 0.37037037037037035 0.18425925925925926 0.17777777777777778
2 0.4685185185185185 0.7351851851851852 0.14166666666666666 0.1537037037037037
3 0.4305555555555556 0.5287037037037037 0.19444444444444445 0.17777777777777778
2 0.3333333333333333 0.3675925925925926 0.15555555555555556 0.15092592592592594
2 0.35833333333333334 0.8462962962962963 0.15833333333333333 0.16018518518518518
3 0.31574074074074077 0.6722222222222223 0.19907407407407407 0.19907407407407407
3 0.22962962962962963 0.49074074074074076 0.2064814814814815 0.18703703703703703
2 0.8231481481481482 0.5296296296296297 0.14166666666666666 0.14166666666666666
3 0.7907407407407407 0.3824074074074074 0.1824074074074074 0.17777777777777778
3 0.7731481481481481 0.7546296296296297 0.18981481481481483 0.1962962962962963