3 0.8101851851851852 0.637962962962963 0.19166666666666668 0.1962962962962963
3 0.6037037037037037 0.65 0.19166666666666668 0.19166666666666668
2 0.1962962962962963 0.6546296296296297 0.15555555555555556 0.16018518518518518
2 0.38981481481481484 0.6240740740740741 0.16018518518518518 0.15555555555555556
3 0.7898148148148149 0.4398148148148148 0.19166666666666668 0.1962962962962963
3 0.5777777777777777 0.4546296296296296 0.19907407407407407 0.20185185185185187
2 0.36666666666666664 0.45185185185185184 0.16296296296296298 0.16018518518518518
2 0.17777777777777778 0.45092592592592595 0.17222222222222222 0.17222222222222222
3 0.7787037037037037 0.22314814814814815 0.19907407407407407 0.20185185185185187
3 0.5722222222222222 0.2388888888888889 0.19444444444444445 0.2064814814814815
2 0.36666666666666664 0.25277777777777777 0.16574074074074074 0.16018518518518518
2 0.15833333333333333 0.25925925925925924 0.17222222222222222 0.17222222222222222
3 0.8092592592592592 0.8314814814814815 0.18703703703703703 0.18703703703703703
3 0.6175925925925926 0.8425925925925926 0.19166666666666668 0.19166666666666668
2 0.39166666666666666 0.8296296296296296 0.15555555555555556 0.15555555555555556
2 0.21851851851851853 0.8277777777777777 0.16018518518518518 0.15555555555555556