3 0.5333333333333333 0.36666666666666664 0.1824074074074074 0.1824074074074074
3 0.3194444444444444 0.3638888888888889 0.18425925925925926 0.175
2 0.7342592592592593 0.42592592592592593 0.14814814814814814 0.14814814814814814
2 0.9027777777777778 0.4388888888888889 0.15092592592592594 0.14629629629629629
3 0.2953703703703704 0.5361111111111111 0.19166666666666668 0.1824074074074074
3 0.5296296296296297 0.5509259259259259 0.18703703703703703 0.18703703703703703
2 0.9166666666666666 0.6 0.14814814814814814 0.14814814814814814
2 0.7296296296296296 0.6037037037037037 0.15833333333333333 0.1537037037037037
2 0.7379629629629629 0.7712962962962963 0.15833333333333333 0.16296296296296298
2 0.9138888888888889 0.7824074074074074 0.15833333333333333 0.15555555555555556
3 0.24722222222222223 0.7814814814814814 0.2037037037037037 0.20833333333333334
3 0.5435185185185185 0.7916666666666666 0.19444444444444445 0.20833333333333334
3 0.3277777777777778 0.17685185185185184 0.18425925925925926 0.16018518518518518
3 0.5287037037037037 0.19444444444444445 0.175 0.16296296296296298
2 0.899074074074074 0.27685185185185185 0.14629629629629629 0.1388888888888889
2 0.7342592592592593 0.275 0.14629629629629629 0.13425925925925927