3 0.33055555555555555 0.4111111111111111 0.19166666666666668 0.19444444444444445
2 0.3824074074074074 0.6888888888888889 0.15833333333333333 0.15833333333333333
2 0.41574074074074074 0.8694444444444445 0.16296296296296298 0.1675925925925926
3 0.4842592592592593 0.18703703703703703 0.19444444444444445 0.19444444444444445
3 0.5111111111111111 0.41203703703703703 0.1962962962962963 0.19444444444444445
2 0.5648148148148148 0.6537037037037037 0.16296296296296298 0.17037037037037037
2 0.6175925925925926 0.8398148148148148 0.16574074074074074 0.17777777777777778
3 0.6962962962962963 0.15462962962962962 0.20185185185185187 0.20185185185185187
3 0.7185185185185186 0.37037037037037035 0.21574074074074073 0.2064814814814815
2 0.7907407407407407 0.6037037037037037 0.17222222222222222 0.1675925925925926
2 0.8268518518518518 0.8092592592592592 0.17962962962962964 0.175
3 0.12222222222222222 0.24537037037037038 0.17962962962962964 0.18981481481481483
3 0.14814814814814814 0.4444444444444444 0.1824074074074074 0.18425925925925926
2 0.23055555555555557 0.9018518518518519 0.15833333333333333 0.16574074074074074
2 0.21666666666666667 0.7018518518518518 0.1537037037037037 0.1537037037037037
3 0.2935185185185185 0.22685185185185186 0.18703703703703703 0.19444444444444445