2 0.2101851851851852 0.36666666666666664 0.1361111111111111 0.12685185185185185
2 0.4462962962962963 0.3787037037037037 0.1175925925925926 0.12222222222222222
3 0.6861111111111111 0.4111111111111111 0.1361111111111111 0.14166666666666666
2 0.34629629629629627 0.43703703703703706 0.12222222222222222 0.12222222222222222
2 0.5796296296296296 0.475 0.11018518518518519 0.1175925925925926
2 0.22870370370370371 0.48518518518518516 0.12685185185185185 0.12685185185185185
3 0.45925925925925926 0.5120370370370371 0.14351851851851852 0.14351851851851852
2 0.7287037037037037 0.5314814814814814 0.10555555555555556 0.11018518518518519
3 0.3333333333333333 0.5777777777777777 0.14814814814814814 0.14814814814814814
3 0.5574074074074075 0.6157407407407407 0.14166666666666666 0.14351851851851852
3 0.687037037037037 0.6453703703703704 0.12685185185185185 0.14351851851851852
2 0.2462962962962963 0.6861111111111111 0.12962962962962962 0.12685185185185185
2 0.4546296296296296 0.6907407407407408 0.1175925925925926 0.12222222222222222
3 0.5888888888888889 0.7592592592592593 0.1361111111111111 0.14814814814814814
3 0.37592592592592594 0.8027777777777778 0.15092592592592594 0.16018518518518518
3 0.5638888888888889 0.34629629629629627 0.1361111111111111 0.15555555555555556