3 0.5277777777777778 0.3472222222222222 0.17777777777777778 0.17777777777777778
3 0.7305555555555555 0.3453703703703704 0.1675925925925926 0.17222222222222222
2 0.3314814814814815 0.4 0.14351851851851852 0.14814814814814814
2 0.16574074074074074 0.4083333333333333 0.14814814814814814 0.1537037037037037
3 0.7527777777777778 0.5157407407407407 0.17777777777777778 0.17222222222222222
3 0.5333333333333333 0.5277777777777778 0.17777777777777778 0.17777777777777778
2 0.16666666666666666 0.5731481481481482 0.14814814814814814 0.14814814814814814
2 0.3453703703703704 0.5722222222222222 0.14351851851851852 0.14814814814814814
2 0.3425925925925926 0.7333333333333333 0.14351851851851852 0.14814814814814814
2 0.17407407407407408 0.7444444444444445 0.14814814814814814 0.14814814814814814
3 0.7870370370370371 0.7379629629629629 0.18425925925925926 0.19166666666666668
3 0.5203703703703704 0.7574074074074074 0.17962962962962964 0.18981481481481483
3 0.7268518518518519 0.16111111111111112 0.17222222222222222 0.17222222222222222
3 0.5296296296296297 0.17037037037037037 0.17222222222222222 0.1675925925925926
2 0.1648148148148148 0.2462962962962963 0.14351851851851852 0.14351851851851852
2 0.3333333333333333 0.25092592592592594 0.1388888888888889 0.14351851851851852