2 0.20925925925925926 0.42314814814814816 0.16018518518518518 0.16296296296296298
2 0.5805555555555556 0.36574074074074076 0.15092592592592594 0.15833333333333333
2 0.41203703703703703 0.3962962962962963 0.15092592592592594 0.15092592592592594
2 0.7583333333333333 0.3472222222222222 0.14629629629629629 0.1537037037037037
1 0.2212962962962963 0.6370370370370371 0.17037037037037037 0.1675925925925926
1 0.8037037037037037 0.5527777777777778 0.17037037037037037 0.1675925925925926
1 0.4166666666666667 0.6287037037037037 0.1675925925925926 0.175
1 0.6046296296296296 0.6138888888888889 0.16296296296296298 0.16574074074074074
1 0.2388888888888889 0.8342592592592593 0.17037037037037037 0.17962962962962964
1 0.8351851851851851 0.7416666666666667 0.1675925925925926 0.175
1 0.4398148148148148 0.8185185185185185 0.1675925925925926 0.1675925925925926
1 0.6370370370370371 0.7861111111111111 0.16296296296296298 0.16574074074074074
2 0.1824074074074074 0.25833333333333336 0.15092592592592594 0.1537037037037037
2 0.38333333333333336 0.24722222222222223 0.15092592592592594 0.15833333333333333
2 0.725925925925926 0.19074074074074074 0.14629629629629629 0.16018518518518518
2 0.5453703703703704 0.22870370370370371 0.15555555555555556 0.15555555555555556