2 0.7592592592592593 0.6731481481481482 0.125 0.11944444444444445
2 0.5361111111111111 0.6574074074074074 0.10740740740740741 0.11296296296296296
3 0.30925925925925923 0.6222222222222222 0.12962962962962962 0.12962962962962962
2 0.6305555555555555 0.6037037037037037 0.11296296296296296 0.11296296296296296
2 0.41203703703703703 0.5648148148148148 0.10277777777777777 0.10740740740740741
2 0.7453703703703703 0.5592592592592592 0.11944444444444445 0.11944444444444445
3 0.525 0.5314814814814814 0.13425925925925927 0.13425925925925927
2 0.27037037037037037 0.5074074074074074 0.09537037037037037 0.10277777777777777
3 0.6462962962962963 0.4685185185185185 0.1388888888888889 0.1388888888888889
3 0.43425925925925923 0.4305555555555556 0.12962962962962962 0.13425925925925927
3 0.3111111111111111 0.3990740740740741 0.11944444444444445 0.13425925925925927
2 0.7305555555555555 0.36944444444444446 0.11944444444444445 0.11944444444444445
2 0.5333333333333333 0.36018518518518516 0.10740740740740741 0.11296296296296296
3 0.4074074074074074 0.2935185185185185 0.12962962962962962 0.1388888888888889
3 0.6092592592592593 0.25555555555555554 0.14166666666666666 0.1537037037037037
3 0.42407407407407405 0.6851851851851852 0.125 0.14351851851851852