3 0.5175925925925926 0.5990740740740741 0.19537037037037036 0.18888888888888888
3 0.28888888888888886 0.6287037037037037 0.2064814814814815 0.18333333333333332
2 0.725925925925926 0.5175925925925926 0.17222222222222222 0.17222222222222222
2 0.9037037037037037 0.48703703703703705 0.17777777777777778 0.17222222222222222
3 0.24537037037037038 0.45092592592592595 0.20925925925925926 0.1935185185185185
3 0.49166666666666664 0.4064814814814815 0.20462962962962963 0.19814814814814816
2 0.8944444444444445 0.30648148148148147 0.16111111111111112 0.16574074074074074
2 0.7 0.3277777777777778 0.1648148148148148 0.1685185185185185
2 0.687962962962963 0.14814814814814814 0.16666666666666666 0.17592592592592593
2 0.8712962962962963 0.12037037037037036 0.17962962962962964 0.18425925925925926
3 0.16666666666666666 0.19722222222222222 0.2175925925925926 0.21574074074074073
3 0.48148148148148145 0.1398148148148148 0.20833333333333334 0.22407407407407406
3 0.3194444444444444 0.8222222222222222 0.1935185185185185 0.17592592592592593
3 0.5314814814814814 0.7851851851851852 0.18796296296296297 0.1787037037037037
2 0.9157407407407407 0.6583333333333333 0.1675925925925926 0.16296296296296298
2 0.737037037037037 0.675 0.15925925925925927 0.14722222222222223