2 0.5601851851851852 0.5694444444444444 0.14629629629629629 0.14166666666666666
2 0.549074074074074 0.7462962962962963 0.14166666666666666 0.14166666666666666
2 0.5601851851851852 0.39166666666666666 0.15555555555555556 0.14629629629629629
2 0.5592592592592592 0.18981481481481483 0.14629629629629629 0.14629629629629629
1 0.34629629629629627 0.737037037037037 0.15555555555555556 0.15555555555555556
1 0.3537037037037037 0.5574074074074075 0.15555555555555556 0.15555555555555556
1 0.3592592592592593 0.36666666666666664 0.15555555555555556 0.16018518518518518
1 0.36666666666666664 0.1537037037037037 0.16018518518518518 0.16018518518518518
1 0.16111111111111112 0.7185185185185186 0.15092592592592594 0.14629629629629629
1 0.17407407407407408 0.13055555555555556 0.16574074074074074 0.16018518518518518
1 0.1574074074074074 0.3592592592592593 0.16018518518518518 0.17037037037037037
1 0.14166666666666666 0.5638888888888889 0.16018518518518518 0.16018518518518518
2 0.7694444444444445 0.38055555555555554 0.14629629629629629 0.14629629629629629
2 0.7472222222222222 0.7620370370370371 0.15092592592592594 0.14166666666666666
2 0.7703703703703704 0.16944444444444445 0.15092592592592594 0.14629629629629629
2 0.7351851851851852 0.5564814814814815 0.15092592592592594 0.14166666666666666