2 0.3638888888888889 0.3101851851851852 0.14629629629629629 0.14351851851851852
2 0.37037037037037035 0.4462962962962963 0.14351851851851852 0.14166666666666666
1 0.3861111111111111 0.5916666666666667 0.1675925925925926 0.15833333333333333
1 0.4388888888888889 0.7453703703703703 0.1824074074074074 0.17037037037037037
2 0.4564814814814815 0.20925925925925926 0.1388888888888889 0.14629629629629629
1 0.5046296296296297 0.3509259259259259 0.1675925925925926 0.15555555555555556
2 0.5 0.49722222222222223 0.14166666666666666 0.14166666666666666
1 0.6018518518518519 0.23333333333333334 0.15555555555555556 0.15833333333333333
1 0.6166666666666667 0.5879629629629629 0.16296296296296298 0.15833333333333333
1 0.6296296296296297 0.43425925925925923 0.1675925925925926 0.16296296296296298
2 0.6305555555555555 0.7546296296296297 0.15555555555555556 0.15555555555555556
2 0.7287037037037037 0.32314814814814813 0.14351851851851852 0.14814814814814814
1 0.7657407407407407 0.6666666666666666 0.1675925925925926 0.16296296296296298
2 0.775 0.49166666666666664 0.1537037037037037 0.14351851851851852
2 0.2490740740740741 0.5148148148148148 0.15555555555555556 0.14814814814814814
1 0.25462962962962965 0.6898148148148148 0.1675925925925926 0.17777777777777778