1 0.9657407407407408 0.3592592592592593 0.06759259259259259 0.07777777777777778
1 0.8277777777777777 0.3416666666666667 0.08703703703703704 0.07962962962962963
1 0.8166666666666667 0.6648148148148149 0.09444444444444444 0.08333333333333333
1 0.5148148148148148 0.6472222222222223 0.08981481481481482 0.08518518518518518
1 0.35833333333333334 0.3592592592592593 0.08518518518518518 0.08333333333333333
3 0.9212962962962963 0.22592592592592592 0.09814814814814815 0.09907407407407408
0 0.7805555555555556 0.2222222222222222 0.06944444444444445 0.06481481481481481
0 0.8398148148148148 0.4287037037037037 0.0712962962962963 0.06851851851851852
0 0.950925925925926 0.4564814814814815 0.075 0.06759259259259259
0 0.8962962962962963 0.5694444444444444 0.07407407407407407 0.07037037037037037
0 0.4962962962962963 0.4287037037037037 0.062037037037037036 0.062037037037037036
0 0.41388888888888886 0.49537037037037035 0.06296296296296296 0.06574074074074074
0 0.6620370370370371 0.32037037037037036 0.06944444444444445 0.06666666666666667
2 0.5814814814814815 0.28055555555555556 0.07592592592592592 0.07685185185185185
2 0.512962962962963 0.3277777777777778 0.07037037037037037 0.07037037037037037
2 0.587037037037037 0.4064814814814815 0.075 0.06944444444444445
2 0.6601851851851852 0.42407407407407405 0.075 0.07314814814814814
2 0.65 0.5 0.07685185185185185 0.07314814814814814
2 0.5370370370370371 0.5055555555555555 0.07407407407407407 0.06759259259259259
2 0.39444444444444443 0.6638888888888889 0.0712962962962963 0.07222222222222222
2 0.31203703703703706 0.5314814814814814 0.06944444444444445 0.06944444444444445
2 0.7685185185185185 0.44074074074074077 0.0712962962962963 0.07777777777777778
2 0.7722222222222223 0.5601851851851852 0.07685185185185185 0.07777777777777778
2 0.7129629629629629 0.6953703703703704 0.07685185185185185 0.07685185185185185
2 0.6731481481481482 0.6259259259259259 0.07407407407407407 0.07222222222222222
2 0.912962962962963 0.7824074074074074 0.08333333333333333 0.07777777777777778