3 0.31851851851851853 0.4351851851851852 0.18981481481481483 0.18981481481481483
3 0.3787037037037037 0.5888888888888889 0.17962962962962964 0.18703703703703703
2 0.37592592592592594 0.28703703703703703 0.1537037037037037 0.15555555555555556
2 0.48518518518518516 0.7712962962962963 0.15092592592592594 0.15555555555555556
2 0.4564814814814815 0.3962962962962963 0.15555555555555556 0.16018518518518518
3 0.5333333333333333 0.6407407407407407 0.19444444444444445 0.18981481481481483
2 0.5287037037037037 0.2851851851851852 0.15555555555555556 0.16574074074074074
3 0.5740740740740741 0.4824074074074074 0.19444444444444445 0.19444444444444445
2 0.6861111111111111 0.6333333333333333 0.16018518518518518 0.15555555555555556
2 0.6240740740740741 0.17592592592592593 0.16018518518518518 0.16018518518518518
3 0.6768518518518518 0.3351851851851852 0.2064814814814815 0.2111111111111111
3 0.7731481481481481 0.5037037037037037 0.2111111111111111 0.20833333333333334
2 0.20092592592592592 0.5175925925925926 0.14166666666666666 0.15092592592592594
3 0.24074074074074073 0.6537037037037037 0.1824074074074074 0.17962962962962964
3 0.22870370370370371 0.2972222222222222 0.18425925925925926 0.1962962962962963
2 0.35555555555555557 0.7574074074074074 0.14166666666666666 0.14629629629629629