3 0.35462962962962963 0.5972222222222222 0.17222222222222222 0.18425925925925926
3 0.16666666666666666 0.6 0.17777777777777778 0.18703703703703703
3 0.7416666666666667 0.5675925925925925 0.19444444444444445 0.19166666666666668
3 0.5324074074074074 0.5694444444444444 0.17777777777777778 0.17777777777777778
2 0.7731481481481481 0.3333333333333333 0.15833333333333333 0.15555555555555556
2 0.5472222222222223 0.3277777777777778 0.15092592592592594 0.15092592592592594
2 0.19444444444444445 0.3351851851851852 0.14166666666666666 0.15092592592592594
2 0.36203703703703705 0.3175925925925926 0.14629629629629629 0.15092592592592594
2 0.7648148148148148 0.1287037037037037 0.15833333333333333 0.15555555555555556
2 0.5574074074074075 0.13703703703703704 0.15092592592592594 0.15092592592592594
2 0.3638888888888889 0.14166666666666666 0.14629629629629629 0.15092592592592594
2 0.17407407407407408 0.13703703703703704 0.16018518518518518 0.15092592592592594
3 0.5416666666666666 0.7916666666666666 0.18425925925925926 0.19907407407407407
3 0.7546296296296297 0.7777777777777778 0.19907407407407407 0.19444444444444445
3 0.1787037037037037 0.8037037037037037 0.17777777777777778 0.1824074074074074
3 0.35 0.7814814814814814 0.17962962962962964 0.19166666666666668