2 0.5212962962962963 0.7574074074074074 0.16018518518518518 0.13148148148148148
2 0.2953703703703704 0.7148148148148148 0.16296296296296298 0.13148148148148148
3 0.6333333333333333 0.6564814814814814 0.21388888888888888 0.1675925925925926
3 0.4398148148148148 0.6537037037037037 0.20185185185185187 0.1537037037037037
2 0.8314814814814815 0.600925925925926 0.1675925925925926 0.12962962962962962
2 0.125 0.6018518518518519 0.16574074074074074 0.1361111111111111
3 0.29074074074074074 0.5740740740740741 0.2064814814814815 0.15833333333333333
3 0.6694444444444444 0.5166666666666667 0.21388888888888888 0.1675925925925926
2 0.8842592592592593 0.48703703703703705 0.17037037037037037 0.13425925925925927
2 0.49166666666666664 0.5314814814814814 0.175 0.13425925925925927
2 0.7787037037037037 0.4 0.1824074074074074 0.1388888888888889
3 0.3824074074074074 0.4398148148148148 0.21574074074074073 0.17222222222222222
3 0.17037037037037037 0.46296296296296297 0.21851851851851853 0.17222222222222222
3 0.5796296296296296 0.39444444444444443 0.21851851851851853 0.1675925925925926
3 0.43425925925925923 0.2851851851851852 0.22592592592592592 0.1824074074074074
2 0.625 0.24722222222222223 0.18703703703703703 0.15555555555555556