3 0.1638888888888889 0.6814814814814815 0.1962962962962963 0.18981481481481483
3 0.38425925925925924 0.6805555555555556 0.19444444444444445 0.19166666666666668
2 0.8055555555555556 0.6453703703703704 0.15555555555555556 0.16018518518518518
2 0.6083333333333333 0.6342592592592593 0.1537037037037037 0.1537037037037037
3 0.17222222222222222 0.47129629629629627 0.20185185185185187 0.1962962962962963
3 0.39537037037037037 0.4666666666666667 0.1962962962962963 0.19166666666666668
2 0.612037037037037 0.4527777777777778 0.15555555555555556 0.15555555555555556
2 0.8092592592592592 0.4398148148148148 0.15833333333333333 0.15555555555555556
3 0.3861111111111111 0.25 0.20185185185185187 0.1962962962962963
2 0.5981481481481481 0.24537037037037038 0.15555555555555556 0.15555555555555556
3 0.16111111111111112 0.24074074074074073 0.18703703703703703 0.19444444444444445
2 0.8175925925925925 0.23425925925925925 0.16018518518518518 0.15555555555555556
3 0.18981481481481483 0.8796296296296297 0.18703703703703703 0.1824074074074074
3 0.387037037037037 0.8740740740740741 0.18981481481481483 0.18981481481481483
2 0.6203703703703703 0.8462962962962963 0.15092592592592594 0.14351851851851852
2 0.8018518518518518 0.8342592592592593 0.16018518518518518 0.1537037037037037