2 0.8185185185185185 0.38425925925925924 0.1537037037037037 0.1537037037037037
2 0.48518518518518516 0.38055555555555554 0.1537037037037037 0.14629629629629629
2 0.1638888888888889 0.37222222222222223 0.16018518518518518 0.14814814814814814
1 0.6574074074074074 0.4074074074074074 0.16574074074074074 0.16018518518518518
2 0.2935185185185185 0.4361111111111111 0.1537037037037037 0.14351851851851852
1 0.9166666666666666 0.5157407407407407 0.16574074074074074 0.175
2 0.7648148148148148 0.5157407407407407 0.14814814814814814 0.15092592592592594
1 0.42314814814814816 0.5148148148148148 0.17037037037037037 0.17037037037037037
1 0.09537037037037037 0.5148148148148148 0.18703703703703703 0.17777777777777778
1 0.5898148148148148 0.5453703703703704 0.17222222222222222 0.175
2 0.2462962962962963 0.5777777777777777 0.16574074074074074 0.16018518518518518
1 0.7129629629629629 0.6611111111111111 0.17222222222222222 0.18425925925925926
2 0.4962962962962963 0.6611111111111111 0.16018518518518518 0.15555555555555556
1 0.8870370370370371 0.7296296296296296 0.1824074074074074 0.18425925925925926
1 0.3296296296296296 0.7064814814814815 0.1824074074074074 0.20185185185185187
2 0.13796296296296295 0.7064814814814815 0.16018518518518518 0.16574074074074074
1 0.6166666666666667 0.8055555555555556 0.1824074074074074 0.19166666666666668
2 0.44722222222222224 0.8148148148148148 0.1537037037037037 0.17037037037037037
2 0.774074074074074 0.8546296296296296 0.17222222222222222 0.175
1 0.5898148148148148 0.13703703703703704 0.16574074074074074 0.14814814814814814
2 0.34629629629629627 0.13055555555555556 0.14814814814814814 0.1388888888888889
1 0.46111111111111114 0.21666666666666667 0.16574074074074074 0.1537037037037037
1 0.1925925925925926 0.2324074074074074 0.16574074074074074 0.1537037037037037
2 0.7407407407407407 0.2740740740740741 0.1537037037037037 0.14351851851851852
2 0.6 0.27870370370370373 0.14629629629629629 0.14351851851851852
1 0.3314814814814815 0.30277777777777776 0.17037037037037037 0.16018518518518518