2 0.2824074074074074 0.25833333333333336 0.13425925925925927 0.14166666666666666
2 0.31296296296296294 0.4962962962962963 0.125 0.12222222222222222
3 0.3638888888888889 0.737037037037037 0.14629629629629629 0.14629629629629629
2 0.3638888888888889 0.3907407407407407 0.12685185185185185 0.12685185185185185
2 0.4166666666666667 0.6240740740740741 0.11944444444444445 0.11481481481481481
2 0.4046296296296296 0.26666666666666666 0.13425925925925927 0.13425925925925927
3 0.45092592592592595 0.5 0.15092592592592594 0.15092592592592594
2 0.48703703703703705 0.7712962962962963 0.11481481481481481 0.11018518518518519
3 0.5055555555555555 0.3675925925925926 0.15555555555555556 0.15555555555555556
3 0.562962962962963 0.5916666666666667 0.15092592592592594 0.14629629629629629
3 0.600925925925926 0.7212962962962963 0.15092592592592594 0.13425925925925927
2 0.612037037037037 0.2712962962962963 0.13425925925925927 0.1361111111111111
2 0.6305555555555555 0.4824074074074074 0.125 0.12222222222222222
3 0.7083333333333334 0.6129629629629629 0.15555555555555556 0.14629629629629629
3 0.7388888888888889 0.39444444444444443 0.17037037037037037 0.15833333333333333
3 0.29074074074074074 0.6166666666666667 0.16018518518518518 0.14166666666666666