0 0.5787037037037037 0.5712962962962963 0.06111111111111111 0.06018518518518518
0 0.337037037037037 0.6157407407407407 0.06018518518518518 0.06111111111111111
0 0.45555555555555555 0.35185185185185186 0.06111111111111111 0.06018518518518518
0 0.2657407407407407 0.2824074074074074 0.06388888888888888 0.062037037037037036
0 0.1712962962962963 0.28425925925925927 0.05277777777777778 0.058333333333333334
3 0.22777777777777777 0.5555555555555556 0.0787037037037037 0.08333333333333333
1 0.5092592592592593 0.2916666666666667 0.07407407407407407 0.0712962962962963
1 0.1675925925925926 0.39814814814814814 0.06388888888888888 0.06759259259259259
2 0.24166666666666667 0.7555555555555555 0.06111111111111111 0.062037037037037036
2 0.34444444444444444 0.6861111111111111 0.06851851851851852 0.06851851851851852
2 0.38981481481481484 0.33240740740740743 0.06759259259259259 0.06666666666666667
2 0.362962962962963 0.24537037037037038 0.06388888888888888 0.06574074074074074
2 0.30462962962962964 0.4 0.062037037037037036 0.06666666666666667
2 0.24259259259259258 0.3888888888888889 0.062037037037037036 0.06388888888888888
2 0.21388888888888888 0.45925925925925926 0.06666666666666667 0.06018518518518518
2 0.4212962962962963 0.5296296296296297 0.06851851851851852 0.06574074074074074
2 0.37592592592592594 0.44814814814814813 0.07037037037037037 0.06574074074074074