2 0.6925925925925925 0.30092592592592593 0.14814814814814814 0.14629629629629629
3 0.6407407407407407 0.6129629629629629 0.17962962962962964 0.17777777777777778
3 0.6277777777777778 0.44722222222222224 0.18981481481481483 0.17777777777777778
2 0.5398148148148149 0.7379629629629629 0.14629629629629629 0.15833333333333333
2 0.5833333333333334 0.2462962962962963 0.1388888888888889 0.14629629629629629
2 0.4962962962962963 0.6101851851851852 0.15092592592592594 0.14814814814814814
3 0.49537037037037035 0.3509259259259259 0.18425925925925926 0.1824074074074074
2 0.3925925925925926 0.687037037037037 0.14351851851851852 0.15555555555555556
3 0.40370370370370373 0.48703703703703705 0.19444444444444445 0.1824074074074074
2 0.3537037037037037 0.31296296296296294 0.15833333333333333 0.1537037037037037
2 0.26296296296296295 0.7666666666666667 0.16296296296296298 0.16296296296296298
3 0.26666666666666666 0.5925925925925926 0.2037037037037037 0.2037037037037037
3 0.22592592592592592 0.40370370370370373 0.2064814814814815 0.18981481481481483
2 0.774074074074074 0.5805555555555556 0.14351851851851852 0.14351851851851852
3 0.7768518518518519 0.4305555555555556 0.18425925925925926 0.1824074074074074
3 0.6759259259259259 0.7777777777777778 0.19166666666666668 0.1962962962962963