2 0.20277777777777778 0.33796296296296297 0.1388888888888889 0.12962962962962962
1 0.5212962962962963 0.34629629629629627 0.1537037037037037 0.1537037037037037
2 0.75 0.375 0.1388888888888889 0.13425925925925927
2 0.8898148148148148 0.3787037037037037 0.1388888888888889 0.13148148148148148
2 0.31851851851851853 0.4074074074074074 0.14166666666666666 0.1388888888888889
1 0.44722222222222224 0.4666666666666667 0.15555555555555556 0.1537037037037037
2 0.18611111111111112 0.47962962962962963 0.14814814814814814 0.14351851851851852
2 0.5861111111111111 0.475 0.14629629629629629 0.13425925925925927
1 0.725925925925926 0.5111111111111111 0.1537037037037037 0.1537037037037037
1 0.8796296296296297 0.5166666666666667 0.16574074074074074 0.16018518518518518
1 0.3148148148148148 0.5509259259259259 0.16574074074074074 0.1537037037037037
1 0.5046296296296297 0.6129629629629629 0.16574074074074074 0.16018518518518518
2 0.6518518518518519 0.6296296296296297 0.14814814814814814 0.14351851851851852
1 0.22314814814814815 0.6842592592592592 0.17037037037037037 0.16574074074074074
2 0.37592592592592594 0.6888888888888889 0.14351851851851852 0.14814814814814814
1 0.8101851851851852 0.6888888888888889 0.16574074074074074 0.17037037037037037
1 0.6203703703703703 0.7796296296296297 0.17037037037037037 0.17962962962962964
2 0.30277777777777776 0.8194444444444444 0.14351851851851852 0.16018518518518518
1 0.4601851851851852 0.8240740740740741 0.16018518518518518 0.17962962962962964
1 0.37222222222222223 0.13055555555555556 0.14629629629629629 0.14166666666666666
2 0.6305555555555555 0.1648148148148148 0.13425925925925927 0.11944444444444445
1 0.5027777777777778 0.19722222222222222 0.14814814814814814 0.14166666666666666
2 0.26666666666666666 0.21851851851851853 0.13425925925925927 0.11944444444444445
2 0.7694444444444445 0.2537037037037037 0.13425925925925927 0.12685185185185185
1 0.387037037037037 0.2898148148148148 0.15092592592592594 0.14814814814814814
2 0.6453703703703704 0.2916666666666667 0.13425925925925927 0.12962962962962962