2 0.3074074074074074 0.6990740740740741 0.14814814814814814 0.14629629629629629
3 0.3592592592592593 0.387037037037037 0.17962962962962964 0.17777777777777778
3 0.37222222222222223 0.5527777777777778 0.18981481481481483 0.17777777777777778
2 0.4601851851851852 0.262037037037037 0.14629629629629629 0.15833333333333333
2 0.4166666666666667 0.7537037037037037 0.1388888888888889 0.14629629629629629
2 0.5037037037037037 0.38981481481481484 0.15092592592592594 0.14814814814814814
3 0.5046296296296297 0.649074074074074 0.18425925925925926 0.1824074074074074
2 0.6074074074074074 0.31296296296296294 0.14351851851851852 0.15555555555555556
3 0.5962962962962963 0.512962962962963 0.19444444444444445 0.1824074074074074
2 0.6462962962962963 0.687037037037037 0.15833333333333333 0.1537037037037037
2 0.737037037037037 0.23333333333333334 0.16296296296296298 0.16296296296296298
3 0.7333333333333333 0.4074074074074074 0.2037037037037037 0.2037037037037037
3 0.774074074074074 0.5962962962962963 0.2064814814814815 0.18981481481481483
2 0.22592592592592592 0.41944444444444445 0.14351851851851852 0.14351851851851852
3 0.22314814814814815 0.5694444444444444 0.18425925925925926 0.1824074074074074
3 0.32407407407407407 0.2222222222222222 0.19166666666666668 0.1962962962962963