3 0.44074074074074077 0.6101851851851852 0.22037037037037038 0.21388888888888888
3 0.20092592592592592 0.6287037037037037 0.22037037037037038 0.2111111111111111
2 0.6527777777777778 0.5398148148148149 0.17777777777777778 0.1675925925925926
2 0.8435185185185186 0.5194444444444445 0.18703703703703703 0.17962962962962964
3 0.15833333333333333 0.43425925925925923 0.23796296296296296 0.2111111111111111
3 0.41944444444444445 0.4074074074074074 0.20833333333333334 0.22037037037037038
2 0.8333333333333334 0.3314814814814815 0.1824074074074074 0.18425925925925926
2 0.625 0.3435185185185185 0.17962962962962964 0.18425925925925926
2 0.6222222222222222 0.16203703703703703 0.17962962962962964 0.18425925925925926
2 0.8101851851851852 0.13703703703703704 0.1962962962962963 0.19166666666666668
3 0.11666666666666667 0.18518518518518517 0.2324074074074074 0.23055555555555557
3 0.4111111111111111 0.14814814814814814 0.23055555555555557 0.2351851851851852
3 0.4444444444444444 0.8185185185185185 0.2064814814814815 0.2037037037037037
3 0.225 0.8342592592592593 0.20833333333333334 0.20833333333333334
2 0.8546296296296296 0.7064814814814815 0.17222222222222222 0.175
2 0.6611111111111111 0.7092592592592593 0.175 0.16018518518518518