3 0.27870370370370373 0.6453703703703704 0.22037037037037038 0.21851851851851853
3 0.3037037037037037 0.8898148148148148 0.22314814814814815 0.22037037037037038
2 0.275 0.3925925925925926 0.18425925925925926 0.17777777777777778
2 0.26666666666666666 0.21388888888888888 0.18425925925925926 0.18425925925925926
3 0.487962962962963 0.6481481481481481 0.22777777777777777 0.22314814814814815
3 0.5333333333333333 0.8833333333333333 0.22777777777777777 0.22777777777777777
2 0.49537037037037035 0.3962962962962963 0.18981481481481483 0.18425925925925926
2 0.5037037037037037 0.2064814814814815 0.18981481481481483 0.18981481481481483
3 0.7787037037037037 0.8953703703703704 0.2351851851851852 0.1824074074074074
3 0.7583333333333333 0.6416666666666667 0.24444444444444444 0.2351851851851852
2 0.7657407407407407 0.38425925925925924 0.19444444444444445 0.18703703703703703
2 0.7777777777777778 0.17685185185185184 0.20185185185185187 0.19166666666666668
3 0.09166666666666666 0.6777777777777778 0.17037037037037037 0.21574074074074073
3 0.11203703703703703 0.8861111111111111 0.175 0.20833333333333334
2 0.07314814814814814 0.38796296296296295 0.14629629629629629 0.17037037037037037
2 0.07407407407407407 0.21666666666666667 0.14814814814814814 0.17222222222222222