2 0.9212962962962963 0.6990740740740741 0.06111111111111111 0.06018518518518518
2 0.8916666666666667 0.4638888888888889 0.06666666666666667 0.06481481481481481
2 0.8351851851851851 0.40925925925925927 0.06944444444444445 0.06481481481481481
2 0.8379629629629629 0.5685185185185185 0.06481481481481481 0.06481481481481481
2 0.7222222222222222 0.7148148148148148 0.06851851851851852 0.06388888888888888
2 0.6305555555555555 0.7962962962962963 0.06851851851851852 0.06666666666666667
2 0.6657407407407407 0.6287037037037037 0.06759259259259259 0.06666666666666667
2 0.6481481481481481 0.5287037037037037 0.06666666666666667 0.06296296296296296
2 0.5694444444444444 0.48055555555555557 0.06574074074074074 0.06018518518518518
3 0.7305555555555555 0.49722222222222223 0.08148148148148149 0.075
3 0.7453703703703703 0.3111111111111111 0.07777777777777778 0.07777777777777778
3 0.5592592592592592 0.7074074074074074 0.07777777777777778 0.0787037037037037
3 0.4083333333333333 0.4962962962962963 0.07777777777777778 0.07592592592592592
1 0.8462962962962963 0.20185185185185187 0.07685185185185185 0.07777777777777778
1 0.7935185185185185 0.7907407407407407 0.06944444444444445 0.06944444444444445
1 0.5611111111111111 0.5768518518518518 0.06574074074074074 0.06759259259259259
1 0.5222222222222223 0.637962962962963 0.06666666666666667 0.05925925925925926
0 0.6685185185185185 0.3972222222222222 0.06111111111111111 0.05648148148148148
0 0.6129629629629629 0.29074074074074074 0.06296296296296296 0.06018518518518518
0 0.5435185185185185 0.3416666666666667 0.06111111111111111 0.05462962962962963
0 0.49722222222222223 0.4148148148148148 0.06111111111111111 0.058333333333333334
0 0.39537037037037037 0.6675925925925926 0.05925925925925926 0.058333333333333334
1 0.7564814814814815 0.5925925925925926 0.06944444444444445 0.06759259259259259
0 0.8583333333333333 0.6481481481481481 0.058333333333333334 0.05462962962962963