3 0.35 0.8064814814814815 0.2111111111111111 0.21388888888888888
2 0.30185185185185187 0.1962962962962963 0.18981481481481483 0.17777777777777778
3 0.35462962962962963 0.5657407407407408 0.21388888888888888 0.20833333333333334
2 0.33425925925925926 0.387037037037037 0.16574074074074074 0.17962962962962964
3 0.5370370370370371 0.799074074074074 0.20833333333333334 0.21388888888888888
2 0.5037037037037037 0.17314814814814813 0.175 0.17962962962962964
3 0.5537037037037037 0.5796296296296296 0.2111111111111111 0.20833333333333334
2 0.5416666666666666 0.34814814814814815 0.17222222222222222 0.175
3 0.7953703703703704 0.7712962962962963 0.22314814814814815 0.2064814814814815
3 0.7796296296296297 0.5611111111111111 0.21851851851851853 0.2064814814814815
2 0.7546296296296297 0.32685185185185184 0.175 0.16574074074074074
2 0.7333333333333333 0.14537037037037037 0.175 0.16296296296296298
3 0.11666666666666667 0.6092592592592593 0.22314814814814815 0.21574074074074073
3 0.1537037037037037 0.8333333333333334 0.21388888888888888 0.21388888888888888
2 0.1425925925925926 0.4027777777777778 0.17777777777777778 0.1824074074074074
2 0.13055555555555556 0.21851851851851853 0.17777777777777778 0.17777777777777778