2 0.4166666666666667 0.44814814814814813 0.14351851851851852 0.14814814814814814
2 0.23796296296296296 0.4601851851851852 0.14351851851851852 0.14351851851851852
2 0.5962962962962963 0.4462962962962963 0.14814814814814814 0.15833333333333333
2 0.799074074074074 0.44074074074074077 0.14814814814814814 0.14814814814814814
1 0.25277777777777777 0.6666666666666666 0.15833333333333333 0.15833333333333333
1 0.4324074074074074 0.6564814814814814 0.16018518518518518 0.15833333333333333
1 0.625 0.6453703703703704 0.16296296296296298 0.15833333333333333
1 0.8388888888888889 0.6361111111111111 0.16296296296296298 0.16296296296296298
1 0.27314814814814814 0.8518518518518519 0.14814814814814814 0.1537037037037037
1 0.8675925925925926 0.8277777777777777 0.16296296296296298 0.1675925925925926
1 0.6370370370370371 0.8518518518518519 0.17222222222222222 0.16574074074074074
1 0.42777777777777776 0.8712962962962963 0.16296296296296298 0.16296296296296298
2 0.6037037037037037 0.23425925925925925 0.14814814814814814 0.15092592592592594
2 0.22037037037037038 0.26296296296296295 0.14351851851851852 0.1537037037037037
2 0.8148148148148148 0.22962962962962963 0.14814814814814814 0.15555555555555556
2 0.42592592592592593 0.26944444444444443 0.14351851851851852 0.15555555555555556