2 0.5592592592592592 0.6611111111111111 0.16018518518518518 0.17222222222222222
2 0.7888888888888889 0.6648148148148149 0.1675925925925926 0.1675925925925926
2 0.3712962962962963 0.6546296296296297 0.15092592592592594 0.15555555555555556
2 0.16944444444444445 0.649074074074074 0.14814814814814814 0.16018518518518518
1 0.8074074074074075 0.4759259259259259 0.17962962962962964 0.17222222222222222
1 0.5861111111111111 0.45092592592592595 0.1675925925925926 0.18425925925925926
1 0.375 0.4361111111111111 0.1675925925925926 0.17962962962962964
1 0.1814814814814815 0.41574074074074074 0.17037037037037037 0.17962962962962964
1 0.799074074074074 0.25833333333333336 0.18425925925925926 0.18425925925925926
1 0.387037037037037 0.22870370370370371 0.1675925925925926 0.19166666666666668
1 0.5833333333333334 0.23055555555555557 0.1675925925925926 0.18981481481481483
1 0.19074074074074074 0.20277777777777778 0.16574074074074074 0.17962962962962964
2 0.7935185185185185 0.8833333333333333 0.16018518518518518 0.16574074074074074
2 0.5638888888888889 0.862037037037037 0.15092592592592594 0.1675925925925926
2 0.37407407407407406 0.8379629629629629 0.15092592592592594 0.16018518518518518
2 0.16018518518518518 0.8305555555555556 0.15092592592592594 0.16018518518518518