3 0.46111111111111114 0.6583333333333333 0.17962962962962964 0.1962962962962963
2 0.7555555555555555 0.6518518518518519 0.14814814814814814 0.15555555555555556
2 0.6157407407407407 0.6157407407407407 0.14166666666666666 0.15555555555555556
3 0.30648148148148147 0.5694444444444444 0.18425925925925926 0.18703703703703703
3 0.7203703703703703 0.49444444444444446 0.19166666666666668 0.18981481481481483
2 0.1638888888888889 0.4824074074074074 0.15092592592592594 0.15555555555555556
2 0.5555555555555556 0.4675925925925926 0.14629629629629629 0.16018518518518518
2 0.41574074074074074 0.44351851851851853 0.14814814814814814 0.16018518518518518
2 0.27037037037037037 0.3925925925925926 0.1537037037037037 0.14629629629629629
3 0.7425925925925926 0.30648148148148147 0.1962962962962963 0.19907407407407407
3 0.5592592592592592 0.3037037037037037 0.18981481481481483 0.2037037037037037
3 0.375 0.2574074074074074 0.19907407407407407 0.19907407407407407
3 0.4527777777777778 0.8546296296296296 0.17962962962962964 0.18981481481481483
3 0.6157407407407407 0.774074074074074 0.18981481481481483 0.18981481481481483
2 0.32685185185185184 0.75 0.15555555555555556 0.15092592592592594
2 0.19907407407407407 0.6888888888888889 0.14351851851851852 0.14814814814814814