2 0.5685185185185185 0.5611111111111111 0.1361111111111111 0.13148148148148148
2 0.5675925925925925 0.737037037037037 0.13425925925925927 0.13148148148148148
2 0.5592592592592592 0.3861111111111111 0.14629629629629629 0.1361111111111111
2 0.5472222222222223 0.18518518518518517 0.1361111111111111 0.1361111111111111
1 0.3638888888888889 0.737037037037037 0.14814814814814814 0.14629629629629629
1 0.362962962962963 0.5601851851851852 0.14629629629629629 0.14814814814814814
1 0.35833333333333334 0.37037037037037035 0.14629629629629629 0.15092592592592594
1 0.35462962962962963 0.16018518518518518 0.1537037037037037 0.1537037037037037
1 0.1814814814814815 0.7296296296296296 0.14351851851851852 0.1361111111111111
1 0.1638888888888889 0.14814814814814814 0.15555555555555556 0.1537037037037037
1 0.15833333333333333 0.37222222222222223 0.15092592592592594 0.16018518518518518
1 0.1537037037037037 0.5768518518518518 0.15092592592592594 0.1537037037037037
2 0.7648148148148148 0.362962962962963 0.1388888888888889 0.1361111111111111
2 0.762962962962963 0.7416666666666667 0.14166666666666666 0.13148148148148148
2 0.7546296296296297 0.15462962962962962 0.14351851851851852 0.1388888888888889
2 0.7407407407407407 0.5388888888888889 0.14351851851851852 0.13148148148148148