2 0.7416666666666667 0.37592592592592594 0.17222222222222222 0.175
2 0.5916666666666667 0.3675925925925926 0.1675925925925926 0.17222222222222222
1 0.43425925925925923 0.3675925925925926 0.19166666666666668 0.19907407407407407
1 0.25833333333333336 0.4074074074074074 0.2037037037037037 0.22037037037037038
2 0.8416666666666667 0.4888888888888889 0.175 0.1675925925925926
1 0.6787037037037037 0.525 0.19166666666666668 0.19907407407407407
2 0.5212962962962963 0.5037037037037037 0.1675925925925926 0.1675925925925926
1 0.7972222222222223 0.6444444444444445 0.18981481481481483 0.18981481481481483
1 0.4074074074074074 0.6203703703703703 0.18981481481481483 0.19444444444444445
1 0.5731481481481482 0.6518518518518519 0.1962962962962963 0.19907407407407407
2 0.2222222222222222 0.6157407407407407 0.18981481481481483 0.18981481481481483
2 0.6842592592592592 0.7712962962962963 0.175 0.17222222222222222
1 0.3074074074074074 0.774074074074074 0.1962962962962963 0.19907407407407407
2 0.49444444444444446 0.8055555555555556 0.175 0.1824074074074074
2 0.5296296296296297 0.22685185185185186 0.17777777777777778 0.18703703703703703
1 0.3388888888888889 0.21388888888888888 0.21388888888888888 0.20185185185185187