3 0.21388888888888888 0.6583333333333333 0.18425925925925926 0.19166666666666668
3 0.4166666666666667 0.6685185185185185 0.18703703703703703 0.18703703703703703
2 0.8157407407407408 0.6648148148148149 0.15092592592592594 0.15555555555555556
2 0.6277777777777778 0.6398148148148148 0.15555555555555556 0.15092592592592594
3 0.23333333333333334 0.4648148148148148 0.18703703703703703 0.19444444444444445
3 0.43703703703703706 0.475 0.19166666666666668 0.19444444444444445
2 0.6481481481481481 0.4703703703703704 0.15833333333333333 0.15555555555555556
2 0.8333333333333334 0.4638888888888889 0.16574074074074074 0.16574074074074074
3 0.24074074074074073 0.25 0.18981481481481483 0.19907407407407407
3 0.44074074074074077 0.26296296296296295 0.18703703703703703 0.20185185185185187
2 0.6425925925925926 0.27314814814814814 0.16018518518518518 0.15555555555555556
2 0.8462962962962963 0.2777777777777778 0.16574074074074074 0.16574074074074074
3 0.21851851851851853 0.8472222222222222 0.1824074074074074 0.17962962962962964
3 0.4046296296296296 0.8546296296296296 0.18425925925925926 0.18703703703703703
2 0.6287037037037037 0.8388888888888889 0.15092592592592594 0.15092592592592594
2 0.799074074074074 0.8361111111111111 0.15555555555555556 0.15092592592592594