2 0.25092592592592594 0.24722222222222223 0.13425925925925927 0.12685185185185185
2 0.4824074074074074 0.26944444444444443 0.11481481481481481 0.11944444444444445
3 0.7185185185185186 0.3111111111111111 0.1361111111111111 0.1388888888888889
2 0.3824074074074074 0.32314814814814813 0.11944444444444445 0.11944444444444445
2 0.6092592592592593 0.3675925925925926 0.10740740740740741 0.11481481481481481
2 0.26296296296296295 0.3675925925925926 0.12685185185185185 0.12685185185185185
3 0.49074074074074076 0.4027777777777778 0.14166666666666666 0.14166666666666666
2 0.7555555555555555 0.4287037037037037 0.10277777777777777 0.10740740740740741
3 0.3638888888888889 0.46296296296296297 0.14629629629629629 0.14629629629629629
3 0.5842592592592593 0.5092592592592593 0.1388888888888889 0.14166666666666666
3 0.7111111111111111 0.5407407407407407 0.12685185185185185 0.14166666666666666
2 0.2740740740740741 0.5685185185185185 0.12685185185185185 0.12685185185185185
2 0.47962962962962963 0.5805555555555556 0.11481481481481481 0.11944444444444445
3 0.6101851851851852 0.65 0.1361111111111111 0.14629629629629629
3 0.39814814814814814 0.6888888888888889 0.15092592592592594 0.16018518518518518
3 0.6 0.24259259259259258 0.13425925925925927 0.15092592592592594