2 0.7870370370370371 0.29814814814814816 0.15092592592592594 0.14351851851851852
1 0.4685185185185185 0.3435185185185185 0.1675925925925926 0.1675925925925926
2 0.24259259259259258 0.4027777777777778 0.1537037037037037 0.14814814814814814
2 0.10462962962962963 0.42314814814814816 0.15092592592592594 0.14351851851851852
2 0.6814814814814815 0.3824074074074074 0.1537037037037037 0.1537037037037037
1 0.5592592592592592 0.4564814814814815 0.17037037037037037 0.1675925925925926
2 0.8222222222222222 0.4361111111111111 0.16296296296296298 0.15833333333333333
2 0.41944444444444445 0.48055555555555557 0.16018518518518518 0.14814814814814814
1 0.2851851851851852 0.5351851851851852 0.1675925925925926 0.1675925925925926
1 0.13055555555555556 0.5611111111111111 0.17962962962962964 0.175
1 0.7018518518518518 0.524074074074074 0.17777777777777778 0.17037037037037037
1 0.5194444444444445 0.6101851851851852 0.17962962962962964 0.175
2 0.37407407407407406 0.6453703703703704 0.16296296296296298 0.15833333333333333
1 0.8101851851851852 0.6462962962962963 0.18703703703703703 0.17962962962962964
2 0.6564814814814814 0.6694444444444444 0.15833333333333333 0.16296296296296298
1 0.2222222222222222 0.7231481481481481 0.17962962962962964 0.18425925925925926
1 0.42314814814814816 0.7916666666666666 0.18425925925925926 0.19444444444444445
2 0.7472222222222222 0.7935185185185185 0.16018518518518518 0.17222222222222222
1 0.5888888888888889 0.8175925925925925 0.17777777777777778 0.19444444444444445
1 0.5925925925925926 0.11018518518518519 0.16018518518518518 0.1537037037037037
2 0.33611111111111114 0.17685185185185184 0.14629629629629629 0.13425925925925927
1 0.4703703703703704 0.1935185185185185 0.16296296296296298 0.1537037037037037
2 0.7092592592592593 0.18611111111111112 0.14629629629629629 0.13425925925925927
2 0.20925925925925926 0.2824074074074074 0.14629629629629629 0.14166666666666666
1 0.5972222222222222 0.2712962962962963 0.16574074074074074 0.16296296296296298
2 0.33796296296296297 0.3055555555555556 0.14629629629629629 0.14351851851851852