2 0.23703703703703705 0.524074074074074 0.12222222222222222 0.1537037037037037
2 0.3175925925925926 0.7407407407407407 0.12222222222222222 0.15833333333333333
3 0.31574074074074077 0.39537037037037037 0.1537037037037037 0.2037037037037037
3 0.35185185185185186 0.5842592592592593 0.14166666666666666 0.19444444444444445
2 0.3351851851851852 0.18888888888888888 0.1175925925925926 0.15833333333333333
2 0.4601851851851852 0.887962962962963 0.12685185185185185 0.16018518518518518
3 0.4564814814814815 0.7203703703703703 0.14351851851851852 0.20185185185185187
3 0.44907407407407407 0.33425925925925926 0.1537037037037037 0.2037037037037037
2 0.44074074074074077 0.1175925925925926 0.125 0.16296296296296298
2 0.4648148148148148 0.5120370370370371 0.12222222222222222 0.1675925925925926
2 0.5444444444444444 0.20555555555555555 0.12962962962962962 0.175
3 0.575925925925926 0.6074074074074074 0.15833333333333333 0.2064814814814815
3 0.5888888888888889 0.8185185185185185 0.15833333333333333 0.20833333333333334
3 0.5851851851851851 0.40185185185185185 0.1537037037037037 0.20833333333333334
3 0.7185185185185186 0.525 0.17037037037037037 0.21851851851851853
2 0.7222222222222222 0.3296296296296296 0.14629629629629629 0.17962962962962964