2 0.6240740740740741 0.7787037037037037 0.13148148148148148 0.14629629629629629
3 0.6083333333333333 0.4444444444444444 0.175 0.175
3 0.5712962962962963 0.6138888888888889 0.175 0.17037037037037037
2 0.5175925925925926 0.30277777777777776 0.1361111111111111 0.14629629629629629
2 0.5009259259259259 0.8157407407407408 0.13148148148148148 0.1361111111111111
2 0.4601851851851852 0.4305555555555556 0.14166666666666666 0.14166666666666666
3 0.4185185185185185 0.6962962962962963 0.17962962962962964 0.17037037037037037
2 0.3574074074074074 0.33055555555555555 0.17037037037037037 0.14166666666666666
3 0.3435185185185185 0.5407407407407407 0.18425925925925926 0.17037037037037037
2 0.25833333333333336 0.7138888888888889 0.15833333333333333 0.14166666666666666
2 0.24259259259259258 0.23333333333333334 0.16018518518518518 0.15092592592592594
3 0.2175925925925926 0.41388888888888886 0.1962962962962963 0.18425925925925926
3 0.14629629629629629 0.5981481481481481 0.1962962962962963 0.17962962962962964
2 0.7444444444444445 0.5046296296296297 0.13148148148148148 0.1361111111111111
3 0.7333333333333333 0.6537037037037037 0.16018518518518518 0.17037037037037037
3 0.6731481481481482 0.2796296296296296 0.17037037037037037 0.17962962962962964