3 0.4064814814814815 0.28888888888888886 0.2037037037037037 0.2064814814814815
3 0.16666666666666666 0.27870370370370373 0.20833333333333334 0.20833333333333334
2 0.6462962962962963 0.3175925925925926 0.16296296296296298 0.17037037037037037
2 0.8194444444444444 0.3351851851851852 0.17037037037037037 0.17037037037037037
3 0.37407407407407406 0.487962962962963 0.20833333333333334 0.2111111111111111
3 0.14537037037037037 0.5 0.2111111111111111 0.21574074074074073
2 0.6138888888888889 0.5287037037037037 0.17222222222222222 0.175
2 0.7944444444444444 0.5611111111111111 0.17777777777777778 0.17777777777777778
3 0.09166666666666666 0.7305555555555555 0.1824074074074074 0.22037037037037038
3 0.3453703703703704 0.7462962962962963 0.21851851851851853 0.23055555555555557
2 0.5888888888888889 0.7870370370370371 0.17777777777777778 0.1824074074074074
2 0.7861111111111111 0.8277777777777777 0.17777777777777778 0.18703703703703703
3 0.40185185185185185 0.09259259259259259 0.2064814814814815 0.18425925925925926
3 0.19814814814814816 0.08796296296296297 0.19907407407407407 0.175
2 0.6787037037037037 0.11296296296296296 0.16018518518518518 0.16018518518518518
2 0.8453703703703703 0.14074074074074075 0.16018518518518518 0.16018518518518518