2 0.5074074074074074 0.6537037037037037 0.12962962962962962 0.13425925925925927
1 0.37037037037037035 0.6203703703703703 0.1537037037037037 0.1537037037037037
2 0.6342592592592593 0.600925925925926 0.13425925925925927 0.13425925925925927
1 0.2462962962962963 0.5314814814814814 0.15092592592592594 0.14907407407407408
1 0.4759259259259259 0.5166666666666667 0.14351851851851852 0.1537037037037037
2 0.6101851851851852 0.4722222222222222 0.13425925925925927 0.1361111111111111
1 0.362962962962963 0.4222222222222222 0.14814814814814814 0.14629629629629629
2 0.22592592592592592 0.387037037037037 0.13425925925925927 0.13425925925925927
2 0.7027777777777777 0.3824074074074074 0.13148148148148148 0.12962962962962962
1 0.5027777777777778 0.37037037037037035 0.14814814814814814 0.14814814814814814
2 0.38981481481481484 0.2833333333333333 0.12962962962962962 0.12962962962962962
1 0.6129629629629629 0.27685185185185185 0.14629629629629629 0.14814814814814814
2 0.2574074074074074 0.25092592592592594 0.13425925925925927 0.1361111111111111
1 0.4925925925925926 0.19074074074074074 0.14814814814814814 0.15
2 0.4203703703703704 0.7583333333333333 0.13425925925925927 0.13148148148148148
1 0.6157407407407407 0.7444444444444445 0.14814814814814814 0.15