3 0.7851851851851852 0.3314814814814815 0.21574074074074073 0.22037037037037038
3 0.5611111111111111 0.3101851851851852 0.21388888888888888 0.21388888888888888
2 0.12222222222222222 0.29074074074074074 0.175 0.17777777777777778
2 0.3277777777777778 0.33055555555555555 0.17777777777777778 0.175
3 0.7546296296296297 0.5444444444444444 0.21574074074074073 0.22037037037037038
3 0.5277777777777778 0.5212962962962963 0.22314814814814815 0.22314814814814815
2 0.29907407407407405 0.5166666666666667 0.1824074074074074 0.17962962962962964
2 0.0962962962962963 0.5092592592592593 0.19166666666666668 0.19166666666666668
3 0.7351851851851852 0.7787037037037037 0.22037037037037038 0.22592592592592592
3 0.5120370370370371 0.7537037037037037 0.21574074074074073 0.23055555555555557
2 0.2898148148148148 0.7305555555555555 0.18703703703703703 0.17962962962962964
2 0.08148148148148149 0.7166666666666667 0.16296296296296298 0.19166666666666668
3 0.7898148148148149 0.12407407407407407 0.2111111111111111 0.2037037037037037
3 0.5851851851851851 0.10555555555555556 0.21388888888888888 0.2111111111111111
2 0.3398148148148148 0.10925925925925926 0.17222222222222222 0.17222222222222222
2 0.1527777777777778 0.10185185185185185 0.17777777777777778 0.175