3 0.37407407407407406 0.7351851851851852 0.17037037037037037 0.17222222222222222
2 0.39814814814814814 0.19074074074074074 0.13425925925925927 0.13333333333333333
3 0.40185185185185185 0.524074074074074 0.1675925925925926 0.16296296296296298
2 0.40925925925925927 0.36018518518518516 0.12777777777777777 0.12962962962962962
3 0.5407407407407407 0.75 0.1675925925925926 0.17222222222222222
2 0.5833333333333334 0.19166666666666668 0.13055555555555556 0.13518518518518519
3 0.5851851851851851 0.5546296296296296 0.16203703703703703 0.16666666666666666
2 0.5953703703703703 0.3509259259259259 0.1361111111111111 0.13425925925925927
3 0.774074074074074 0.7527777777777778 0.1675925925925926 0.16296296296296298
3 0.7805555555555556 0.5675925925925925 0.16666666666666666 0.15833333333333333
2 0.7851851851851852 0.35462962962962963 0.13055555555555556 0.13148148148148148
2 0.7916666666666666 0.1925925925925926 0.13518518518518519 0.12962962962962962
3 0.1814814814814815 0.5351851851851852 0.17037037037037037 0.17037037037037037
3 0.19444444444444445 0.7379629629629629 0.17222222222222222 0.17222222222222222
2 0.2361111111111111 0.3527777777777778 0.13333333333333333 0.13055555555555556
2 0.24444444444444444 0.18888888888888888 0.13333333333333333 0.13518518518518519