3 0.7055555555555556 0.7777777777777778 0.22314814814814815 0.21574074074074073
3 0.6731481481481482 0.5527777777777778 0.21851851851851853 0.21851851851851853
2 0.5851851851851851 0.1175925925925926 0.1824074074074074 0.17777777777777778
2 0.5962962962962963 0.3296296296296296 0.17777777777777778 0.1824074074074074
3 0.49166666666666664 0.7972222222222223 0.22592592592592592 0.22037037037037038
3 0.4583333333333333 0.5712962962962963 0.22777777777777777 0.22592592592592592
2 0.4074074074074074 0.3425925925925926 0.1824074074074074 0.18425925925925926
2 0.362962962962963 0.14166666666666666 0.19166666666666668 0.19166666666666668
3 0.25462962962962965 0.8351851851851851 0.23055555555555557 0.22037037037037038
3 0.22685185185185186 0.6129629629629629 0.2324074074074074 0.22037037037037038
2 0.1935185185185185 0.38981481481481484 0.1824074074074074 0.18703703703703703
2 0.15462962962962962 0.16666666666666666 0.19166666666666668 0.19444444444444445
3 0.9046296296296297 0.7333333333333333 0.18981481481481483 0.2111111111111111
3 0.8805555555555555 0.5268518518518519 0.21851851851851853 0.21388888888888888
2 0.8157407407407408 0.2861111111111111 0.17777777777777778 0.17777777777777778
2 0.7768518518518519 0.09814814814814815 0.17777777777777778 0.1824074074074074