2 0.5935185185185186 0.4074074074074074 0.16018518518518518 0.16574074074074074
2 0.7851851851851852 0.38333333333333336 0.16018518518518518 0.16018518518518518
2 0.40370370370370373 0.44074074074074077 0.1675925925925926 0.175
2 0.18703703703703703 0.47962962962962963 0.16574074074074074 0.16574074074074074
1 0.812962962962963 0.6046296296296296 0.17777777777777778 0.17777777777777778
1 0.6203703703703703 0.6305555555555555 0.1824074074074074 0.17777777777777778
1 0.4148148148148148 0.6583333333333333 0.18425925925925926 0.17777777777777778
1 0.18703703703703703 0.6925925925925925 0.18425925925925926 0.18425925925925926
1 0.8268518518518518 0.8055555555555556 0.17037037037037037 0.17037037037037037
1 0.19722222222222222 0.9 0.18425925925925926 0.18981481481481483
1 0.44351851851851853 0.8787037037037037 0.1962962962962963 0.18703703703703703
1 0.6666666666666666 0.8555555555555555 0.18425925925925926 0.18425925925925926
2 0.3537037037037037 0.22037037037037038 0.16574074074074074 0.17037037037037037
2 0.762962962962963 0.17037037037037037 0.16018518518518518 0.17037037037037037
2 0.12777777777777777 0.25833333333333336 0.1675925925925926 0.175
2 0.5472222222222223 0.2212962962962963 0.16296296296296298 0.175