3 0.6583333333333333 0.5518518518518518 0.19444444444444445 0.18981481481481483
3 0.6305555555555555 0.7555555555555555 0.18981481481481483 0.18425925925925926
2 0.6333333333333333 0.34814814814814815 0.15833333333333333 0.1537037037037037
2 0.6462962962962963 0.1824074074074074 0.16574074074074074 0.15833333333333333
3 0.45925925925925926 0.7537037037037037 0.18425925925925926 0.18981481481481483
3 0.47685185185185186 0.5324074074074074 0.19444444444444445 0.18981481481481483
2 0.48333333333333334 0.16111111111111112 0.15833333333333333 0.15833333333333333
2 0.45925925925925926 0.3388888888888889 0.15833333333333333 0.1537037037037037
2 0.29907407407407405 0.31296296296296294 0.15833333333333333 0.15555555555555556
2 0.31296296296296294 0.14444444444444443 0.15833333333333333 0.16018518518518518
3 0.23055555555555557 0.7574074074074074 0.2037037037037037 0.1962962962962963
3 0.25 0.4888888888888889 0.2037037037037037 0.1962962962962963
3 0.8157407407407408 0.7787037037037037 0.18425925925925926 0.18425925925925926
3 0.8342592592592593 0.5805555555555556 0.17962962962962964 0.18981481481481483
2 0.8111111111111111 0.20555555555555555 0.1537037037037037 0.1537037037037037
2 0.7814814814814814 0.3712962962962963 0.15555555555555556 0.15092592592592594