2 0.8064814814814815 0.8814814814814815 0.07222222222222222 0.06944444444444445
2 0.825 0.7861111111111111 0.06481481481481481 0.06851851851851852
2 0.825925925925926 0.6046296296296296 0.06296296296296296 0.06018518518518518
2 0.6777777777777778 0.8157407407407408 0.06481481481481481 0.06481481481481481
2 0.5351851851851852 0.9185185185185185 0.062037037037037036 0.07037037037037037
2 0.5120370370370371 0.6972222222222222 0.05925925925925926 0.06944444444444445
2 0.4212962962962963 0.6314814814814815 0.06574074074074074 0.06296296296296296
2 0.3351851851851852 0.6259259259259259 0.06018518518518518 0.06666666666666667
2 0.24722222222222223 0.6277777777777778 0.06018518518518518 0.06111111111111111
2 0.18796296296296297 0.5814814814814815 0.058333333333333334 0.06666666666666667
3 0.275 0.825 0.07592592592592592 0.07777777777777778
3 0.28703703703703703 0.7148148148148148 0.07777777777777778 0.08148148148148149
3 0.1675925925925926 0.6611111111111111 0.07407407407407407 0.0787037037037037
0 0.6481481481481481 0.8935185185185185 0.062037037037037036 0.06111111111111111
0 0.7537037037037037 0.7935185185185185 0.058333333333333334 0.06388888888888888
0 0.6805555555555556 0.6333333333333333 0.058333333333333334 0.053703703703703705
0 0.4888888888888889 0.8074074074074075 0.05462962962962963 0.06111111111111111
0 0.5953703703703703 0.7657407407407407 0.058333333333333334 0.05740740740740741
0 0.41759259259259257 0.8740740740740741 0.05648148148148148 0.05925925925925926
2 0.5509259259259259 0.8064814814814815 0.06111111111111111 0.06481481481481481
1 0.38333333333333336 0.7138888888888889 0.07037037037037037 0.06944444444444445
1 0.6333333333333333 0.7129629629629629 0.07314814814814814 0.07314814814814814