2 0.4074074074074074 0.6157407407407407 0.05092592592592592 0.053703703703703705
2 0.49074074074074076 0.5925925925925926 0.05185185185185185 0.05462962962962963
2 0.612037037037037 0.6638888888888889 0.058333333333333334 0.05462962962962963
2 0.6055555555555555 0.49907407407407406 0.05185185185185185 0.05
2 0.42314814814814816 0.3611111111111111 0.044444444444444446 0.04722222222222222
2 0.33796296296296297 0.47129629629629627 0.05092592592592592 0.049074074074074076
2 0.44166666666666665 0.4925925925925926 0.049074074074074076 0.05277777777777778
1 0.5314814814814814 0.3388888888888889 0.04814814814814815 0.05185185185185185
1 0.5925925925925926 0.612037037037037 0.05555555555555555 0.06018518518518518
1 0.6648148148148149 0.5324074074074074 0.05462962962962963 0.05648148148148148
1 0.43703703703703706 0.5564814814814815 0.05555555555555555 0.05740740740740741
3 0.5953703703703703 0.38425925925925924 0.05925925925925926 0.05740740740740741
3 0.5175925925925926 0.4462962962962963 0.058333333333333334 0.053703703703703705
3 0.5009259259259259 0.6787037037037037 0.06666666666666667 0.06944444444444445
2 0.36574074074074076 0.41388888888888886 0.04722222222222222 0.04814814814814815
0 0.4787037037037037 0.39351851851851855 0.04351851851851852 0.04259259259259259
0 0.5527777777777778 0.5083333333333333 0.04722222222222222 0.049074074074074076
0 0.5435185185185185 0.5592592592592592 0.05092592592592592 0.05092592592592592