2 0.20277777777777778 0.6638888888888889 0.1361111111111111 0.125
1 0.5148148148148148 0.6537037037037037 0.14814814814814814 0.14814814814814814
2 0.7407407407407407 0.6175925925925926 0.13425925925925927 0.12962962962962962
2 0.8777777777777778 0.612037037037037 0.13425925925925927 0.12685185185185185
2 0.3138888888888889 0.5962962962962963 0.1361111111111111 0.13425925925925927
1 0.4388888888888889 0.5333333333333333 0.15092592592592594 0.14814814814814814
2 0.1824074074074074 0.5287037037037037 0.14351851851851852 0.1388888888888889
2 0.575925925925926 0.5268518518518519 0.14166666666666666 0.12962962962962962
1 0.7138888888888889 0.48518518518518516 0.14814814814814814 0.14814814814814814
1 0.8629629629629629 0.4759259259259259 0.15833333333333333 0.1537037037037037
1 0.3101851851851852 0.4546296296296296 0.15833333333333333 0.14814814814814814
1 0.49537037037037035 0.39166666666666666 0.15833333333333333 0.1537037037037037
2 0.6398148148148148 0.37222222222222223 0.14351851851851852 0.1388888888888889
1 0.2175925925925926 0.32407407407407407 0.16574074074074074 0.15833333333333333
2 0.36574074074074076 0.3175925925925926 0.1388888888888889 0.14351851851851852
1 0.7935185185185185 0.3101851851851852 0.15833333333333333 0.16296296296296298
1 0.6037037037037037 0.22314814814814815 0.16296296296296298 0.17222222222222222
2 0.2935185185185185 0.18981481481481483 0.1388888888888889 0.1537037037037037
1 0.4462962962962963 0.18518518518518517 0.15555555555555556 0.17222222222222222
1 0.37407407407407406 0.8666666666666667 0.14166666666666666 0.1361111111111111
2 0.6277777777777778 0.8296296296296296 0.12962962962962962 0.11481481481481481
1 0.5 0.799074074074074 0.14351851851851852 0.1361111111111111
2 0.26944444444444443 0.7787037037037037 0.12962962962962962 0.11481481481481481
2 0.7592592592592593 0.7388888888888889 0.12962962962962962 0.12222222222222222
1 0.3861111111111111 0.7111111111111111 0.14629629629629629 0.14351851851851852
2 0.6398148148148148 0.7046296296296296 0.12962962962962962 0.125