2 0.33796296296296297 0.7972222222222223 0.12962962962962962 0.1388888888888889
1 0.34629629629629627 0.4787037037037037 0.1537037037037037 0.1537037037037037
2 0.375 0.25 0.13425925925925927 0.1388888888888889
2 0.3787037037037037 0.11018518518518519 0.13148148148148148 0.1388888888888889
2 0.4074074074074074 0.6814814814814815 0.1388888888888889 0.14166666666666666
1 0.4666666666666667 0.5527777777777778 0.1537037037037037 0.15555555555555556
2 0.47962962962962963 0.8138888888888889 0.14351851851851852 0.14814814814814814
2 0.475 0.41388888888888886 0.13425925925925927 0.14629629629629629
1 0.5111111111111111 0.2740740740740741 0.1537037037037037 0.1537037037037037
1 0.5166666666666667 0.12037037037037036 0.16018518518518518 0.16574074074074074
1 0.5509259259259259 0.6851851851851852 0.1537037037037037 0.16574074074074074
1 0.6129629629629629 0.49537037037037035 0.16018518518518518 0.16574074074074074
2 0.6296296296296297 0.34814814814814815 0.14351851851851852 0.14814814814814814
1 0.6842592592592592 0.7768518518518519 0.16574074074074074 0.17037037037037037
2 0.6888888888888889 0.6240740740740741 0.14814814814814814 0.14351851851851852
1 0.6888888888888889 0.18981481481481483 0.17037037037037037 0.16574074074074074
1 0.7796296296296297 0.37962962962962965 0.17962962962962964 0.17037037037037037
2 0.8194444444444444 0.6972222222222222 0.16018518518518518 0.14351851851851852
1 0.8240740740740741 0.5398148148148149 0.17962962962962964 0.16018518518518518
1 0.13055555555555556 0.6277777777777778 0.14166666666666666 0.14629629629629629
2 0.1648148148148148 0.36944444444444446 0.11944444444444445 0.13425925925925927
1 0.19722222222222222 0.49722222222222223 0.14166666666666666 0.14814814814814814
2 0.21851851851851853 0.7333333333333333 0.11944444444444445 0.13425925925925927
2 0.2537037037037037 0.23055555555555557 0.12685185185185185 0.13425925925925927
1 0.2898148148148148 0.6129629629629629 0.14814814814814814 0.15092592592592594
2 0.2916666666666667 0.35462962962962963 0.12962962962962962 0.13425925925925927