2 0.7046296296296296 0.2777777777777778 0.12685185185185185 0.1361111111111111
2 0.6574074074074074 0.48333333333333334 0.11944444444444445 0.11481481481481481
3 0.5916666666666667 0.6888888888888889 0.14166666666666666 0.1388888888888889
2 0.6212962962962963 0.38981481481481484 0.11944444444444445 0.11944444444444445
2 0.5527777777777778 0.5879629629629629 0.11481481481481481 0.11018518518518519
2 0.5962962962962963 0.27685185185185185 0.12685185185185185 0.12685185185185185
3 0.5388888888888889 0.475 0.14166666666666666 0.14166666666666666
2 0.4787037037037037 0.7101851851851851 0.10740740740740741 0.10555555555555556
3 0.49907407407407406 0.35185185185185186 0.14814814814814814 0.14814814814814814
3 0.43148148148148147 0.5472222222222223 0.14166666666666666 0.14166666666666666
3 0.38425925925925924 0.6564814814814814 0.14166666666666666 0.12962962962962962
2 0.4166666666666667 0.25925925925925924 0.12685185185185185 0.13148148148148148
2 0.38055555555555554 0.4444444444444444 0.11944444444444445 0.11481481481481481
3 0.29907407407407405 0.549074074074074 0.14629629629629629 0.1388888888888889
3 0.29444444444444445 0.35833333333333334 0.16296296296296298 0.15555555555555556
3 0.6657407407407407 0.5953703703703703 0.15092592592592594 0.1388888888888889