3 0.4009259259259259 0.5175925925925926 0.18888888888888888 0.19537037037037036
3 0.3712962962962963 0.28888888888888886 0.18333333333333332 0.2064814814814815
2 0.4824074074074074 0.725925925925926 0.17222222222222222 0.17222222222222222
2 0.512962962962963 0.9037037037037037 0.17222222222222222 0.17777777777777778
3 0.549074074074074 0.24537037037037038 0.1935185185185185 0.20925925925925926
3 0.5935185185185186 0.49166666666666664 0.19814814814814816 0.20462962962962963
2 0.6935185185185185 0.8944444444444445 0.16574074074074074 0.16111111111111112
2 0.6722222222222223 0.7 0.1685185185185185 0.1648148148148148
2 0.8518518518518519 0.687962962962963 0.17592592592592593 0.16666666666666666
2 0.8796296296296297 0.8712962962962963 0.18425925925925926 0.17962962962962964
3 0.8027777777777778 0.16666666666666666 0.21574074074074073 0.2175925925925926
3 0.8601851851851852 0.48148148148148145 0.22407407407407406 0.20833333333333334
3 0.17777777777777778 0.3194444444444444 0.17592592592592593 0.1935185185185185
3 0.21481481481481482 0.5314814814814814 0.1787037037037037 0.18796296296296297
2 0.3416666666666667 0.9157407407407407 0.16296296296296298 0.1675925925925926
2 0.325 0.737037037037037 0.14722222222222223 0.15925925925925927