3 0.3425925925925926 0.5527777777777778 0.22777777777777777 0.23055555555555557
2 0.41944444444444445 0.24166666666666667 0.18703703703703703 0.18703703703703703
2 0.4638888888888889 0.06944444444444445 0.18703703703703703 0.1388888888888889
3 0.5046296296296297 0.8157407407407408 0.23055555555555557 0.23055555555555557
3 0.549074074074074 0.562962962962963 0.2324074074074074 0.23055555555555557
2 0.6240740740740741 0.29074074074074074 0.19444444444444445 0.20185185185185187
2 0.6935185185185185 0.10092592592592593 0.18981481481481483 0.17222222222222222
3 0.7444444444444445 0.8638888888888889 0.23796296296296296 0.23796296296296296
3 0.7824074074074074 0.6222222222222222 0.25462962962962965 0.24259259259259258
2 0.8787037037037037 0.36203703703703705 0.2037037037037037 0.19907407407407407
2 0.9120370370370371 0.1425925925925926 0.175 0.18425925925925926
3 0.1037037037037037 0.7296296296296296 0.2064814814814815 0.22314814814814815
3 0.13796296296296295 0.5037037037037037 0.21574074074074073 0.21851851851851853
2 0.25555555555555554 0.044444444444444446 0.17962962962962964 0.08888888888888889
2 0.2324074074074074 0.21666666666666667 0.1824074074074074 0.1824074074074074
3 0.29074074074074074 0.7592592592592593 0.22037037037037038 0.22777777777777777