2 0.33796296296296297 0.2351851851851852 0.14351851851851852 0.14166666666666666
3 0.3111111111111111 0.5638888888888889 0.175 0.17222222222222222
3 0.36574074074074076 0.4 0.18425925925925926 0.17222222222222222
2 0.38055555555555554 0.7148148148148148 0.14166666666666666 0.1537037037037037
2 0.4601851851851852 0.20925925925925926 0.1361111111111111 0.14351851851851852
2 0.4564814814814815 0.5972222222222222 0.14814814814814814 0.14629629629629629
3 0.5212962962962963 0.33611111111111114 0.18425925925925926 0.17777777777777778
2 0.5416666666666666 0.700925925925926 0.14166666666666666 0.1537037037037037
3 0.5805555555555556 0.4962962962962963 0.19444444444444445 0.17777777777777778
2 0.6759259259259259 0.33425925925925926 0.15555555555555556 0.15092592592592594
2 0.6527777777777778 0.8138888888888889 0.15833333333333333 0.16018518518518518
3 0.6925925925925925 0.6361111111111111 0.19907407407407407 0.19907407407407407
3 0.7796296296296297 0.4564814814814815 0.2064814814814815 0.18703703703703703
2 0.18425925925925926 0.4962962962962963 0.14166666666666666 0.14166666666666666
3 0.22037037037037038 0.34629629629629627 0.1824074074074074 0.17777777777777778
3 0.23425925925925925 0.7203703703703703 0.18981481481481483 0.19444444444444445