2 0.6981481481481482 0.6722222222222223 0.14351851851851852 0.14814814814814814
3 0.37777777777777777 0.6287037037037037 0.175 0.17777777777777778
3 0.5444444444444444 0.6129629629629629 0.175 0.18425925925925926
2 0.24722222222222223 0.5314814814814814 0.1537037037037037 0.14629629629629629
2 0.7453703703703703 0.5601851851851852 0.14351851851851852 0.13425925925925927
2 0.3787037037037037 0.4842592592592593 0.14351851851851852 0.14814814814814814
3 0.6407407407407407 0.47314814814814815 0.17962962962962964 0.18425925925925926
2 0.2935185185185185 0.38333333333333336 0.1537037037037037 0.14166666666666666
3 0.49722222222222223 0.38796296296296295 0.17962962962962964 0.19444444444444445
2 0.6722222222222223 0.3277777777777778 0.15092592592592594 0.1537037037037037
2 0.2111111111111111 0.25555555555555554 0.16018518518518518 0.16018518518518518
3 0.387037037037037 0.25092592592592594 0.2037037037037037 0.2037037037037037
3 0.575925925925926 0.20555555555555555 0.18703703703703703 0.2064814814814815
2 0.4185185185185185 0.762962962962963 0.14351851851851852 0.1388888888888889
3 0.5675925925925925 0.7620370370370371 0.17962962962962964 0.1824074074074074
3 0.21481481481481482 0.6694444444444444 0.1962962962962963 0.18981481481481483