2 0.2953703703703704 0.7222222222222222 0.12685185185185185 0.1361111111111111
2 0.3425925925925926 0.5166666666666667 0.11944444444444445 0.11481481481481481
3 0.4083333333333333 0.3111111111111111 0.14166666666666666 0.1388888888888889
2 0.3787037037037037 0.6101851851851852 0.11944444444444445 0.11944444444444445
2 0.44722222222222224 0.41203703703703703 0.11481481481481481 0.11018518518518519
2 0.40370370370370373 0.7231481481481481 0.12685185185185185 0.12685185185185185
3 0.46111111111111114 0.525 0.14166666666666666 0.14166666666666666
2 0.5212962962962963 0.2898148148148148 0.10740740740740741 0.10555555555555556
3 0.5009259259259259 0.6481481481481481 0.14814814814814814 0.14814814814814814
3 0.5685185185185185 0.4527777777777778 0.14166666666666666 0.14166666666666666
3 0.6157407407407407 0.3435185185185185 0.14166666666666666 0.12962962962962962
2 0.5833333333333334 0.7407407407407407 0.12685185185185185 0.13148148148148148
2 0.6194444444444445 0.5555555555555556 0.11944444444444445 0.11481481481481481
3 0.700925925925926 0.45092592592592595 0.14629629629629629 0.1388888888888889
3 0.7055555555555556 0.6416666666666667 0.16296296296296298 0.15555555555555556
3 0.33425925925925926 0.4046296296296296 0.15092592592592594 0.1388888888888889