2 0.5861111111111111 0.19814814814814816 0.15833333333333333 0.15833333333333333
2 0.6083333333333333 0.524074074074074 0.14814814814814814 0.15833333333333333
2 0.6324074074074074 0.8351851851851851 0.1537037037037037 0.16296296296296298
1 0.5740740740740741 0.35833333333333334 0.16296296296296298 0.1675925925925926
2 0.5648148148148148 0.7129629629629629 0.14814814814814814 0.15833333333333333
1 0.4564814814814815 0.10833333333333334 0.17962962962962964 0.175
2 0.4638888888888889 0.25833333333333336 0.15555555555555556 0.1537037037037037
1 0.4824074074074074 0.5916666666666667 0.175 0.175
1 0.49907407407407406 0.9064814814814814 0.17962962962962964 0.18703703703703703
1 0.4425925925925926 0.42777777777777776 0.17962962962962964 0.175
2 0.4287037037037037 0.7620370370370371 0.16296296296296298 0.1675925925925926
1 0.32407407407407407 0.3148148148148148 0.18981481481481483 0.175
2 0.33611111111111114 0.5268518518518519 0.15833333333333333 0.16296296296296298
1 0.2490740740740741 0.15 0.18425925925925926 0.18425925925925926
1 0.30092592592592593 0.6907407407407408 0.2037037037037037 0.18703703703703703
2 0.30925925925925923 0.875 0.1675925925925926 0.16296296296296298
1 0.18888888888888888 0.4185185185185185 0.19444444444444445 0.18703703703703703
2 0.18981481481481483 0.5796296296296296 0.17222222222222222 0.16018518518518518
2 0.13333333333333333 0.2675925925925926 0.17962962962962964 0.17777777777777778
1 0.8398148148148148 0.4074074074074074 0.1537037037037037 0.1675925925925926
2 0.8574074074074074 0.6444444444444445 0.14351851851851852 0.15092592592592594
1 0.7694444444444445 0.5388888888888889 0.15833333333333333 0.1675925925925926
1 0.7666666666666667 0.799074074074074 0.15833333333333333 0.1675925925925926
2 0.6981481481481482 0.2712962962962963 0.14814814814814814 0.15833333333333333
2 0.700925925925926 0.4064814814814815 0.14814814814814814 0.14814814814814814
1 0.6898148148148148 0.6657407407407407 0.16574074074074074 0.17222222222222222