3 0.5333333333333333 0.6620370370370371 0.2037037037037037 0.2064814814814815
3 0.7425925925925926 0.6287037037037037 0.1962962962962963 0.19907407407407407
2 0.32222222222222224 0.6453703703703704 0.16296296296296298 0.1675925925925926
2 0.15 0.6657407407407407 0.1675925925925926 0.17222222222222222
3 0.7342592592592593 0.44814814814814813 0.20185185185185187 0.19907407407407407
3 0.5074074074074074 0.47685185185185186 0.2037037037037037 0.2064814814814815
2 0.12129629629629629 0.4962962962962963 0.1675925925925926 0.1675925925925926
2 0.3037037037037037 0.4648148148148148 0.16296296296296298 0.1675925925925926
2 0.27314814814814814 0.30092592592592593 0.16574074074074074 0.1675925925925926
2 0.09814814814814815 0.3194444444444444 0.17222222222222222 0.1675925925925926
3 0.7305555555555555 0.21388888888888888 0.20833333333333334 0.21574074074074073
3 0.4527777777777778 0.24166666666666667 0.2037037037037037 0.21574074074074073
3 0.774074074074074 0.8185185185185185 0.1962962962962963 0.1962962962962963
3 0.5685185185185185 0.8453703703703703 0.1962962962962963 0.19166666666666668
2 0.18055555555555555 0.8342592592592593 0.16296296296296298 0.16296296296296298
2 0.35 0.7981481481481482 0.16018518518518518 0.16574074074074074