3 0.36018518518518516 0.22314814814814815 0.21851851851851853 0.22037037037037038
2 0.4722222222222222 0.8333333333333334 0.19444444444444445 0.18425925925925926
3 0.42777777777777776 0.45555555555555555 0.22037037037037038 0.21574074074074073
2 0.45555555555555555 0.6398148148148148 0.17037037037037037 0.18425925925925926
3 0.5453703703703704 0.18055555555555555 0.21574074074074073 0.22037037037037038
2 0.6777777777777778 0.8037037037037037 0.17962962962962964 0.18425925925925926
3 0.6203703703703703 0.39166666666666666 0.21574074074074073 0.21388888888888888
2 0.6685185185185185 0.6212962962962963 0.175 0.17777777777777778
3 0.8064814814814815 0.1398148148148148 0.22592592592592592 0.2111111111111111
3 0.8462962962962963 0.35 0.22592592592592592 0.2111111111111111
2 0.8833333333333333 0.5842592592592593 0.17777777777777778 0.17037037037037037
2 0.9083333333333333 0.7694444444444445 0.17962962962962964 0.1675925925925926
3 0.1824074074074074 0.47962962962962963 0.23055555555555557 0.22314814814814815
3 0.16018518518518518 0.24537037037037038 0.22314814814814815 0.22314814814814815
2 0.26296296296296295 0.6722222222222223 0.18425925925925926 0.18703703703703703
2 0.30092592592592593 0.8583333333333333 0.18425925925925926 0.17962962962962964