2 0.25833333333333336 0.3537037037037037 0.14814814814814814 0.1537037037037037
3 0.5935185185185186 0.39444444444444443 0.17962962962962964 0.18425925925925926
3 0.41944444444444445 0.41388888888888886 0.17962962962962964 0.19444444444444445
2 0.7305555555555555 0.49444444444444446 0.16296296296296298 0.14814814814814814
2 0.20925925925925926 0.4722222222222222 0.14814814814814814 0.1388888888888889
2 0.5953703703703703 0.5472222222222223 0.15092592592592594 0.1537037037037037
3 0.32222222222222224 0.5611111111111111 0.18425925925925926 0.18981481481481483
2 0.6851851851851852 0.649074074074074 0.16018518518518518 0.14351851851851852
3 0.47129629629629627 0.6481481481481481 0.18703703703703703 0.19907407407407407
2 0.2898148148148148 0.7138888888888889 0.15555555555555556 0.16296296296296298
2 0.775 0.7814814814814814 0.1675925925925926 0.16296296296296298
3 0.5916666666666667 0.7898148148148149 0.20833333333333334 0.20833333333333334
3 0.3925925925925926 0.8398148148148148 0.19166666666666668 0.2111111111111111
2 0.549074074074074 0.2537037037037037 0.14629629629629629 0.14351851851851852
3 0.39444444444444443 0.2574074074074074 0.18425925925925926 0.18703703703703703
3 0.762962962962963 0.3472222222222222 0.2037037037037037 0.1962962962962963