3 0.6333333333333333 0.5333333333333333 0.1824074074074074 0.1824074074074074
3 0.6361111111111111 0.3194444444444444 0.175 0.18425925925925926
2 0.5740740740740741 0.7342592592592593 0.14814814814814814 0.14814814814814814
2 0.5611111111111111 0.9027777777777778 0.14629629629629629 0.15092592592592594
3 0.4638888888888889 0.2953703703703704 0.1824074074074074 0.19166666666666668
3 0.44907407407407407 0.5296296296296297 0.18703703703703703 0.18703703703703703
2 0.4 0.9166666666666666 0.14814814814814814 0.14814814814814814
2 0.3962962962962963 0.7296296296296296 0.1537037037037037 0.15833333333333333
2 0.22870370370370371 0.7379629629629629 0.16296296296296298 0.15833333333333333
2 0.2175925925925926 0.9138888888888889 0.15555555555555556 0.15833333333333333
3 0.21851851851851853 0.24722222222222223 0.20833333333333334 0.2037037037037037
3 0.20833333333333334 0.5435185185185185 0.20833333333333334 0.19444444444444445
3 0.8231481481481482 0.3277777777777778 0.16018518518518518 0.18425925925925926
3 0.8055555555555556 0.5287037037037037 0.16296296296296298 0.175
2 0.7231481481481481 0.899074074074074 0.1388888888888889 0.14629629629629629
2 0.725 0.7342592592592593 0.13425925925925927 0.14629629629629629