3 0.6037037037037037 0.3425925925925926 0.175 0.175
3 0.44074074074074077 0.362962962962963 0.17222222222222222 0.16574074074074074
2 0.7333333333333333 0.4324074074074074 0.14351851851851852 0.1388888888888889
2 0.23703703703703705 0.42314814814814816 0.14351851851851852 0.1388888888888889
2 0.6083333333333333 0.4842592592592593 0.14814814814814814 0.14351851851851852
3 0.3537037037037037 0.5 0.175 0.17962962962962964
2 0.6990740740740741 0.5833333333333334 0.1537037037037037 0.1388888888888889
3 0.4962962962962963 0.5796296296296296 0.17962962962962964 0.17962962962962964
2 0.32314814814814813 0.65 0.14351851851851852 0.14814814814814814
2 0.7824074074074074 0.700925925925926 0.15092592592592594 0.14814814814814814
3 0.6138888888888889 0.7129629629629629 0.1962962962962963 0.18981481481481483
3 0.42777777777777776 0.7657407407407407 0.19166666666666668 0.19444444444444445
2 0.5518518518518518 0.2064814814814815 0.1388888888888889 0.12962962962962962
3 0.4101851851851852 0.21296296296296297 0.16296296296296298 0.1675925925925926
3 0.7611111111111111 0.28888888888888886 0.18425925925925926 0.17037037037037037
2 0.2824074074074074 0.30092592592592593 0.13148148148148148 0.12962962962962962