2 0.5611111111111111 0.7944444444444444 0.175 0.175
2 0.6018518518518519 0.44351851851851853 0.1675925925925926 0.175
2 0.6462962962962963 0.10555555555555556 0.17222222222222222 0.17962962962962964
1 0.5564814814814815 0.6203703703703703 0.1824074074074074 0.18703703703703703
2 0.5657407407407408 0.23425925925925925 0.16574074074074074 0.175
1 0.4148148148148148 0.8842592592592593 0.20185185185185187 0.1962962962962963
2 0.4305555555555556 0.7212962962962963 0.175 0.17037037037037037
1 0.47129629629629627 0.362962962962963 0.19444444444444445 0.19444444444444445
1 0.49907407407407406 0.06296296296296296 0.19444444444444445 0.125
1 0.4185185185185185 0.5370370370370371 0.20185185185185187 0.19907407407407407
2 0.4222222222222222 0.17314814814814813 0.1824074074074074 0.18703703703703703
1 0.2833333333333333 0.6518518518518519 0.2111111111111111 0.1962962962962963
2 0.3074074074074074 0.42314814814814816 0.1824074074074074 0.1824074074074074
1 0.1925925925925926 0.8268518518518518 0.20833333333333334 0.20833333333333334
1 0.2777777777777778 0.24259259259259258 0.22777777777777777 0.2111111111111111
2 0.2972222222222222 0.06851851851851852 0.18981481481481483 0.1361111111111111
1 0.1425925925925926 0.5351851851851852 0.21851851851851853 0.2111111111111111
2 0.15185185185185185 0.35833333333333334 0.19166666666666668 0.17777777777777778
2 0.08611111111111111 0.6935185185185185 0.17222222222222222 0.19907407407407407
1 0.8472222222222222 0.5814814814814815 0.17222222222222222 0.18703703703703703
2 0.8787037037037037 0.3277777777777778 0.16018518518518518 0.1675925925925926
1 0.7777777777777778 0.4361111111111111 0.17777777777777778 0.18703703703703703
1 0.7907407407407407 0.1527777777777778 0.17777777777777778 0.18703703703703703
2 0.6861111111111111 0.7222222222222222 0.16574074074074074 0.175
2 0.6962962962962963 0.575925925925926 0.16574074074074074 0.1675925925925926
1 0.700925925925926 0.2935185185185185 0.1824074074074074 0.19166666666666668