2 0.5768518518518518 0.20925925925925926 0.16296296296296298 0.16018518518518518
2 0.6342592592592593 0.5805555555555556 0.15833333333333333 0.15092592592592594
2 0.6037037037037037 0.41203703703703703 0.15092592592592594 0.15092592592592594
2 0.6527777777777778 0.7583333333333333 0.1537037037037037 0.14629629629629629
1 0.362962962962963 0.2212962962962963 0.1675925925925926 0.17037037037037037
1 0.44722222222222224 0.8037037037037037 0.1675925925925926 0.17037037037037037
1 0.3712962962962963 0.4166666666666667 0.175 0.1675925925925926
1 0.3861111111111111 0.6046296296296296 0.16574074074074074 0.16296296296296298
1 0.16574074074074074 0.2388888888888889 0.17962962962962964 0.17037037037037037
1 0.25833333333333336 0.8351851851851851 0.175 0.1675925925925926
1 0.1814814814814815 0.4398148148148148 0.1675925925925926 0.1675925925925926
1 0.21388888888888888 0.6370370370370371 0.16574074074074074 0.16296296296296298
2 0.7416666666666667 0.1824074074074074 0.1537037037037037 0.15092592592592594
2 0.7527777777777778 0.38333333333333336 0.15833333333333333 0.15092592592592594
2 0.8092592592592592 0.725925925925926 0.16018518518518518 0.14629629629629629
2 0.7712962962962963 0.5453703703703704 0.15555555555555556 0.15555555555555556