2 0.6462962962962963 0.25833333333333336 0.1537037037037037 0.14814814814814814
3 0.6055555555555555 0.5935185185185186 0.18425925925925926 0.17962962962962964
3 0.5861111111111111 0.41944444444444445 0.19444444444444445 0.17962962962962964
2 0.5055555555555555 0.7305555555555555 0.14814814814814814 0.16296296296296298
2 0.5277777777777778 0.20925925925925926 0.1388888888888889 0.14814814814814814
2 0.4527777777777778 0.5953703703703703 0.1537037037037037 0.15092592592592594
3 0.4388888888888889 0.32222222222222224 0.18981481481481483 0.18425925925925926
2 0.3509259259259259 0.6851851851851852 0.14351851851851852 0.16018518518518518
3 0.35185185185185186 0.47129629629629627 0.19907407407407407 0.18703703703703703
2 0.2861111111111111 0.2898148148148148 0.16296296296296298 0.15555555555555556
2 0.21851851851851853 0.775 0.16296296296296298 0.1675925925925926
3 0.2101851851851852 0.5916666666666667 0.20833333333333334 0.20833333333333334
3 0.16018518518518518 0.3925925925925926 0.2111111111111111 0.19166666666666668
2 0.7462962962962963 0.549074074074074 0.14351851851851852 0.14629629629629629
3 0.7425925925925926 0.39444444444444443 0.18703703703703703 0.18425925925925926
3 0.6527777777777778 0.762962962962963 0.1962962962962963 0.2037037037037037