2 0.7574074074074074 0.4787037037037037 0.13148148148148148 0.16018518518518518
2 0.7148148148148148 0.7046296296296296 0.13148148148148148 0.16296296296296298
3 0.6564814814814814 0.36666666666666664 0.1675925925925926 0.21388888888888888
3 0.6537037037037037 0.5601851851851852 0.1537037037037037 0.20185185185185187
2 0.600925925925926 0.1685185185185185 0.12962962962962962 0.1675925925925926
2 0.6018518518518519 0.875 0.1361111111111111 0.16574074074074074
3 0.5740740740740741 0.7092592592592593 0.15833333333333333 0.2064814814814815
3 0.5166666666666667 0.33055555555555555 0.1675925925925926 0.21388888888888888
2 0.48703703703703705 0.11574074074074074 0.13425925925925927 0.17037037037037037
2 0.5314814814814814 0.5083333333333333 0.13425925925925927 0.175
2 0.4 0.2212962962962963 0.1388888888888889 0.1824074074074074
3 0.4398148148148148 0.6175925925925926 0.17222222222222222 0.21574074074074073
3 0.46296296296296297 0.8296296296296296 0.17222222222222222 0.21851851851851853
3 0.39444444444444443 0.4203703703703704 0.1675925925925926 0.21851851851851853
3 0.2851851851851852 0.5657407407407408 0.1824074074074074 0.22592592592592592
2 0.24722222222222223 0.375 0.15555555555555556 0.18703703703703703