3 0.6296296296296297 0.16666666666666666 0.2324074074074074 0.23055555555555557
3 0.649074074074074 0.38333333333333336 0.23055555555555557 0.23055555555555557
2 0.674074074074074 0.7027777777777777 0.19444444444444445 0.19444444444444445
2 0.6990740740740741 0.9 0.18981481481481483 0.1675925925925926
3 0.4074074074074074 0.17777777777777778 0.23055555555555557 0.24259259259259258
3 0.44074074074074077 0.43703703703703706 0.24444444444444444 0.24444444444444444
2 0.4583333333333333 0.7231481481481481 0.18703703703703703 0.19444444444444445
2 0.46111111111111114 0.9222222222222223 0.1962962962962963 0.15555555555555556
3 0.19722222222222222 0.4564814814814815 0.2611111111111111 0.25925925925925924
3 0.1537037037037037 0.21481481481481482 0.25462962962962965 0.25
2 0.18703703703703703 0.7388888888888889 0.2111111111111111 0.2037037037037037
2 0.21481481481481482 0.9388888888888889 0.21388888888888888 0.12222222222222222
3 0.8222222222222222 0.12222222222222222 0.21851851851851853 0.22314814814814815
3 0.862037037037037 0.36018518518518516 0.22592592592592592 0.22592592592592592
2 0.9111111111111111 0.8740740740740741 0.17777777777777778 0.14629629629629629
2 0.8666666666666667 0.6694444444444444 0.18425925925925926 0.19166666666666668