3 0.27314814814814814 0.387037037037037 0.20185185185185187 0.19907407407407407
3 0.27685185185185185 0.14166666666666666 0.2064814814814815 0.2064814814814815
2 0.2898148148148148 0.6361111111111111 0.1675925925925926 0.16018518518518518
2 0.2972222222222222 0.8138888888888889 0.1675925925925926 0.1675925925925926
3 0.47685185185185186 0.36574074074074076 0.2064814814814815 0.2064814814814815
3 0.5027777777777778 0.12962962962962962 0.2111111111111111 0.2064814814814815
2 0.5083333333333333 0.6129629629629629 0.17222222222222222 0.1675925925925926
2 0.5314814814814814 0.8009259259259259 0.17222222222222222 0.17222222222222222
3 0.7444444444444445 0.08888888888888889 0.21851851851851853 0.17777777777777778
3 0.7453703703703703 0.34814814814814815 0.22592592592592592 0.2111111111111111
2 0.774074074074074 0.600925925925926 0.17777777777777778 0.17037037037037037
2 0.8055555555555556 0.8055555555555556 0.1824074074074074 0.17222222222222222
3 0.08055555555555556 0.37037037037037035 0.16018518518518518 0.20185185185185187
3 0.08148148148148149 0.1638888888888889 0.16296296296296298 0.19444444444444445
2 0.07962962962962963 0.6574074074074074 0.15833333333333333 0.15833333333333333
2 0.09722222222222222 0.8296296296296296 0.15833333333333333 0.15833333333333333