2 0.3074074074074074 0.6851851851851852 0.17222222222222222 0.17037037037037037
2 0.3416666666666667 0.5435185185185185 0.17037037037037037 0.16574074074074074
1 0.387037037037037 0.3962962962962963 0.1962962962962963 0.18703703703703703
1 0.47314814814814815 0.24537037037037038 0.21388888888888888 0.19907407407407407
2 0.38425925925925924 0.8092592592592592 0.16574074074074074 0.17222222222222222
1 0.46111111111111114 0.6703703703703704 0.1962962962962963 0.18425925925925926
2 0.48703703703703705 0.5157407407407407 0.16574074074074074 0.16574074074074074
1 0.5407407407407407 0.812962962962963 0.18425925925925926 0.18703703703703703
1 0.6277777777777778 0.4444444444444444 0.19166666666666668 0.18703703703703703
1 0.6092592592592593 0.6092592592592593 0.1962962962962963 0.19166666666666668
2 0.6759259259259259 0.275 0.18425925925925926 0.18425925925925926
2 0.6888888888888889 0.7453703703703703 0.17037037037037037 0.175
1 0.799074074074074 0.39444444444444443 0.1962962962962963 0.19166666666666668
2 0.774074074074074 0.5777777777777777 0.17962962962962964 0.17222222222222222
2 0.22870370370370371 0.44722222222222224 0.1824074074074074 0.17777777777777778
1 0.27037037037037037 0.26666666666666666 0.19907407407407407 0.2064814814814815