2 0.7509259259259259 0.487962962962963 0.11018518518518519 0.14629629629629629
2 0.6814814814814815 0.275 0.11296296296296296 0.15092592592592594
1 0.6657407407407407 0.6074074074074074 0.15092592592592594 0.18703703703703703
1 0.6425925925925926 0.42314814814814816 0.14166666666666666 0.19444444444444445
2 0.6398148148148148 0.8009259259259259 0.11296296296296296 0.16018518518518518
2 0.549074074074074 0.12962962962962962 0.12222222222222222 0.15833333333333333
1 0.5444444444444444 0.2916666666666667 0.14629629629629629 0.18981481481481483
1 0.5388888888888889 0.6583333333333333 0.14629629629629629 0.19166666666666668
2 0.5398148148148149 0.8638888888888889 0.11296296296296296 0.15555555555555556
2 0.5333333333333333 0.4925925925925926 0.11296296296296296 0.15555555555555556
2 0.4462962962962963 0.7777777777777778 0.125 0.17037037037037037
1 0.42777777777777776 0.3907407407407407 0.15092592592592594 0.2037037037037037
1 0.4222222222222222 0.19074074074074074 0.14814814814814814 0.19907407407407407
1 0.4111111111111111 0.5879629629629629 0.14814814814814814 0.19444444444444445
1 0.29074074074074074 0.4722222222222222 0.15555555555555556 0.2037037037037037
2 0.2851851851851852 0.6574074074074074 0.12962962962962962 0.16574074074074074