1 0.4027777777777778 0.6 0.1361111111111111 0.1388888888888889
1 0.2064814814814815 0.5675925925925925 0.14166666666666666 0.14351851851851852
1 0.6055555555555555 0.600925925925926 0.14166666666666666 0.14351851851851852
1 0.7453703703703703 0.6138888888888889 0.14166666666666666 0.14166666666666666
2 0.22037037037037038 0.3962962962962963 0.125 0.12962962962962962
2 0.7324074074074074 0.4361111111111111 0.125 0.12685185185185185
2 0.41203703703703703 0.4064814814814815 0.125 0.12962962962962962
2 0.5611111111111111 0.4083333333333333 0.125 0.12685185185185185
2 0.44351851851851853 0.27037037037037037 0.125 0.12962962962962962
2 0.7462962962962963 0.2972222222222222 0.125 0.125
2 0.5962962962962963 0.2675925925925926 0.11944444444444445 0.125
2 0.2462962962962963 0.23055555555555557 0.125 0.12962962962962962
1 0.21388888888888888 0.7453703703703703 0.14166666666666666 0.14351851851851852
1 0.40370370370370373 0.7342592592592593 0.1388888888888889 0.1361111111111111
1 0.7185185185185186 0.7509259259259259 0.1361111111111111 0.1388888888888889
1 0.5861111111111111 0.7388888888888889 0.14166666666666666 0.14166666666666666