2 0.45092592592592595 0.2796296296296296 0.06851851851851852 0.062037037037037036
2 0.4935185185185185 0.41388888888888886 0.062037037037037036 0.06388888888888888
2 0.4888888888888889 0.575925925925926 0.06388888888888888 0.06388888888888888
2 0.35462962962962963 0.5962962962962963 0.06759259259259259 0.062037037037037036
2 0.26296296296296295 0.6425925925925926 0.06851851851851852 0.06388888888888888
2 0.18796296296296297 0.5935185185185186 0.062037037037037036 0.062037037037037036
2 0.23148148148148148 0.5166666666666667 0.06111111111111111 0.06111111111111111
2 0.27037037037037037 0.4546296296296296 0.058333333333333334 0.05925925925925926
2 0.22777777777777777 0.41203703703703703 0.06111111111111111 0.06018518518518518
2 0.15092592592592594 0.3296296296296296 0.06574074074074074 0.05925925925925926
0 0.1425925925925926 0.40555555555555556 0.05648148148148148 0.05740740740740741
0 0.362962962962963 0.4462962962962963 0.06481481481481481 0.06111111111111111
1 0.42407407407407405 0.4759259259259259 0.06944444444444445 0.06759259259259259
1 0.1712962962962963 0.6953703703703704 0.07222222222222222 0.07222222222222222
1 0.11944444444444445 0.5333333333333333 0.07222222222222222 0.07222222222222222
1 0.3435185185185185 0.7185185185185186 0.07314814814814814 0.07592592592592592