3 0.6416666666666667 0.700925925925926 0.2111111111111111 0.19444444444444445
3 0.6240740740740741 0.9083333333333333 0.20833333333333334 0.1824074074074074
3 0.6453703703703704 0.25833333333333336 0.21388888888888888 0.21851851851851853
3 0.6277777777777778 0.4962962962962963 0.19907407407407407 0.19907407407407407
2 0.38333333333333336 0.20185185185185187 0.175 0.175
2 0.35462962962962963 0.4564814814814815 0.17037037037037037 0.17037037037037037
2 0.33055555555555555 0.8583333333333333 0.16296296296296298 0.15833333333333333
2 0.32592592592592595 0.6648148148148149 0.17037037037037037 0.16296296296296298
2 0.15185185185185185 0.18981481481481483 0.175 0.175
2 0.14074074074074075 0.42592592592592593 0.17037037037037037 0.1675925925925926
2 0.12777777777777777 0.6444444444444445 0.17037037037037037 0.16296296296296298
2 0.10092592592592593 0.8629629629629629 0.1675925925925926 0.175
3 0.8805555555555555 0.5074074074074074 0.22314814814814815 0.2037037037037037
3 0.8870370370370371 0.26666666666666666 0.21851851851851853 0.22314814814814815
3 0.8592592592592593 0.9120370370370371 0.2037037037037037 0.175
3 0.850925925925926 0.725 0.21388888888888888 0.19907407407407407