2 0.2462962962962963 0.6277777777777778 0.15833333333333333 0.16018518518518518
2 0.6416666666666667 0.5851851851851851 0.15092592592592594 0.16018518518518518
2 0.46296296296296297 0.5981481481481481 0.15092592592592594 0.15092592592592594
2 0.8296296296296296 0.5537037037037037 0.14629629629629629 0.15092592592592594
1 0.20092592592592592 0.4064814814814815 0.17037037037037037 0.16574074074074074
1 0.8194444444444444 0.3333333333333333 0.17037037037037037 0.1675925925925926
1 0.4046296296296296 0.36018518518518516 0.16574074074074074 0.175
1 0.5981481481481481 0.32314814814814813 0.16018518518518518 0.16574074074074074
1 0.16574074074074074 0.19907407407407407 0.16574074074074074 0.17962962962962964
1 0.799074074074074 0.13055555555555556 0.1675925925925926 0.175
1 0.375 0.16111111111111112 0.16574074074074074 0.16574074074074074
1 0.5842592592592593 0.14074074074074075 0.16018518518518518 0.16574074074074074
2 0.26481481481481484 0.8037037037037037 0.14629629629629629 0.15092592592592594
2 0.47314814814814815 0.7592592592592593 0.15092592592592594 0.16018518518518518
2 0.8388888888888889 0.7222222222222222 0.14629629629629629 0.16018518518518518
2 0.6425925925925926 0.7342592592592593 0.15555555555555556 0.15555555555555556