3 0.8074074074074075 0.35185185185185186 0.2037037037037037 0.19444444444444445
3 0.5981481481481481 0.33796296296296297 0.19907407407407407 0.19907407407407407
2 0.18888888888888888 0.3425925925925926 0.15833333333333333 0.16574074074074074
2 0.3787037037037037 0.3675925925925926 0.15833333333333333 0.15833333333333333
3 0.7888888888888889 0.5527777777777778 0.20833333333333334 0.2064814814814815
3 0.5712962962962963 0.5416666666666666 0.2037037037037037 0.19907407407407407
2 0.36018518518518516 0.5407407407407407 0.15833333333333333 0.15833333333333333
2 0.17314814814814813 0.5398148148148149 0.16296296296296298 0.16018518518518518
3 0.5685185185185185 0.7509259259259259 0.20833333333333334 0.2064814814814815
2 0.36018518518518516 0.7416666666666667 0.16018518518518518 0.16018518518518518
3 0.7814814814814814 0.775 0.19444444444444445 0.20185185185185187
2 0.14907407407407408 0.737037037037037 0.16574074074074074 0.16018518518518518
3 0.7981481481481482 0.15833333333333333 0.19444444444444445 0.18703703703703703
3 0.6055555555555555 0.15 0.1962962962962963 0.19444444444444445
2 0.37962962962962965 0.16111111111111112 0.15555555555555556 0.14814814814814814
2 0.20462962962962963 0.16111111111111112 0.16574074074074074 0.15833333333333333