3 0.37407407407407406 0.7351851851851852 0.17037037037037037 0.17222222222222222
2 0.3962962962962963 0.18518518518518517 0.1537037037037037 0.14351851851851852
3 0.40370370370370373 0.5212962962962963 0.17222222222222222 0.1675925925925926
2 0.4046296296296296 0.3592592592592593 0.13148148148148148 0.14629629629629629
3 0.5407407407407407 0.75 0.1675925925925926 0.17222222222222222
2 0.5796296296296296 0.18518518518518517 0.1388888888888889 0.14351851851851852
3 0.5805555555555556 0.5555555555555556 0.17037037037037037 0.1675925925925926
2 0.5953703703703703 0.34814814814814815 0.1361111111111111 0.1388888888888889
3 0.774074074074074 0.7527777777777778 0.17777777777777778 0.16296296296296298
3 0.7833333333333333 0.562962962962963 0.17777777777777778 0.16296296296296298
2 0.7870370370370371 0.35185185185185186 0.14166666666666666 0.13148148148148148
2 0.7870370370370371 0.18703703703703703 0.14166666666666666 0.12962962962962962
3 0.18611111111111112 0.5333333333333333 0.17962962962962964 0.17222222222222222
3 0.19444444444444445 0.7379629629629629 0.17222222222222222 0.17222222222222222
2 0.23333333333333334 0.3537037037037037 0.14351851851851852 0.14351851851851852
2 0.24259259259259258 0.18611111111111112 0.14351851851851852 0.14166666666666666