3 0.4388888888888889 0.6583333333333333 0.20185185185185187 0.20185185185185187
3 0.6574074074074074 0.6814814814814815 0.2064814814814815 0.19444444444444445
2 0.2351851851851852 0.5805555555555556 0.16574074074074074 0.16574074074074074
2 0.07407407407407407 0.5527777777777778 0.14814814814814814 0.16296296296296298
3 0.6981481481481482 0.5055555555555555 0.21388888888888888 0.20185185185185187
3 0.4583333333333333 0.47129629629629627 0.20833333333333334 0.20833333333333334
2 0.07407407407407407 0.3861111111111111 0.14351851851851852 0.16296296296296298
2 0.2574074074074074 0.39814814814814814 0.175 0.17222222222222222
2 0.26481481481481484 0.22314814814814815 0.17777777777777778 0.1824074074074074
2 0.09814814814814815 0.19907407407407407 0.14814814814814814 0.17222222222222222
3 0.7675925925925926 0.25833333333333336 0.22592592592592592 0.2351851851851852
3 0.4666666666666667 0.22037037037037038 0.21851851851851853 0.22777777777777777
3 0.6305555555555555 0.8722222222222222 0.2037037037037037 0.17962962962962964
3 0.42592592592592593 0.8361111111111111 0.19444444444444445 0.1824074074074074
2 0.06851851851851852 0.7203703703703703 0.1361111111111111 0.15555555555555556
2 0.2222222222222222 0.7342592592592593 0.16018518518518518 0.15092592592592594