3 0.6583333333333333 0.5388888888888889 0.1962962962962963 0.17962962962962964
2 0.6518518518518519 0.24444444444444444 0.15555555555555556 0.14814814814814814
2 0.6157407407407407 0.38425925925925924 0.15555555555555556 0.14166666666666666
3 0.5694444444444444 0.6935185185185185 0.18703703703703703 0.18425925925925926
3 0.49444444444444446 0.2796296296296296 0.18981481481481483 0.19166666666666668
2 0.4824074074074074 0.8361111111111111 0.15555555555555556 0.15092592592592594
2 0.4675925925925926 0.4444444444444444 0.16018518518518518 0.14629629629629629
2 0.44351851851851853 0.5842592592592593 0.16018518518518518 0.14814814814814814
2 0.3925925925925926 0.7296296296296296 0.14629629629629629 0.1537037037037037
3 0.30648148148148147 0.2574074074074074 0.19907407407407407 0.1962962962962963
3 0.3037037037037037 0.44074074074074077 0.2037037037037037 0.18981481481481483
3 0.2574074074074074 0.625 0.19907407407407407 0.19907407407407407
3 0.8546296296296296 0.5472222222222223 0.18981481481481483 0.17962962962962964
3 0.774074074074074 0.38425925925925924 0.18981481481481483 0.18981481481481483
2 0.75 0.6731481481481482 0.15092592592592594 0.15555555555555556
2 0.6888888888888889 0.8009259259259259 0.14814814814814814 0.14351851851851852