3 0.612037037037037 0.6657407407407407 0.21388888888888888 0.19907407407407407
3 0.6296296296296297 0.8638888888888889 0.2111111111111111 0.2037037037037037
3 0.5435185185185185 0.25925925925925924 0.21851851851851853 0.22037037037037038
3 0.5648148148148148 0.47962962962962963 0.2037037037037037 0.2037037037037037
2 0.2916666666666667 0.24722222222222223 0.17962962962962964 0.17962962962962964
2 0.3074074074074074 0.487962962962963 0.17222222222222222 0.17222222222222222
2 0.34814814814814815 0.8592592592592593 0.17222222222222222 0.16296296296296298
2 0.3148148148148148 0.6851851851851852 0.17222222222222222 0.1675925925925926
2 0.08425925925925926 0.275 0.1675925925925926 0.17962962962962964
2 0.10555555555555556 0.49537037037037035 0.17222222222222222 0.17222222222222222
2 0.12962962962962962 0.6972222222222222 0.17222222222222222 0.1675925925925926
2 0.14074074074074075 0.9 0.175 0.1824074074074074
3 0.8009259259259259 0.45092592592592595 0.22592592592592592 0.2111111111111111
3 0.7657407407407407 0.22592592592592592 0.22314814814814815 0.22777777777777777
3 0.8472222222222222 0.8314814814814815 0.2064814814814815 0.20185185185185187
3 0.8064814814814815 0.6546296296296297 0.21574074074074073 0.2037037037037037