2 0.8111111111111111 0.5981481481481481 0.16296296296296298 0.15092592592592594
3 0.4648148148148148 0.6305555555555555 0.2037037037037037 0.2037037037037037
3 0.6333333333333333 0.5675925925925925 0.19444444444444445 0.20185185185185187
2 0.3074074074074074 0.5592592592592592 0.16574074074074074 0.15555555555555556
2 0.8305555555555556 0.4666666666666667 0.1537037037037037 0.15092592592592594
2 0.4305555555555556 0.48055555555555557 0.16018518518518518 0.16018518518518518
3 0.6944444444444444 0.4 0.1962962962962963 0.2064814814814815
2 0.31296296296296294 0.38796296296296295 0.16296296296296298 0.19166666666666668
3 0.5268518518518519 0.3453703703703704 0.1962962962962963 0.2111111111111111
2 0.6898148148148148 0.23333333333333334 0.16296296296296298 0.17777777777777778
2 0.19444444444444445 0.28703703703703703 0.175 0.1824074074074074
3 0.37777777777777777 0.23425925925925925 0.2111111111111111 0.22314814814814815
3 0.5564814814814815 0.1361111111111111 0.2111111111111111 0.22314814814814815
2 0.5481481481481482 0.7620370370370371 0.1537037037037037 0.15092592592592594
3 0.6972222222222222 0.7287037037037037 0.19444444444444445 0.18425925925925926
3 0.30648148148148147 0.7212962962962963 0.2064814814814815 0.1962962962962963