3 0.7768518518518519 0.36018518518518516 0.22037037037037038 0.21851851851851853
2 0.16666666666666666 0.4722222222222222 0.18425925925925926 0.19444444444444445
3 0.5444444444444444 0.42777777777777776 0.21574074074074073 0.22037037037037038
2 0.36018518518518516 0.45555555555555555 0.18425925925925926 0.17037037037037037
3 0.8194444444444444 0.5453703703703704 0.22037037037037038 0.21574074074074073
2 0.1962962962962963 0.6777777777777778 0.18425925925925926 0.17962962962962964
3 0.6083333333333333 0.6203703703703703 0.21388888888888888 0.21574074074074073
2 0.3787037037037037 0.6685185185185185 0.17777777777777778 0.175
3 0.8601851851851852 0.8064814814814815 0.2111111111111111 0.22592592592592592
3 0.65 0.8462962962962963 0.2111111111111111 0.22592592592592592
2 0.41574074074074074 0.8833333333333333 0.17037037037037037 0.17777777777777778
2 0.23055555555555557 0.9083333333333333 0.1675925925925926 0.17962962962962964
3 0.5203703703703704 0.1824074074074074 0.22314814814814815 0.23055555555555557
3 0.7546296296296297 0.16018518518518518 0.22314814814814815 0.22314814814814815
2 0.3277777777777778 0.26296296296296295 0.18703703703703703 0.18425925925925926
2 0.14166666666666666 0.30092592592592593 0.17962962962962964 0.18425925925925926