3 0.6648148148148149 0.34629629629629627 0.20185185185185187 0.21388888888888888
2 0.8305555555555556 0.4462962962962963 0.17777777777777778 0.17777777777777778
2 0.3787037037037037 0.4185185185185185 0.1537037037037037 0.16018518518518518
3 0.21296296296296297 0.42777777777777776 0.1962962962962963 0.20185185185185187
3 0.5296296296296297 0.4703703703703704 0.20833333333333334 0.20185185185185187
3 0.5324074074074074 0.475 0.20185185185185187 0.21388888888888888
2 0.6981481481481482 0.5231481481481481 0.1824074074074074 0.17222222222222222
3 0.36018518518518516 0.5833333333333334 0.21388888888888888 0.21388888888888888
2 0.1935185185185185 0.5935185185185186 0.15833333333333333 0.1675925925925926
2 0.5231481481481481 0.6453703703703704 0.17777777777777778 0.17777777777777778
3 0.6962962962962963 0.6925925925925925 0.21574074074074073 0.22314814814814815
3 0.5212962962962963 0.825925925925926 0.22777777777777777 0.23055555555555557
2 0.4787037037037037 0.1425925925925926 0.1537037037037037 0.14814814814814814
3 0.6416666666666667 0.1648148148148148 0.20833333333333334 0.19166666666666668
2 0.8240740740740741 0.2935185185185185 0.16296296296296298 0.15833333333333333
3 0.48055555555555557 0.29444444444444445 0.19444444444444445 0.18981481481481483
2 0.3138888888888889 0.29074074074074074 0.15555555555555556 0.15833333333333333