3 0.7138888888888889 0.4203703703703704 0.20185185185185187 0.19907407407407407
3 0.7101851851851851 0.1787037037037037 0.2064814814814815 0.2064814814814815
2 0.6972222222222222 0.6694444444444444 0.1675925925925926 0.16018518518518518
2 0.6861111111111111 0.8472222222222222 0.1675925925925926 0.1675925925925926
3 0.5092592592592593 0.4027777777777778 0.2064814814814815 0.2064814814814815
3 0.4824074074074074 0.1648148148148148 0.2111111111111111 0.2064814814814815
2 0.4759259259259259 0.65 0.17222222222222222 0.1675925925925926
2 0.4527777777777778 0.8361111111111111 0.17222222222222222 0.17222222222222222
3 0.24444444444444444 0.10555555555555556 0.21851851851851853 0.2111111111111111
3 0.24166666666666667 0.38333333333333336 0.22592592592592592 0.2111111111111111
2 0.2101851851851852 0.637962962962963 0.17777777777777778 0.17037037037037037
2 0.1787037037037037 0.8425925925925926 0.1824074074074074 0.17222222222222222
3 0.9120370370370371 0.4027777777777778 0.175 0.2037037037037037
3 0.9120370370370371 0.19814814814814816 0.175 0.19444444444444445
2 0.9046296296296297 0.6944444444444444 0.15833333333333333 0.15833333333333333
2 0.8870370370370371 0.8629629629629629 0.15833333333333333 0.15833333333333333