2 0.25 0.24444444444444444 0.13425925925925927 0.14351851851851852
2 0.29444444444444445 0.4703703703703704 0.12685185185185185 0.125
3 0.36018518518518516 0.6944444444444444 0.14814814814814814 0.14629629629629629
2 0.33611111111111114 0.36574074074074076 0.12685185185185185 0.12685185185185185
2 0.40370370370370373 0.5833333333333334 0.12222222222222222 0.1175925925925926
2 0.36666666666666664 0.24444444444444444 0.13425925925925927 0.13425925925925927
3 0.42685185185185187 0.4638888888888889 0.1537037037037037 0.1537037037037037
2 0.4787037037037037 0.7212962962962963 0.1175925925925926 0.11296296296296296
3 0.47129629629629627 0.3333333333333333 0.16018518518518518 0.16018518518518518
3 0.5407407407407407 0.5444444444444444 0.15092592592592594 0.15092592592592594
3 0.5842592592592593 0.6648148148148149 0.15092592592592594 0.1361111111111111
2 0.5657407407407408 0.2351851851851852 0.13425925925925927 0.1388888888888889
2 0.5981481481481481 0.4351851851851852 0.12685185185185185 0.125
3 0.6805555555555556 0.5555555555555556 0.15833333333333333 0.14814814814814814
3 0.6944444444444444 0.3435185185185185 0.17222222222222222 0.16018518518518518
3 0.2824074074074074 0.5879629629629629 0.16296296296296298 0.14629629629629629