2 0.17407407407407408 0.5509259259259259 0.18425925925925926 0.17222222222222222
3 0.5481481481481482 0.5981481481481481 0.22592592592592592 0.22592592592592592
3 0.3675925925925926 0.5231481481481481 0.21574074074074073 0.22314814814814815
2 0.7222222222222222 0.5268518518518519 0.18425925925925926 0.17777777777777778
2 0.15833333333333333 0.4074074074074074 0.175 0.17037037037037037
2 0.5925925925925926 0.4361111111111111 0.1824074074074074 0.1824074074074074
3 0.30648148148148147 0.3388888888888889 0.22037037037037038 0.22777777777777777
2 0.725 0.3425925925925926 0.18703703703703703 0.21388888888888888
3 0.4925925925925926 0.2861111111111111 0.22037037037037038 0.2324074074074074
2 0.3194444444444444 0.15833333333333333 0.1824074074074074 0.19444444444444445
2 0.8546296296296296 0.23425925925925925 0.19444444444444445 0.2037037037037037
3 0.6583333333333333 0.17037037037037037 0.2351851851851852 0.24722222222222223
3 0.4648148148148148 0.08981481481481482 0.22777777777777777 0.17962962962962964
2 0.4546296296296296 0.737037037037037 0.175 0.16574074074074074
3 0.2916666666666667 0.6972222222222222 0.21851851851851853 0.20833333333333334
3 0.7175925925925926 0.7027777777777777 0.22777777777777777 0.22037037037037038