2 0.8018518518518518 0.6638888888888889 0.14166666666666666 0.13148148148148148
1 0.47962962962962963 0.6583333333333333 0.15555555555555556 0.15555555555555556
2 0.25 0.6259259259259259 0.14166666666666666 0.1361111111111111
2 0.10925925925925926 0.6222222222222222 0.14166666666666666 0.13148148148148148
2 0.6851851851851852 0.5953703703703703 0.14166666666666666 0.14166666666666666
1 0.5555555555555556 0.5333333333333333 0.15833333333333333 0.15555555555555556
2 0.8194444444444444 0.524074074074074 0.15092592592592594 0.14629629629629629
2 0.4148148148148148 0.5287037037037037 0.14814814814814814 0.1361111111111111
1 0.275 0.4888888888888889 0.15555555555555556 0.15555555555555556
1 0.11944444444444445 0.4824074074074074 0.16574074074074074 0.16018518518518518
1 0.6898148148148148 0.44907407407407407 0.16574074074074074 0.15555555555555556
1 0.49722222222222223 0.38796296296296295 0.16574074074074074 0.16018518518518518
2 0.34814814814814815 0.3712962962962963 0.15092592592592594 0.14629629629629629
1 0.7824074074074074 0.3148148148148148 0.17222222222222222 0.16574074074074074
2 0.6277777777777778 0.30925925925925923 0.14629629629629629 0.15092592592592594
1 0.18981481481481483 0.30925925925925923 0.16574074074074074 0.17037037037037037
1 0.38055555555555554 0.2175925925925926 0.17037037037037037 0.17962962962962964
2 0.7018518518518518 0.17685185185185184 0.14629629629629629 0.16018518518518518
1 0.5416666666666666 0.17407407407407408 0.16296296296296298 0.17962962962962964
1 0.6305555555555555 0.875 0.14814814814814814 0.14166666666666666
2 0.37037037037037035 0.8416666666666667 0.1361111111111111 0.12222222222222222
1 0.5 0.8074074074074075 0.15092592592592594 0.14166666666666666
2 0.7379629629629629 0.7833333333333333 0.1361111111111111 0.12222222222222222
2 0.22962962962962963 0.7509259259259259 0.1361111111111111 0.12685185185185185
1 0.6166666666666667 0.7148148148148148 0.1537037037037037 0.15092592592592594
2 0.35462962962962963 0.7129629629629629 0.1361111111111111 0.13148148148148148