0 0.7171875 0.6296875 0.6921875 0.5890625 0.6671875 0.58125 0.6453125 0.5859375 0.6265625 0.5984375 0.6203125 0.6328125 0.6390625 0.659375 0.678125 0.665625 0.703125 0.6546875 0.7171875 0.6296875
0 0.6625 0.5140625 0.6890625 0.4953125 0.6953125 0.465625 0.6890625 0.45 0.6734375 0.4359375 0.6359375 0.43125 0.60625 0.446875 0.6 0.4828125 0.603125 0.4953125 0.6234375 0.5125 0.6625 0.5140625
0 0.7484375 0.6875 0.7828125 0.6921875 0.8203125 0.6734375 0.828125 0.6390625 0.815625 0.6203125 0.7953125 0.609375 0.759375 0.60625 0.7453125 0.6109375 0.728125 0.628125 0.725 0.65625 0.7328125 0.6734375 0.7484375 0.6875
0 0.5953125 0.2984375 0.6109375 0.3140625 0.6515625 0.321875 0.6671875 0.3171875 0.6875 0.3 0.6953125 0.26875 0.6875 0.2546875 0.6671875 0.2390625 0.6375 0.234375 0.609375 0.24375 0.596875 0.2546875 0.590625 0.28125 0.5953125 0.2984375
0 0.7828125 0.8859375 0.81875 0.8640625 0.825 0.8328125 0.81875 0.8203125 0.7984375 0.8046875 0.753125 0.8 0.725 0.8234375 0.7203125 0.85625 0.7265625 0.871875 0.7453125 0.8859375 0.7828125 0.8859375
0 0.4796875 0.3453125 0.503125 0.353125 0.521875 0.3515625 0.5421875 0.3421875 0.5546875 0.328125 0.559375 0.2953125 0.5296875 0.2671875 0.4859375 0.265625 0.4546875 0.2875 0.45 0.3171875 0.4609375 0.3359375 0.4796875 0.3453125
0 0.5234375 0.7390625 0.5015625 0.70625 0.446875 0.7 0.4171875 0.7203125 0.4109375 0.734375 0.4109375 0.7625 0.4359375 0.7859375 0.48125 0.7875 0.515625 0.7671875 0.5234375 0.7390625
2 0.49375 0.621875 0.5046875 0.6359375 0.54375 0.6484375 0.5875 0.6375 0.603125 0.6203125 0.6078125 0.6 0.6 0.5796875 0.5859375 0.565625 0.5640625 0.55625 0.5359375 0.55625 0.4984375 0.578125 0.490625 0.6046875 0.49375 0.621875
2 0.64375 0.8203125 0.6859375 0.828125 0.7125 0.81875 0.7328125 0.8015625 0.740625 0.7703125 0.7140625 0.740625 0.671875 0.734375 0.6484375 0.7421875 0.63125 0.7578125 0.6234375 0.790625 0.628125 0.80625 0.64375 0.8203125
2 0.7328125 0.4921875 0.7625 0.503125 0.790625 0.503125 0.8234375 0.484375 0.8296875 0.446875 0.809375 0.4203125 0.7640625 0.4109375 0.728125 0.425 0.715625 0.440625 0.7125 0.4578125 0.7203125 0.48125 0.7328125 0.4921875
2 0.4015625 0.3609375 0.3953125 0.3890625 0.403125 0.4109375 0.421875 0.425 0.44375 0.4328125 0.4765625 0.4328125 0.5015625 0.4203125 0.5125 0.4078125 0.51875 0.3734375 0.50625 0.35625 0.4828125 0.34375 0.4609375 0.3359375 0.44375 0.3375 0.4203125 0.3453125 0.4015625 0.3609375
2 0.3328125 0.6421875 0.3421875 0.6640625 0.3546875 0.675 0.375 0.6828125 0.40625 0.6828125 0.4421875 0.6703125 0.4546875 0.6578125 0.4609375 0.6234375 0.4453125 0.6 0.4265625 0.5890625 0.3859375 0.5859375 0.3609375 0.59375 0.34375 0.6078125 0.3328125 0.6421875
1 0.65625 0.5453125 0.6609375 0.5640625 0.671875 0.5765625 0.7 0.590625 0.7265625 0.5921875 0.7703125 0.578125 0.784375 0.5609375 0.7875 0.5375 0.76875 0.503125 0.7375 0.490625 0.709375 0.4890625 0.6671875 0.5109375 0.659375 0.521875 0.65625 0.5453125
1 0.5109375 0.709375 0.521875 0.7328125 0.5375 0.746875 0.578125 0.75625 0.6234375 0.740625 0.640625 0.71875 0.64375 0.69375 0.6375 0.6765625 0.615625 0.6578125 0.565625 0.6515625 0.5359375 0.659375 0.5203125 0.671875 0.5109375 0.6875 0.5109375 0.709375
1 0.3734375 0.4921875 0.384375 0.515625 0.4 0.5296875 0.4234375 0.5390625 0.459375 0.540625 0.4921875 0.5296875 0.50625 0.5171875 0.5109375 0.4734375 0.50625 0.4609375 0.4859375 0.4421875 0.428125 0.4328125 0.4015625 0.4421875 0.38125 0.4578125 0.3734375 0.4921875