3 0.46875 0.384375 0.453125 0.3765625 0.4328125 0.3765625 0.4046875 0.384375 0.384375 0.4078125 0.3734375 0.4390625 0.3734375 0.465625 0.3796875 0.49375 0.4015625 0.5234375 0.43125 0.5375 0.4484375 0.5375 0.4734375 0.5234375 0.4984375 0.48125 0.5 0.4421875 0.4890625 0.4078125 0.46875 0.384375
3 0.746875 0.2890625 0.7328125 0.2578125 0.715625 0.240625 0.684375 0.2328125 0.6640625 0.2390625 0.640625 0.259375 0.6265625 0.284375 0.6203125 0.315625 0.621875 0.34375 0.634375 0.3734375 0.6515625 0.3890625 0.6765625 0.4 0.7078125 0.3953125 0.73125 0.375 0.74375 0.3546875 0.75 0.321875 0.746875 0.2890625
3 0.5296875 0.6046875 0.4875 0.596875 0.4703125 0.6046875 0.4515625 0.6265625 0.440625 0.65 0.440625 0.66875 0.45 0.703125 0.4625 0.7234375 0.48125 0.7375 0.5109375 0.740625 0.5390625 0.7203125 0.553125 0.696875 0.55625 0.65 0.5453125 0.621875 0.5296875 0.6046875
3 0.4375 0.5421875 0.4125 0.528125 0.3890625 0.5234375 0.365625 0.53125 0.3484375 0.55 0.3390625 0.575 0.3390625 0.6125 0.3578125 0.6578125 0.375 0.671875 0.3953125 0.675 0.4234375 0.665625 0.4421875 0.65 0.453125 0.628125 0.45625 0.5953125 0.4515625 0.565625 0.4375 0.5421875
1 0.290625 0.5640625 0.2703125 0.5640625 0.2546875 0.565625 0.234375 0.5828125 0.221875 0.6078125 0.2203125 0.634375 0.234375 0.678125 0.2609375 0.696875 0.2796875 0.7 0.2921875 0.696875 0.3109375 0.675 0.3234375 0.64375 0.325 0.6125 0.3015625 0.5703125 0.290625 0.5640625
1 0.34375 0.684375 0.328125 0.70625 0.325 0.7484375 0.3375 0.78125 0.3484375 0.79375 0.3640625 0.8015625 0.3890625 0.8015625 0.4078125 0.79375 0.4265625 0.7703125 0.428125 0.7140625 0.4046875 0.68125 0.3625 0.6734375 0.34375 0.684375
0 0.5609375 0.1453125 0.5265625 0.140625 0.5078125 0.1515625 0.49375 0.171875 0.4859375 0.2140625 0.490625 0.2359375 0.5046875 0.259375 0.521875 0.271875 0.5453125 0.275 0.565625 0.265625 0.5828125 0.246875 0.590625 0.225 0.590625 0.1953125 0.5828125 0.1703125 0.5609375 0.1453125
0 0.6265625 0.6375 0.628125 0.5875 0.6125 0.5625 0.575 0.55625 0.5453125 0.590625 0.5421875 0.6171875 0.5609375 0.653125 0.5984375 0.659375 0.6265625 0.6375
0 0.571875 0.534375 0.5875 0.546875 0.6109375 0.55 0.6359375 0.5375 0.65625 0.50625 0.6390625 0.453125 0.61875 0.440625 0.596875 0.440625 0.56875 0.4625 0.559375 0.496875 0.571875 0.534375
0 0.6453125 0.4546875 0.646875 0.475 0.6703125 0.509375 0.7078125 0.5125 0.7328125 0.4859375 0.740625 0.4453125 0.73125 0.41875 0.7203125 0.4078125 0.7078125 0.4 0.6796875 0.3984375 0.653125 0.421875 0.6453125 0.4546875
2 0.65 0.5171875 0.634375 0.5375 0.628125 0.5515625 0.6265625 0.5875 0.64375 0.6203125 0.665625 0.63125 0.6796875 0.63125 0.7109375 0.6109375 0.7234375 0.5671875 0.709375 0.5234375 0.6953125 0.5125 0.66875 0.509375 0.65 0.5171875
2 0.7296875 0.7625 0.715625 0.7765625 0.7078125 0.821875 0.7171875 0.85 0.728125 0.8625 0.7578125 0.871875 0.790625 0.8515625 0.803125 0.828125 0.8046875 0.8 0.7875 0.765625 0.771875 0.75625 0.75 0.7546875 0.7296875 0.7625
2 0.2234375 0.4734375 0.2203125 0.5234375 0.23125 0.55 0.246875 0.565625 0.278125 0.5671875 0.3078125 0.546875 0.31875 0.50625 0.3046875 0.465625 0.28125 0.4484375 0.259375 0.4453125 0.2359375 0.45625 0.2234375 0.4734375
2 0.49375 0.5890625 0.534375 0.5984375 0.5671875 0.5578125 0.56875 0.5234375 0.5484375 0.4875 0.5140625 0.4796875 0.4953125 0.4875 0.478125 0.5109375 0.475 0.5578125 0.49375 0.5890625
2 0.3890625 0.2625 0.378125 0.2828125 0.3765625 0.3296875 0.390625 0.3640625 0.403125 0.3765625 0.4140625 0.3828125 0.4453125 0.38125 0.475 0.3484375 0.478125 0.296875 0.453125 0.253125 0.434375 0.24375 0.415625 0.24375 0.3890625 0.2625