3 0.53125 0.45625 0.553125 0.4609375 0.5734375 0.45625 0.59375 0.4375 0.6046875 0.4125 0.6046875 0.365625 0.59375 0.340625 0.575 0.321875 0.5546875 0.3125 0.5328125 0.3125 0.5015625 0.33125 0.4913042138888889 0.3655292925925926 0.4874789703703704 0.38274985648148147 0.5046875 0.4359375 0.53125 0.45625
3 0.8286458324074074 0.571875 0.8458333324074074 0.5828125 0.8692708324074074 0.584375 0.9020833324074075 0.565625 0.9145833324074074 0.5515625 0.9270833324074074 0.5046875 0.9130208324074074 0.4578125 0.8989583324074074 0.4375 0.8739583324074074 0.4234375 0.8552083324074075 0.421875 0.8255208324074074 0.4359375 0.8145833324074074 0.45 0.8020833324074074 0.4828125 0.8005208324074075 0.515625 0.8130208324074074 0.553125 0.8286458324074074 0.571875
3 0.370000162037037 0.7731552953703703 0.38721386851851847 0.7827222620370371 0.4120779027777778 0.7836789472222222 0.4417235481481482 0.7655017111111111 0.4560682138888889 0.7387141388888889 0.4682291675925926 0.7030400185185185 0.4619791675925926 0.6671025185185185 0.4494791675925926 0.6436650185185185 0.4182291675925926 0.6233525185185186 0.39635416759259257 0.6217900185185186 0.3713541675925926 0.6327275185185185 0.3510416675925926 0.6561650185185185 0.3403546231481481 0.6937493435185185 0.34609238425925926 0.7320172925925925 0.3556554953703704 0.7597615222222223 0.370000162037037 0.7731552953703703
3 0.33936805648148144 0.5755133518518519 0.34510592314814814 0.5889071231481481 0.35849417314814813 0.5984741046296297 0.35849417314814813 0.6013441722222221 0.3623193638888889 0.6070843342592592 0.3737952027777778 0.6109111527777777 0.39579035925925926 0.61856475 0.4158727861111111 0.612824575 0.4321301814814815 0.6032575953703704 0.44551843148148146 0.5841236342592593 0.4535220481481481 0.5613034268518519 0.45639087500000003 0.5316458138888889 0.4479166675925926 0.4963541675925926 0.43541666759259257 0.4807291675925926 0.41197916759259257 0.4697916675925926 0.38072916759259257 0.4760416675925926 0.35729166759259257 0.49791666759259257 0.3401041675925926 0.5416666675925926 0.33649912314814817 0.5611628546296297 0.33936805648148144 0.5755133518518519
2 0.7880208324074074 0.6432291675925926 0.8052083324074074 0.6369791675925925 0.8161458324074075 0.6244791675925926 0.8270833324074074 0.5979166675925925 0.8286458324074074 0.5729166675925926 0.8114583324074074 0.5307291675925926 0.7848958324074075 0.5104166675925926 0.7661458324074074 0.5088541675925926 0.7380208324074075 0.5260416675925926 0.7239583324074074 0.5557291675925926 0.7239583324074074 0.5744791675925925 0.7458333324074075 0.6260416675925926 0.7677083324074074 0.6416666675925926 0.7880208324074074 0.6432291675925926
2 0.6307291675925926 0.7354166675925926 0.6541666675925926 0.7213541675925926 0.6666666675925926 0.6994791675925925 0.6697916675925926 0.6572916675925926 0.6541666675925926 0.6182291675925926 0.6416666675925926 0.6057291675925925 0.6088541675925926 0.5947916675925926 0.5885416675925926 0.6026041675925926 0.5729166675925926 0.6182291675925926 0.5619791675925926 0.6666666675925926 0.5697916675925926 0.6979166675925926 0.5854166675925926 0.7213541675925926 0.6088541675925926 0.7354166675925926 0.6307291675925926 0.7354166675925926
2 0.6583333324074074 0.5104166675925926 0.6630208324074074 0.4651041675925926 0.6442708324074075 0.4229166675925926 0.6239583324074074 0.4135416675925926 0.6067708324074074 0.4135416675925926 0.5739583324074075 0.4463541675925926 0.5708333324074074 0.4932291675925926 0.5895833324074075 0.5291666675925926 0.6083333324074074 0.5385416675925926 0.6270833324074074 0.5385416675925926 0.6411458324074074 0.5322916675925926 0.6583333324074074 0.5104166675925926
2 0.543092525 0.7310605935185185 0.5545682574074075 0.7167100972222222 0.5677083324074074 0.6682291675925925 0.5489583324074074 0.6260416675925926 0.5380208324074074 0.6151041675925926 0.5067708324074074 0.6119791675925926 0.487626375 0.6306072981481482 0.4739583324074074 0.6572916675925926 0.47083333240740743 0.6963541675925926 0.47864583240740743 0.7197916675925926 0.49427083240740743 0.7369791675925926 0.5277915472222222 0.7377574546296296 0.543092525 0.7310605935185185
2 0.7234375 0.5651041675925926 0.7171875 0.5432291675925925 0.6984375 0.5197916675925925 0.6625 0.5151041675925926 0.6328125 0.5447916675925926 0.6296875 0.5932291675925926 0.653125 0.6354166675925926 0.6828125 0.6432291675925926 0.7015625 0.6354166675925926 0.7171875 0.6166666675925926 0.7234375 0.5651041675925926
2 0.23125 0.503125 0.259375 0.49375 0.26875 0.484375 0.2765625 0.4625 0.278125 0.428125 0.271875 0.4046875 0.25625 0.3875 0.2453125 0.38125 0.2140625 0.38125 0.1859375 0.41875 0.1828125 0.45625 0.1921875 0.484375 0.203125 0.496875 0.23125 0.503125
2 0.4272313175925926 0.3904034935185185 0.4406196203703704 0.36839941296296297 0.4434886592592593 0.3282181472222222 0.4243624370370371 0.2956904138888889 0.3890625 0.2927083324074074 0.371875 0.3020833324074074 0.3625 0.3161458324074074 0.3578125 0.36145833240740743 0.3631584203703704 0.3798798157407407 0.3755906231481482 0.3942302861111111 0.39089154814814814 0.4028405685185185 0.4090614592592593 0.4028405685185185 0.4272313175925926 0.3904034935185185
2 0.0984375 0.7375 0.1203125 0.73125 0.134375 0.7171875 0.1515625 0.675 0.15 0.64375 0.1421875 0.625 0.128125 0.6109375 0.10625 0.60625 0.0890625 0.609375 0.06875 0.6265625 0.0515625 0.6734375 0.0625 0.7171875 0.078125 0.7328125 0.0984375 0.7375
2 0.1697916675925926 0.5921875 0.1854166675925926 0.571875 0.1916666675925926 0.5203125 0.1776041675925926 0.4875 0.1635416675925926 0.478125 0.1369791675925926 0.4765625 0.1229166675925926 0.4828125 0.10104166759259259 0.509375 0.0947916675925926 0.5515625 0.0994791675925926 0.571875 0.11354166759259259 0.59375 0.1557291675925926 0.5984375 0.1697916675925926 0.5921875
2 0.2515625 0.6177083324074074 0.265625 0.6036458324074074 0.2796875 0.5723958324074074 0.2765625 0.5286458324074074 0.2671875 0.5130208324074074 0.25 0.5036458324074075 0.2078125 0.5114583324074075 0.1890625 0.5536458324074074 0.1890625 0.5770833324074074 0.2015625 0.6067708324074074 0.2171875 0.6192708324074074 0.2359375 0.6223958324074074 0.2515625 0.6177083324074074
2 0.1042524638888889 0.39565411759259256 0.1046875 0.4088541675925926 0.1310288564814815 0.42244166203703704 0.15206780648148147 0.4195715685185185 0.16928151203703704 0.41383143240740744 0.17980093425925928 0.3966108685185185 0.18840773425925927 0.37843355185185185 0.1903203564814815 0.3621697388888889 0.18553858888888888 0.34207907962962963 0.178125 0.3229166675925926 0.1671875 0.3135416675925926 0.14441752962962964 0.3152915861111111 0.11875 0.3244791675925926 0.109375 0.3385416675925926 0.1015625 0.35729166759259257 0.09851459722222222 0.37747690740740736 0.1042524638888889 0.39565411759259256
2 0.08977091111111112 0.38895728425925924 0.09455246759259259 0.37843355185185185 0.1 0.3515625 0.1078125 0.3390625 0.1 0.303125 0.0734375 0.2859375 0.0390625 0.2953125 0.0171875 0.3375 0.01875 0.365625 0.03430486759259259 0.39278402314814814 0.04864953425925926 0.4004376074074074 0.05916895648148148 0.40235105648148145 0.08977091111111112 0.38895728425925924
0 0.6942708324074074 0.3510416675925926 0.6630208324074074 0.3166666675925926 0.6317708324074074 0.3244791675925926 0.6114583324074074 0.3619791675925926 0.6114583324074074 0.3901041675925926 0.6192708324074074 0.4104166675925926 0.6317708324074074 0.4260416675925926 0.6505208324074074 0.4322916675925926 0.6802083324074074 0.41979166759259257 0.6989583324074075 0.3901041675925926 0.6942708324074074 0.3510416675925926
0 0.7890625 0.47083333240740743 0.790625 0.4302083324074074 0.775 0.3973958324074074 0.753125 0.38489583240740743 0.7375 0.3833333324074074 0.721875 0.39270833240740743 0.709375 0.4098958324074074 0.7 0.4583333324074074 0.725 0.4958333324074074 0.759375 0.5036458324074075 0.7765625 0.4911458324074074 0.7890625 0.47083333240740743
0 0.35084379074074074 0.5104578842592593 0.3619791675925926 0.4624149777777778 0.3479166675925926 0.4358524777777778 0.31822916759259257 0.4217899777777778 0.28697916759259257 0.4327274777777778 0.27135416759259257 0.4733524777777778 0.27135416759259257 0.5046024777777778 0.2953777472222222 0.5228949574074073 0.3020719231481482 0.5295917925925926 0.32406702685185185 0.5295917925925926 0.33649912314814817 0.5267217500000001 0.35084379074074074 0.5104578842592593
2 0.7307291675925925 0.3911458324074074 0.7541666675925925 0.3942708324074074 0.7713541675925926 0.3895833324074074 0.7901041675925926 0.3708333324074074 0.7979166675925926 0.3317708324074074 0.7932291675925925 0.3052083324074074 0.7822916675925926 0.29114583240740743 0.7651041675925926 0.2786458324074074 0.7432291675925926 0.27552083240740743 0.7229166675925925 0.2817708324074074 0.7057291675925926 0.2973958324074074 0.6979166675925926 0.3333333324074074 0.7041666675925926 0.36145833240740743 0.7151041675925925 0.37708333240740743 0.7307291675925925 0.3911458324074074
1 0.70625 0.275 0.7265625 0.278125 0.7640625 0.2703125 0.775 0.259375 0.784375 0.234375 0.7828125 0.1984375 0.775 0.18125 0.75625 0.1625 0.734375 0.1546875 0.703125 0.1625 0.6859375 0.18125 0.6796875 0.2046875 0.68125 0.2390625 0.690625 0.259375 0.70625 0.275
2 0.65625 0.2921875 0.6484375 0.2484375 0.621875 0.2234375 0.5875 0.228125 0.5734375 0.24375 0.565625 0.265625 0.565625 0.296875 0.5734375 0.315625 0.590625 0.3296875 0.609375 0.334375 0.640625 0.3203125 0.65625 0.2921875
1 0.3765625 0.190625 0.359375 0.1703125 0.3375 0.1640625 0.3203125 0.1671875 0.2890625 0.196875 0.2828125 0.2421875 0.309375 0.278125 0.3265625 0.2828125 0.3515625 0.2796875 0.3703125 0.265625 0.378125 0.2484375 0.38125 0.2078125 0.3765625 0.190625
3 0.5640625 0.4640625 0.521875 0.446875 0.490625 0.45625 0.46875 0.478125 0.4609375 0.5046875 0.4609375 0.553125 0.4734375 0.5796875 0.49375 0.6015625 0.53125 0.60625 0.55 0.6 0.5703125 0.5703125 0.575 0.515625 0.5640625 0.4640625
2 0.2703125 0.2796875 0.2421875 0.2953125 0.2296875 0.3234375 0.228125 0.35 0.2453125 0.384375 0.259375 0.390625 0.2859375 0.3890625 0.309375 0.3703125 0.31875 0.3515625 0.3171875 0.3109375 0.3 0.2859375 0.2703125 0.2796875
2 0.4796875 0.2265625 0.4703125 0.2484375 0.4703125 0.2765625 0.4890625 0.309375 0.521875 0.3171875 0.5484375 0.3078125 0.559375 0.2875 0.559375 0.246875 0.5375 0.2140625 0.503125 0.2109375 0.4796875 0.2265625