3 0.46875 0.54375 0.446875 0.5390625 0.4265625 0.54375 0.40625 0.5625 0.3953125 0.5875 0.3953125 0.634375 0.40625 0.659375 0.425 0.678125 0.4453125 0.6875 0.4671875 0.6875 0.4984375 0.66875 0.5171875 0.6390625 0.51875 0.615625 0.4953125 0.5640625 0.46875 0.54375
3 0.1713541675925926 0.428125 0.1541666675925926 0.4171875 0.1307291675925926 0.415625 0.09791666759259259 0.434375 0.08541666759259259 0.4484375 0.07291666759259259 0.4953125 0.0869791675925926 0.5421875 0.10104166759259259 0.5625 0.12604166759259258 0.5765625 0.1447916675925926 0.578125 0.17447916759259258 0.5640625 0.1854166675925926 0.55 0.19791666759259258 0.5171875 0.1994791675925926 0.484375 0.1869791675925926 0.446875 0.1713541675925926 0.428125
3 0.5005208324074074 0.384375 0.4723958324074074 0.38125 0.4536458324074074 0.390625 0.4348958324074074 0.4109375 0.4208333324074074 0.4515625 0.4208333324074074 0.4828125 0.4458333324074074 0.5375 0.4661458324074074 0.5484375 0.49427083240740743 0.55 0.5130208324074074 0.5421875 0.5302083324074074 0.525 0.5473958324074074 0.4859375 0.5489583324074074 0.4609375 0.5317708324074074 0.409375 0.5005208324074074 0.384375
3 0.6333333324074074 0.2166666675925926 0.6177083324074074 0.20572916759259258 0.5848958324074074 0.20416666759259258 0.5505208324074075 0.22916666759259258 0.5348958324074075 0.2619791675925926 0.5317708324074074 0.2979166675925926 0.5380208324074074 0.33385416759259257 0.5505208324074075 0.35729166759259257 0.5817708324074075 0.3776041675925926 0.6036458324074074 0.3791666675925926 0.6286458324074075 0.3682291675925926 0.6489583324074074 0.3447916675925926 0.6630208324074074 0.3041666675925926 0.6630208324074074 0.2697916675925926 0.6520833324074075 0.2385416675925926 0.6333333324074074 0.2166666675925926
3 0.5520833324074074 0.5036458324074075 0.5645833324074074 0.5192708324074075 0.5880208324074074 0.5302083324074074 0.6192708324074074 0.5239583324074074 0.6427083324074074 0.5020833324074074 0.6598958324074075 0.4583333324074074 0.6411458324074074 0.4052083324074074 0.6020833324074074 0.37708333240740743 0.5755208324074074 0.3864583324074074 0.5427083324074075 0.4348958324074074 0.5520833324074074 0.5036458324074075
1 0.6390625 0.71875 0.621875 0.746875 0.6140625 0.7765625 0.615625 0.8 0.6375 0.834375 0.6703125 0.8421875 0.69375 0.83125 0.7109375 0.80625 0.7140625 0.7546875 0.7078125 0.734375 0.69375 0.7171875 0.6546875 0.7109375 0.6390625 0.71875
2 0.21197916759259258 0.3567708324074074 0.1947916675925926 0.3630208324074074 0.1838541675925926 0.3755208324074074 0.17291666759259258 0.4020833324074074 0.1713541675925926 0.4270833324074074 0.18854166759259258 0.4692708324074074 0.2151041675925926 0.4895833324074074 0.2338541675925926 0.4911458324074074 0.2619791675925926 0.4739583324074074 0.2760416675925926 0.4442708324074074 0.2760416675925926 0.4255208324074074 0.2541666675925926 0.3739583324074074 0.2322916675925926 0.3583333324074074 0.21197916759259258 0.3567708324074074
2 0.36927083240740743 0.2645833324074074 0.34583333240740743 0.2786458324074074 0.3333333324074074 0.3005208324074074 0.33020833240740743 0.3427083324074074 0.34583333240740743 0.3817708324074074 0.3583333324074074 0.3942708324074074 0.3911458324074074 0.4052083324074074 0.4114583324074074 0.3973958324074074 0.4270833324074074 0.3817708324074074 0.4380208324074074 0.3333333324074074 0.4302083324074074 0.3020833324074074 0.4145833324074074 0.2786458324074074 0.3911458324074074 0.2645833324074074 0.36927083240740743 0.2645833324074074
2 0.34166666759259257 0.4895833324074074 0.3369791675925926 0.5348958324074075 0.3557291675925926 0.5770833324074074 0.3760416675925926 0.5864583324074074 0.3932291675925926 0.5864583324074074 0.4260416675925926 0.5536458324074074 0.4291666675925926 0.5067708324074074 0.4104166675925926 0.47083333240740743 0.3916666675925926 0.4614583324074074 0.37291666759259257 0.4614583324074074 0.3588541675925926 0.4677083324074074 0.34166666759259257 0.4895833324074074
2 0.4385416675925926 0.2817708324074074 0.4322916675925926 0.3317708324074074 0.45104166759259257 0.3739583324074074 0.4619791675925926 0.38489583240740743 0.4932291675925926 0.3880208324074074 0.5260416675925926 0.3427083324074074 0.5291666675925926 0.3036458324074074 0.5213541675925926 0.2802083324074074 0.5057291675925926 0.2630208324074074 0.4682291675925926 0.2552083324074074 0.4526041675925926 0.2630208324074074 0.4385416675925926 0.2817708324074074
2 0.2765625 0.4348958324074074 0.2828125 0.4567708324074074 0.3015625 0.4802083324074074 0.3375 0.4848958324074074 0.3671875 0.45520833240740743 0.3703125 0.4067708324074074 0.346875 0.3645833324074074 0.3171875 0.3567708324074074 0.2984375 0.3645833324074074 0.2828125 0.3833333324074074 0.2765625 0.4348958324074074
2 0.76875 0.496875 0.740625 0.50625 0.73125 0.515625 0.7234375 0.5375 0.721875 0.571875 0.728125 0.5953125 0.74375 0.6125 0.7546875 0.61875 0.7859375 0.61875 0.8140625 0.58125 0.8171875 0.54375 0.8078125 0.515625 0.796875 0.503125 0.76875 0.496875
2 0.4734375 0.6739583324074074 0.453125 0.6848958324074074 0.440625 0.7005208324074074 0.434375 0.7177083324074074 0.4359375 0.7473958324074074 0.44375 0.7692708324074075 0.45625 0.7817708324074074 0.46875 0.7895833324074074 0.4890625 0.7895833324074074 0.503125 0.7833333324074074 0.5234375 0.7567708324074074 0.525 0.7161458324074074 0.50625 0.6833333324074075 0.4734375 0.6739583324074074
2 0.5734375 0.7041666675925926 0.6109375 0.7072916675925925 0.628125 0.6979166675925926 0.6375 0.6838541675925925 0.6421875 0.6385416675925926 0.621875 0.6010416675925926 0.6078125 0.5932291675925926 0.5875 0.5932291675925926 0.5546875 0.6291666675925925 0.553125 0.6713541675925926 0.5734375 0.7041666675925926
2 0.721875 0.5885416675925926 0.696875 0.5994791675925926 0.675 0.6401041675925926 0.675 0.6807291675925926 0.684375 0.7057291675925926 0.69375 0.7197916675925926 0.7140625 0.7260416675925926 0.7390625 0.7213541675925926 0.759375 0.7057291675925926 0.7765625 0.6604166675925925 0.7734375 0.6338541675925926 0.759375 0.6057291675925925 0.7421875 0.5916666675925926 0.721875 0.5885416675925926
2 0.9015625 0.2625 0.8796875 0.26875 0.865625 0.2828125 0.8484375 0.325 0.85 0.35625 0.8578125 0.375 0.871875 0.3890625 0.89375 0.39375 0.9109375 0.390625 0.93125 0.3734375 0.9484375 0.3265625 0.9375 0.2828125 0.921875 0.2671875 0.9015625 0.2625
2 0.8302083324074074 0.4078125 0.8145833324074074 0.428125 0.8083333324074075 0.4796875 0.8223958324074074 0.5125 0.8364583324074074 0.521875 0.8630208324074075 0.5234375 0.8770833324074074 0.5171875 0.8989583324074074 0.490625 0.9052083324074074 0.4484375 0.9005208324074074 0.428125 0.8864583324074075 0.40625 0.8442708324074074 0.4015625 0.8302083324074074 0.4078125
2 0.7484375 0.3822916675925926 0.734375 0.39635416759259257 0.7203125 0.42760416759259257 0.7234375 0.4713541675925926 0.7328125 0.4869791675925926 0.75 0.4963541675925926 0.7921875 0.4885416675925926 0.8109375 0.4463541675925926 0.8109375 0.4229166675925926 0.7984375 0.3932291675925926 0.7828125 0.38072916759259257 0.7640625 0.3776041675925926 0.7484375 0.3822916675925926
2 0.8421875 0.5692708324074074 0.825 0.5802083324074074 0.8140625 0.6005208324074074 0.8078125 0.6364583324074075 0.821875 0.6770833324074074 0.8328125 0.6864583324074074 0.853125 0.6895833324074074 0.88125 0.6755208324074075 0.890625 0.6614583324074074 0.8984375 0.6427083324074074 0.9 0.6036458324074074 0.8953125 0.5911458324074074 0.8703125 0.5708333324074074 0.8421875 0.5692708324074074
2 0.9 0.6484375 0.8921875 0.6609375 0.9 0.696875 0.9265625 0.7140625 0.9609375 0.7046875 0.9828125 0.6625 0.98125 0.634375 0.9671875 0.6046875 0.95 0.59375 0.934375 0.59375 0.9078125 0.6046875 0.9 0.6484375
0 0.8265625 0.5286458324074074 0.815625 0.5442708324074074 0.8078125 0.5645833324074074 0.8109375 0.5864583324074074 0.8328125 0.5770833324074074 0.8515625 0.5770833324074074 0.875 0.5989583324074074 0.8890625 0.6005208324074074 0.8953125 0.5677083324074074 0.890625 0.5442708324074074 0.875 0.5255208324074074 0.840625 0.5223958324074074 0.8265625 0.5286458324074074
0 0.3057291675925926 0.6489583324074074 0.3369791675925926 0.6833333324074075 0.3682291675925926 0.6755208324074075 0.38854166759259257 0.6380208324074074 0.38854166759259257 0.6098958324074074 0.38072916759259257 0.5895833324074075 0.3682291675925926 0.5739583324074075 0.34947916759259257 0.5677083324074074 0.3197916675925926 0.5802083324074074 0.3010416675925926 0.6098958324074074 0.3057291675925926 0.6489583324074074
0 0.2109375 0.5291666675925926 0.209375 0.5697916675925926 0.225 0.6026041675925926 0.246875 0.6151041675925926 0.2625 0.6166666675925926 0.278125 0.6072916675925926 0.290625 0.5901041675925925 0.3 0.5416666675925926 0.275 0.5041666675925925 0.240625 0.4963541675925926 0.2234375 0.5088541675925926 0.2109375 0.5291666675925926
0 0.6380208324074074 0.5385416675925926 0.6520833324074075 0.5651041675925926 0.6817708324074074 0.5791666675925926 0.7130208324074074 0.5682291675925926 0.7286458324074074 0.5276041675925925 0.7286458324074074 0.4963541675925926 0.7067708324074075 0.4651041675925926 0.6723958324074074 0.4604166675925926 0.6520833324074075 0.4713541675925926 0.6411458324074074 0.4885416675925926 0.6380208324074074 0.5385416675925926
2 0.2692708324074074 0.6088541675925926 0.2458333324074074 0.6057291675925925 0.2286458324074074 0.6104166675925926 0.20989583240740742 0.6291666675925925 0.20208333240740742 0.6682291675925925 0.2067708324074074 0.6947916675925926 0.21770833240740742 0.7088541675925926 0.2348958324074074 0.7213541675925926 0.2567708324074074 0.7244791675925926 0.2770833324074074 0.7182291675925926 0.2942708324074074 0.7026041675925926 0.3020833324074074 0.6666666675925926 0.2958333324074074 0.6385416675925926 0.2848958324074074 0.6229166675925926 0.2692708324074074 0.6088541675925926
1 0.29375 0.725 0.2734375 0.721875 0.2359375 0.7296875 0.225 0.740625 0.215625 0.765625 0.2171875 0.8015625 0.225 0.81875 0.24375 0.8375 0.265625 0.8453125 0.296875 0.8375 0.3140625 0.81875 0.3203125 0.7953125 0.31875 0.7609375 0.309375 0.740625 0.29375 0.725
2 0.34375 0.7078125 0.3515625 0.7515625 0.378125 0.7765625 0.4125 0.771875 0.4265625 0.75625 0.434375 0.734375 0.434375 0.703125 0.4265625 0.684375 0.409375 0.6703125 0.390625 0.665625 0.359375 0.6796875 0.34375 0.7078125