3 0.45625 0.46875 0.4609375 0.446875 0.45625 0.4265625 0.4375 0.40625 0.4125 0.3953125 0.365625 0.3953125 0.340625 0.40625 0.321875 0.425 0.3125 0.4453125 0.3125 0.4671875 0.33125 0.4984375 0.3609375 0.5171875 0.384375 0.51875 0.4359375 0.4953125 0.45625 0.46875
3 0.571875 0.1713541675925926 0.5828125 0.1541666675925926 0.584375 0.1307291675925926 0.565625 0.09791666759259259 0.5515625 0.08541666759259259 0.5046875 0.07291666759259259 0.4578125 0.0869791675925926 0.4375 0.10104166759259259 0.4234375 0.12604166759259258 0.421875 0.1447916675925926 0.4359375 0.17447916759259258 0.45 0.1854166675925926 0.4828125 0.19791666759259258 0.515625 0.1994791675925926 0.553125 0.1869791675925926 0.571875 0.1713541675925926
3 0.615625 0.5005208324074074 0.61875 0.4723958324074074 0.609375 0.4536458324074074 0.5890625 0.4348958324074074 0.5484375 0.4208333324074074 0.5171875 0.4208333324074074 0.4625 0.4458333324074074 0.4515625 0.4661458324074074 0.45 0.49427083240740743 0.4578125 0.5130208324074074 0.475 0.5302083324074074 0.5140625 0.5473958324074074 0.5390625 0.5489583324074074 0.590625 0.5317708324074074 0.615625 0.5005208324074074
3 0.7833333324074074 0.6333333324074074 0.7942708324074074 0.6177083324074074 0.7958333324074074 0.5848958324074074 0.7708333324074074 0.5505208324074075 0.7380208324074075 0.5348958324074075 0.7020833324074074 0.5317708324074074 0.6661458324074074 0.5380208324074074 0.6427083324074074 0.5505208324074075 0.6223958324074074 0.5817708324074075 0.6208333324074075 0.6036458324074074 0.6317708324074074 0.6286458324074075 0.6552083324074074 0.6489583324074074 0.6958333324074074 0.6630208324074074 0.7302083324074075 0.6630208324074074 0.7614583324074075 0.6520833324074075 0.7833333324074074 0.6333333324074074
3 0.4963541675925926 0.5520833324074074 0.4807291675925926 0.5645833324074074 0.4697916675925926 0.5880208324074074 0.4760416675925926 0.6192708324074074 0.49791666759259257 0.6427083324074074 0.5416666675925926 0.6598958324074075 0.5947916675925926 0.6411458324074074 0.6229166675925926 0.6020833324074074 0.6135416675925925 0.5755208324074074 0.5651041675925926 0.5427083324074075 0.4963541675925926 0.5520833324074074
1 0.28125 0.6390625 0.253125 0.621875 0.2234375 0.6140625 0.2 0.615625 0.165625 0.6375 0.1578125 0.6703125 0.16875 0.69375 0.19375 0.7109375 0.2453125 0.7140625 0.265625 0.7078125 0.2828125 0.69375 0.2890625 0.6546875 0.28125 0.6390625
2 0.6432291675925926 0.21197916759259258 0.6369791675925925 0.1947916675925926 0.6244791675925926 0.1838541675925926 0.5979166675925925 0.17291666759259258 0.5729166675925926 0.1713541675925926 0.5307291675925926 0.18854166759259258 0.5104166675925926 0.2151041675925926 0.5088541675925926 0.2338541675925926 0.5260416675925926 0.2619791675925926 0.5557291675925926 0.2760416675925926 0.5744791675925925 0.2760416675925926 0.6260416675925926 0.2541666675925926 0.6416666675925926 0.2322916675925926 0.6432291675925926 0.21197916759259258
2 0.7354166675925926 0.36927083240740743 0.7213541675925926 0.34583333240740743 0.6994791675925925 0.3333333324074074 0.6572916675925926 0.33020833240740743 0.6182291675925926 0.34583333240740743 0.6057291675925925 0.3583333324074074 0.5947916675925926 0.3911458324074074 0.6026041675925926 0.4114583324074074 0.6182291675925926 0.4270833324074074 0.6666666675925926 0.4380208324074074 0.6979166675925926 0.4302083324074074 0.7213541675925926 0.4145833324074074 0.7354166675925926 0.3911458324074074 0.7354166675925926 0.36927083240740743
2 0.5104166675925926 0.34166666759259257 0.4651041675925926 0.3369791675925926 0.4229166675925926 0.3557291675925926 0.4135416675925926 0.3760416675925926 0.4135416675925926 0.3932291675925926 0.4463541675925926 0.4260416675925926 0.4932291675925926 0.4291666675925926 0.5291666675925926 0.4104166675925926 0.5385416675925926 0.3916666675925926 0.5385416675925926 0.37291666759259257 0.5322916675925926 0.3588541675925926 0.5104166675925926 0.34166666759259257
2 0.7182291675925926 0.4385416675925926 0.6682291675925925 0.4322916675925926 0.6260416675925926 0.45104166759259257 0.6151041675925926 0.4619791675925926 0.6119791675925926 0.4932291675925926 0.6572916675925926 0.5260416675925926 0.6963541675925926 0.5291666675925926 0.7197916675925926 0.5213541675925926 0.7369791675925926 0.5057291675925926 0.7447916675925926 0.4682291675925926 0.7369791675925926 0.4526041675925926 0.7182291675925926 0.4385416675925926
2 0.5651041675925926 0.2765625 0.5432291675925925 0.2828125 0.5197916675925925 0.3015625 0.5151041675925926 0.3375 0.5447916675925926 0.3671875 0.5932291675925926 0.3703125 0.6354166675925926 0.346875 0.6432291675925926 0.3171875 0.6354166675925926 0.2984375 0.6166666675925926 0.2828125 0.5651041675925926 0.2765625
2 0.503125 0.76875 0.49375 0.740625 0.484375 0.73125 0.4625 0.7234375 0.428125 0.721875 0.4046875 0.728125 0.3875 0.74375 0.38125 0.7546875 0.38125 0.7859375 0.41875 0.8140625 0.45625 0.8171875 0.484375 0.8078125 0.496875 0.796875 0.503125 0.76875
2 0.32604166759259257 0.4734375 0.3151041675925926 0.453125 0.2994791675925926 0.440625 0.2822916675925926 0.434375 0.2526041675925926 0.4359375 0.2307291675925926 0.44375 0.2182291675925926 0.45625 0.2104166675925926 0.46875 0.2104166675925926 0.4890625 0.2166666675925926 0.503125 0.24322916759259258 0.5234375 0.2838541675925926 0.525 0.3166666675925926 0.50625 0.32604166759259257 0.4734375
2 0.2958333324074074 0.5734375 0.2927083324074074 0.6109375 0.3020833324074074 0.628125 0.3161458324074074 0.6375 0.36145833240740743 0.6421875 0.3989583324074074 0.621875 0.4067708324074074 0.6078125 0.4067708324074074 0.5875 0.3708333324074074 0.5546875 0.3286458324074074 0.553125 0.2958333324074074 0.5734375
2 0.4114583324074074 0.721875 0.40052083240740743 0.696875 0.3598958324074074 0.675 0.3192708324074074 0.675 0.2942708324074074 0.684375 0.2802083324074074 0.69375 0.2739583324074074 0.7140625 0.2786458324074074 0.7390625 0.2942708324074074 0.759375 0.3395833324074074 0.7765625 0.3661458324074074 0.7734375 0.3942708324074074 0.759375 0.40833333240740743 0.7421875 0.4114583324074074 0.721875
2 0.7375 0.9015625 0.73125 0.8796875 0.7171875 0.865625 0.675 0.8484375 0.64375 0.85 0.625 0.8578125 0.6109375 0.871875 0.60625 0.89375 0.609375 0.9109375 0.6265625 0.93125 0.6734375 0.9484375 0.7171875 0.9375 0.7328125 0.921875 0.7375 0.9015625
2 0.5921875 0.8302083324074074 0.571875 0.8145833324074074 0.5203125 0.8083333324074075 0.4875 0.8223958324074074 0.478125 0.8364583324074074 0.4765625 0.8630208324074075 0.4828125 0.8770833324074074 0.509375 0.8989583324074074 0.5515625 0.9052083324074074 0.571875 0.9005208324074074 0.59375 0.8864583324074075 0.5984375 0.8442708324074074 0.5921875 0.8302083324074074
2 0.6177083324074074 0.7484375 0.6036458324074074 0.734375 0.5723958324074074 0.7203125 0.5286458324074074 0.7234375 0.5130208324074074 0.7328125 0.5036458324074075 0.75 0.5114583324074075 0.7921875 0.5536458324074074 0.8109375 0.5770833324074074 0.8109375 0.6067708324074074 0.7984375 0.6192708324074074 0.7828125 0.6223958324074074 0.7640625 0.6177083324074074 0.7484375
2 0.4307291675925926 0.8421875 0.41979166759259257 0.825 0.3994791675925926 0.8140625 0.3635416675925926 0.8078125 0.3229166675925926 0.821875 0.3135416675925926 0.8328125 0.31041666759259257 0.853125 0.3244791675925926 0.88125 0.3385416675925926 0.890625 0.35729166759259257 0.8984375 0.39635416759259257 0.9 0.4088541675925926 0.8953125 0.4291666675925926 0.8703125 0.4307291675925926 0.8421875
2 0.3515625 0.9 0.3390625 0.8921875 0.303125 0.9 0.2859375 0.9265625 0.2953125 0.9609375 0.3375 0.9828125 0.365625 0.98125 0.3953125 0.9671875 0.40625 0.95 0.40625 0.934375 0.3953125 0.9078125 0.3515625 0.9
0 0.4713541675925926 0.8265625 0.4557291675925926 0.815625 0.43541666759259257 0.8078125 0.4135416675925926 0.8109375 0.4229166675925926 0.8328125 0.4229166675925926 0.8515625 0.4010416675925926 0.875 0.3994791675925926 0.8890625 0.4322916675925926 0.8953125 0.4557291675925926 0.890625 0.47447916759259257 0.875 0.4776041675925926 0.840625 0.4713541675925926 0.8265625
0 0.3510416675925926 0.3057291675925926 0.3166666675925926 0.3369791675925926 0.3244791675925926 0.3682291675925926 0.3619791675925926 0.38854166759259257 0.3901041675925926 0.38854166759259257 0.4104166675925926 0.38072916759259257 0.4260416675925926 0.3682291675925926 0.4322916675925926 0.34947916759259257 0.41979166759259257 0.3197916675925926 0.3901041675925926 0.3010416675925926 0.3510416675925926 0.3057291675925926
0 0.47083333240740743 0.2109375 0.4302083324074074 0.209375 0.3973958324074074 0.225 0.38489583240740743 0.246875 0.3833333324074074 0.2625 0.39270833240740743 0.278125 0.4098958324074074 0.290625 0.4583333324074074 0.3 0.4958333324074074 0.275 0.5036458324074075 0.240625 0.4911458324074074 0.2234375 0.47083333240740743 0.2109375
0 0.4614583324074074 0.6380208324074074 0.4348958324074074 0.6520833324074075 0.4208333324074074 0.6817708324074074 0.43177083240740743 0.7130208324074074 0.4723958324074074 0.7286458324074074 0.5036458324074075 0.7286458324074074 0.5348958324074075 0.7067708324074075 0.5395833324074074 0.6723958324074074 0.5286458324074074 0.6520833324074075 0.5114583324074075 0.6411458324074074 0.4614583324074074 0.6380208324074074
2 0.3911458324074074 0.2692708324074074 0.3942708324074074 0.2458333324074074 0.3895833324074074 0.2286458324074074 0.3708333324074074 0.20989583240740742 0.3317708324074074 0.20208333240740742 0.3052083324074074 0.2067708324074074 0.29114583240740743 0.21770833240740742 0.2786458324074074 0.2348958324074074 0.27552083240740743 0.2567708324074074 0.2817708324074074 0.2770833324074074 0.2973958324074074 0.2942708324074074 0.3333333324074074 0.3020833324074074 0.36145833240740743 0.2958333324074074 0.37708333240740743 0.2848958324074074 0.3911458324074074 0.2692708324074074
1 0.275 0.29375 0.278125 0.2734375 0.2703125 0.2359375 0.259375 0.225 0.234375 0.215625 0.1984375 0.2171875 0.18125 0.225 0.1625 0.24375 0.1546875 0.265625 0.1625 0.296875 0.18125 0.3140625 0.2046875 0.3203125 0.2390625 0.31875 0.259375 0.309375 0.275 0.29375
2 0.2921875 0.34375 0.2484375 0.3515625 0.2234375 0.378125 0.228125 0.4125 0.24375 0.4265625 0.265625 0.434375 0.296875 0.434375 0.315625 0.4265625 0.3296875 0.409375 0.334375 0.390625 0.3203125 0.359375 0.2921875 0.34375