2 0.6125 0.790625 0.621875 0.8109375 0.6421875 0.825 0.6921875 0.828125 0.7296875 0.8046875 0.7390625 0.7875 0.7390625 0.765625 0.7328125 0.75 0.715625 0.7328125 0.690625 0.725 0.6625 0.725 0.6359375 0.7375 0.6171875 0.75625 0.6125 0.790625
2 0.475 0.7421875 0.50625 0.7515625 0.5328125 0.7515625 0.565625 0.7328125 0.578125 0.696875 0.553125 0.6625 0.503125 0.6546875 0.471875 0.665625 0.4546875 0.68125 0.446875 0.7125 0.453125 0.725 0.475 0.7421875
2 0.5796875 0.65625 0.6109375 0.640625 0.6203125 0.603125 0.6 0.571875 0.55 0.5640625 0.5203125 0.5734375 0.503125 0.5890625 0.4984375 0.621875 0.50625 0.6375 0.525 0.6515625 0.5796875 0.65625
2 0.625 0.6078125 0.64375 0.6234375 0.6671875 0.63125 0.6921875 0.6296875 0.715625 0.621875 0.7328125 0.6078125 0.7390625 0.571875 0.71875 0.54375 0.671875 0.5359375 0.65 0.540625 0.628125 0.5546875 0.61875 0.5875 0.625 0.6078125
2 0.7255208324074074 0.4546875 0.7567708324074074 0.459375 0.7911458324074074 0.4484375 0.8083333324074075 0.425 0.8098958324074074 0.4078125 0.8020833324074074 0.3890625 0.7848958324074075 0.3734375 0.7411458324074074 0.3671875 0.7052083324074074 0.3796875 0.6927083324074074 0.4140625 0.6958333324074074 0.4265625 0.7255208324074074 0.4546875
2 0.5911458324074074 0.38072916759259257 0.6036458324074074 0.3916666675925926 0.6317708324074074 0.4010416675925926 0.6536458324074074 0.4010416675925926 0.6927083324074074 0.3760416675925926 0.6958333324074074 0.34947916759259257 0.6692708324074074 0.3151041675925926 0.6255208324074074 0.3072916675925926 0.6052083324074075 0.3135416675925926 0.5927083324074074 0.32604166759259257 0.5817708324074075 0.3447916675925926 0.5817708324074075 0.3604166675925926 0.5911458324074074 0.38072916759259257
2 0.7697916675925925 0.34375 0.7932291675925925 0.3359375 0.8104166675925926 0.321875 0.8151041675925926 0.290625 0.8072916675925926 0.271875 0.7838541675925926 0.253125 0.7432291675925926 0.2484375 0.7151041675925925 0.259375 0.7026041675925926 0.271875 0.6979166675925926 0.30625 0.7260416675925926 0.3375 0.7697916675925925 0.34375
2 0.6302083324074074 0.3052083324074074 0.6552083324074074 0.3052083324074074 0.6942708324074074 0.2880208324074074 0.7067708324074075 0.2661458324074074 0.7067708324074075 0.24739583240740742 0.6848958324074074 0.21770833240740742 0.6677083324074075 0.20833333240740742 0.6223958324074074 0.2067708324074074 0.5942708324074074 0.23177083240740742 0.5880208324074074 0.2661458324074074 0.6114583324074074 0.2958333324074074 0.6302083324074074 0.3052083324074074
2 0.725 0.1421875 0.7671875 0.146875 0.8015625 0.128125 0.8125 0.096875 0.803125 0.075 0.7890625 0.0625 0.7453125 0.0515625 0.703125 0.0671875 0.6921875 0.0875 0.6921875 0.103125 0.7015625 0.121875 0.725 0.1421875
2 0.2671875 0.2416666675925926 0.2609375 0.2729166675925926 0.2703125 0.2932291675925926 0.290625 0.31041666759259257 0.315625 0.3197916675925926 0.340625 0.3197916675925926 0.3828125 0.30260416759259257 0.396875 0.2822916675925926 0.3984375 0.2651041675925926 0.390625 0.24479166759259258 0.36875 0.2260416675925926 0.34375 0.2166666675925926 0.3171875 0.2151041675925926 0.284375 0.2260416675925926 0.2671875 0.2416666675925926
2 0.278125 0.4557291675925926 0.26875 0.4916666675925926 0.2765625 0.5104166675925926 0.2921875 0.5244791675925926 0.321875 0.5354166675925925 0.3484375 0.5354166675925925 0.38854166759259257 0.5125 0.390625 0.5041666675925925 0.3979166675925926 0.4947916675925926 0.396875 0.4916666675925926 0.3916666675925926 0.4635416675925926 0.37708333240740743 0.446875 0.328125 0.4307291675925926 0.3 0.4385416675925926 0.278125 0.4557291675925926
1 0.234375 0.646875 0.225 0.6875 0.23125 0.7078125 0.246875 0.7234375 0.2765625 0.7359375 0.315625 0.7359375 0.3640625 0.715625 0.378125 0.696875 0.384375 0.66875 0.3703125 0.6390625 0.346875 0.6234375 0.328125 0.6171875 0.290625 0.6171875 0.259375 0.6265625 0.234375 0.646875
1 0.3244791675925926 0.13802083240740742 0.3244791675925926 0.1567708324074074 0.33385416759259257 0.17864583240740742 0.3619791675925926 0.20052083240740742 0.3791666675925926 0.2067708324074074 0.4229166675925926 0.2067708324074074 0.45885416759259257 0.1895833324074074 0.4791666675925926 0.16145833240740742 0.4791666675925926 0.1489583324074074 0.4479166675925926 0.1083333324074074 0.4166666675925926 0.09427083240740741 0.3854166675925926 0.0927083324074074 0.3604166675925926 0.09895833240740741 0.3369791675925926 0.11458333240740741 0.3244791675925926 0.13802083240740742
3 0.5255208324074074 0.5083333324074074 0.5567708324074074 0.5302083324074074 0.6145833324074074 0.5333333324074074 0.6473958324074074 0.5208333324074074 0.6677083324074075 0.5036458324074075 0.6692708324074074 0.46302083240740743 0.6552083324074074 0.43958333240740743 0.6364583324074075 0.4255208324074074 0.5739583324074075 0.4208333324074074 0.5458333324074074 0.4302083324074074 0.5239583324074074 0.44739583240740743 0.5145833324074074 0.4848958324074074 0.5255208324074074 0.5083333324074074
3 0.4447916675925926 0.42395833240740743 0.4869791675925926 0.4411458324074074 0.5197916675925925 0.4411458324074074 0.5619791675925926 0.4255208324074074 0.5854166675925926 0.3973958324074074 0.5713541675925926 0.3520833324074074 0.5479166675925926 0.3317708324074074 0.5166666675925926 0.3208333324074074 0.4697916675925926 0.32239583240740743 0.4463541675925926 0.3348958324074074 0.4260416675925926 0.3583333324074074 0.4213541675925926 0.39270833240740743 0.4447916675925926 0.42395833240740743
3 0.4776041675925926 0.17708333240740742 0.5010416675925926 0.21614583240740742 0.5447916675925926 0.2380208324074074 0.5776041675925926 0.2380208324074074 0.6072916675925926 0.2270833324074074 0.6244791675925926 0.20989583240740742 0.6322916675925926 0.1895833324074074 0.6197916675925926 0.14583333240740742 0.5885416675925926 0.12239583240740741 0.5604166675925926 0.1161458324074074 0.5229166675925926 0.11770833240740741 0.49791666759259257 0.1286458324074074 0.48229166759259257 0.14583333240740742 0.4776041675925926 0.17708333240740742
0 0.4 0.771875 0.396875 0.790625 0.403125 0.8109375 0.4171875 0.8265625 0.440625 0.8359375 0.4671875 0.8359375 0.496875 0.8265625 0.5109375 0.815625 0.521875 0.796875 0.5234375 0.7796875 0.5046875 0.753125 0.4765625 0.740625 0.45 0.7390625 0.4125 0.75625 0.4 0.771875
0 0.3765625 0.66875 0.3875 0.678125 0.4015625 0.6859375 0.43125 0.6875 0.4625 0.678125 0.490625 0.6578125 0.490625 0.6265625 0.465625 0.596875 0.41875 0.5890625 0.390625 0.5984375 0.3765625 0.6109375 0.3671875 0.646875 0.3765625 0.66875
0 0.5255208324074074 0.4828125 0.4380208324074074 0.4765625 0.4098958324074074 0.509375 0.40833333240740743 0.5375 0.4223958324074074 0.55625 0.4442708324074074 0.5671875 0.49427083240740743 0.5640625 0.5208333324074074 0.5375 0.5255208324074074 0.4828125
3 0.840625 0.571875 0.871875 0.546875 0.875 0.5015625 0.8484375 0.471875 0.7921875 0.465625 0.771875 0.4734375 0.7546875 0.4890625 0.7453125 0.5140625 0.7484375 0.5359375 0.7578125 0.55625 0.7859375 0.5734375 0.8171875 0.5765625 0.840625 0.571875