2 0.209375 0.6125 0.1890625 0.621875 0.175 0.6421875 0.171875 0.6921875 0.1953125 0.7296875 0.2125 0.7390625 0.234375 0.7390625 0.25 0.7328125 0.2671875 0.715625 0.275 0.690625 0.275 0.6625 0.2625 0.6359375 0.24375 0.6171875 0.209375 0.6125
2 0.2578125 0.475 0.2484375 0.50625 0.2484375 0.5328125 0.2671875 0.565625 0.303125 0.578125 0.3375 0.553125 0.3453125 0.503125 0.334375 0.471875 0.31875 0.4546875 0.2875 0.446875 0.275 0.453125 0.2578125 0.475
2 0.34375 0.5796875 0.359375 0.6109375 0.396875 0.6203125 0.428125 0.6 0.4359375 0.55 0.4265625 0.5203125 0.4109375 0.503125 0.378125 0.4984375 0.3625 0.50625 0.3484375 0.525 0.34375 0.5796875
2 0.3921875 0.625 0.3765625 0.64375 0.36875 0.6671875 0.3703125 0.6921875 0.378125 0.715625 0.3921875 0.7328125 0.428125 0.7390625 0.45625 0.71875 0.4640625 0.671875 0.459375 0.65 0.4453125 0.628125 0.4125 0.61875 0.3921875 0.625
2 0.5453125 0.7255208324074074 0.540625 0.7567708324074074 0.5515625 0.7911458324074074 0.575 0.8083333324074075 0.5921875 0.8098958324074074 0.6109375 0.8020833324074074 0.6265625 0.7848958324074075 0.6328125 0.7411458324074074 0.6203125 0.7052083324074074 0.5859375 0.6927083324074074 0.5734375 0.6958333324074074 0.5453125 0.7255208324074074
2 0.6192708324074074 0.5911458324074074 0.6083333324074074 0.6036458324074074 0.5989583324074074 0.6317708324074074 0.5989583324074074 0.6536458324074074 0.6239583324074074 0.6927083324074074 0.6505208324074074 0.6958333324074074 0.6848958324074074 0.6692708324074074 0.6927083324074074 0.6255208324074074 0.6864583324074074 0.6052083324074075 0.6739583324074074 0.5927083324074074 0.6552083324074074 0.5817708324074075 0.6395833324074074 0.5817708324074075 0.6192708324074074 0.5911458324074074
2 0.65625 0.7697916675925925 0.6640625 0.7932291675925925 0.678125 0.8104166675925926 0.709375 0.8151041675925926 0.728125 0.8072916675925926 0.746875 0.7838541675925926 0.7515625 0.7432291675925926 0.740625 0.7151041675925925 0.728125 0.7026041675925926 0.69375 0.6979166675925926 0.6625 0.7260416675925926 0.65625 0.7697916675925925
2 0.6947916675925926 0.6302083324074074 0.6947916675925926 0.6552083324074074 0.7119791675925926 0.6942708324074074 0.7338541675925926 0.7067708324074075 0.7526041675925926 0.7067708324074075 0.7822916675925926 0.6848958324074074 0.7916666675925926 0.6677083324074075 0.7932291675925925 0.6223958324074074 0.7682291675925926 0.5942708324074074 0.7338541675925926 0.5880208324074074 0.7041666675925926 0.6114583324074074 0.6947916675925926 0.6302083324074074
2 0.8578125 0.725 0.853125 0.7671875 0.871875 0.8015625 0.903125 0.8125 0.925 0.803125 0.9375 0.7890625 0.9484375 0.7453125 0.9328125 0.703125 0.9125 0.6921875 0.896875 0.6921875 0.878125 0.7015625 0.8578125 0.725
2 0.7583333324074074 0.2671875 0.7270833324074074 0.2609375 0.7067708324074075 0.2703125 0.6895833324074074 0.290625 0.6802083324074074 0.315625 0.6802083324074074 0.340625 0.6973958324074074 0.3828125 0.7177083324074074 0.396875 0.7348958324074074 0.3984375 0.7552083324074074 0.390625 0.7739583324074074 0.36875 0.7833333324074074 0.34375 0.7848958324074075 0.3171875 0.7739583324074074 0.284375 0.7583333324074074 0.2671875
2 0.5442708324074074 0.278125 0.5083333324074074 0.26875 0.4895833324074074 0.2765625 0.4755208324074074 0.2921875 0.4645833324074074 0.321875 0.4645833324074074 0.3484375 0.4875 0.38854166759259257 0.4958333324074074 0.390625 0.5052083324074074 0.3979166675925926 0.5083333324074074 0.396875 0.5364583324074074 0.3916666675925926 0.553125 0.37708333240740743 0.5692708324074074 0.328125 0.5614583324074074 0.3 0.5442708324074074 0.278125
1 0.353125 0.234375 0.3125 0.225 0.2921875 0.23125 0.2765625 0.246875 0.2640625 0.2765625 0.2640625 0.315625 0.284375 0.3640625 0.303125 0.378125 0.33125 0.384375 0.3609375 0.3703125 0.3765625 0.346875 0.3828125 0.328125 0.3828125 0.290625 0.3734375 0.259375 0.353125 0.234375
1 0.8619791675925926 0.3244791675925926 0.8432291675925926 0.3244791675925926 0.8213541675925926 0.33385416759259257 0.7994791675925926 0.3619791675925926 0.7932291675925925 0.3791666675925926 0.7932291675925925 0.4229166675925926 0.8104166675925926 0.45885416759259257 0.8385416675925926 0.4791666675925926 0.8510416675925926 0.4791666675925926 0.8916666675925926 0.4479166675925926 0.9057291675925926 0.4166666675925926 0.9072916675925926 0.3854166675925926 0.9010416675925926 0.3604166675925926 0.8854166675925926 0.3369791675925926 0.8619791675925926 0.3244791675925926
3 0.4916666675925926 0.5255208324074074 0.4697916675925926 0.5567708324074074 0.46666666759259257 0.6145833324074074 0.4791666675925926 0.6473958324074074 0.4963541675925926 0.6677083324074075 0.5369791675925926 0.6692708324074074 0.5604166675925926 0.6552083324074074 0.5744791675925925 0.6364583324074075 0.5791666675925926 0.5739583324074075 0.5697916675925926 0.5458333324074074 0.5526041675925926 0.5239583324074074 0.5151041675925926 0.5145833324074074 0.4916666675925926 0.5255208324074074
3 0.5760416675925926 0.4447916675925926 0.5588541675925925 0.4869791675925926 0.5588541675925925 0.5197916675925925 0.5744791675925925 0.5619791675925926 0.6026041675925926 0.5854166675925926 0.6479166675925926 0.5713541675925926 0.6682291675925925 0.5479166675925926 0.6791666675925926 0.5166666675925926 0.6776041675925926 0.4697916675925926 0.6651041675925926 0.4463541675925926 0.6416666675925926 0.4260416675925926 0.6072916675925926 0.4213541675925926 0.5760416675925926 0.4447916675925926
3 0.8229166675925926 0.4776041675925926 0.7838541675925926 0.5010416675925926 0.7619791675925925 0.5447916675925926 0.7619791675925925 0.5776041675925926 0.7729166675925926 0.6072916675925926 0.7901041675925926 0.6244791675925926 0.8104166675925926 0.6322916675925926 0.8541666675925926 0.6197916675925926 0.8776041675925926 0.5885416675925926 0.8838541675925926 0.5604166675925926 0.8822916675925926 0.5229166675925926 0.8713541675925925 0.49791666759259257 0.8541666675925926 0.48229166759259257 0.8229166675925926 0.4776041675925926
0 0.228125 0.4 0.209375 0.396875 0.1890625 0.403125 0.1734375 0.4171875 0.1640625 0.440625 0.1640625 0.4671875 0.1734375 0.496875 0.184375 0.5109375 0.203125 0.521875 0.2203125 0.5234375 0.246875 0.5046875 0.259375 0.4765625 0.2609375 0.45 0.24375 0.4125 0.228125 0.4
0 0.33125 0.3765625 0.321875 0.3875 0.3140625 0.4015625 0.3125 0.43125 0.321875 0.4625 0.3421875 0.490625 0.3734375 0.490625 0.403125 0.465625 0.4109375 0.41875 0.4015625 0.390625 0.3890625 0.3765625 0.353125 0.3671875 0.33125 0.3765625
0 0.5171875 0.5255208324074074 0.5234375 0.4380208324074074 0.490625 0.4098958324074074 0.4625 0.40833333240740743 0.44375 0.4223958324074074 0.4328125 0.4442708324074074 0.4359375 0.49427083240740743 0.4625 0.5208333324074074 0.5171875 0.5255208324074074
3 0.428125 0.840625 0.453125 0.871875 0.4984375 0.875 0.528125 0.8484375 0.534375 0.7921875 0.5265625 0.771875 0.5109375 0.7546875 0.4859375 0.7453125 0.4640625 0.7484375 0.44375 0.7578125 0.4265625 0.7859375 0.4234375 0.8171875 0.428125 0.840625