2 0.790625 0.3875 0.8109375 0.378125 0.825 0.3578125 0.828125 0.3078125 0.8046875 0.2703125 0.7875 0.2609375 0.765625 0.2609375 0.75 0.2671875 0.7328125 0.284375 0.725 0.309375 0.725 0.3375 0.7375 0.3640625 0.75625 0.3828125 0.790625 0.3875
2 0.7421875 0.525 0.7515625 0.49375 0.7515625 0.4671875 0.7328125 0.434375 0.696875 0.421875 0.6625 0.446875 0.6546875 0.496875 0.665625 0.528125 0.68125 0.5453125 0.7125 0.553125 0.725 0.546875 0.7421875 0.525
2 0.65625 0.4203125 0.640625 0.3890625 0.603125 0.3796875 0.571875 0.4 0.5640625 0.45 0.5734375 0.4796875 0.5890625 0.496875 0.621875 0.5015625 0.6375 0.49375 0.6515625 0.475 0.65625 0.4203125
2 0.6078125 0.375 0.6234375 0.35625 0.63125 0.3328125 0.6296875 0.3078125 0.621875 0.284375 0.6078125 0.2671875 0.571875 0.2609375 0.54375 0.28125 0.5359375 0.328125 0.540625 0.35 0.5546875 0.371875 0.5875 0.38125 0.6078125 0.375
2 0.4609375 0.2953125 0.465625 0.2640625 0.4546875 0.2296875 0.43125 0.2125 0.4140625 0.2109375 0.3953125 0.21875 0.3796875 0.2359375 0.3734375 0.2796875 0.3859375 0.315625 0.4203125 0.328125 0.4328125 0.325 0.4609375 0.2953125
2 0.3765625 0.3921875 0.3875 0.3796875 0.396875 0.3515625 0.396875 0.3296875 0.371875 0.290625 0.3453125 0.2875 0.3109375 0.3140625 0.303125 0.3578125 0.309375 0.378125 0.321875 0.390625 0.340625 0.4015625 0.35625 0.4015625 0.3765625 0.3921875
2 0.340625 0.240625 0.3328125 0.2171875 0.31875 0.2 0.2875 0.1953125 0.26875 0.203125 0.25 0.2265625 0.2453125 0.2671875 0.25625 0.2953125 0.26875 0.3078125 0.303125 0.3125 0.334375 0.284375 0.340625 0.240625
2 0.246875 0.3875 0.246875 0.3625 0.2296875 0.3234375 0.2078125 0.3109375 0.1890625 0.3109375 0.159375 0.3328125 0.15 0.35 0.1484375 0.3953125 0.1734375 0.4234375 0.2078125 0.4296875 0.2375 0.40625 0.246875 0.3875
2 0.1421875 0.275 0.146875 0.2328125 0.128125 0.1984375 0.096875 0.1875 0.075 0.196875 0.0625 0.2109375 0.0515625 0.2546875 0.0671875 0.296875 0.0875 0.3078125 0.103125 0.3078125 0.121875 0.2984375 0.1421875 0.275
2 0.2375 0.7203125 0.26875 0.7265625 0.2890625 0.7171875 0.30625 0.696875 0.315625 0.671875 0.315625 0.646875 0.2984375 0.6046875 0.278125 0.590625 0.2609375 0.5890625 0.240625 0.596875 0.221875 0.61875 0.2125 0.64375 0.2109375 0.6703125 0.221875 0.703125 0.2375 0.7203125
2 0.4265625 0.6625 0.4625 0.671875 0.48125 0.6640625 0.4953125 0.6484375 0.50625 0.61875 0.50625 0.5921875 0.4833333324074074 0.5520833324074074 0.475 0.55 0.465625 0.5427083324074075 0.4625 0.54375 0.434375 0.5489583324074074 0.4177083324074074 0.5635416675925926 0.4015625 0.6125 0.409375 0.640625 0.4265625 0.6625
1 0.646875 0.765625 0.6875 0.775 0.7078125 0.76875 0.7234375 0.753125 0.7359375 0.7234375 0.7359375 0.684375 0.715625 0.6359375 0.696875 0.621875 0.66875 0.615625 0.6390625 0.6296875 0.6234375 0.653125 0.6171875 0.671875 0.6171875 0.709375 0.6265625 0.740625 0.646875 0.765625
1 0.1265625 0.6546875 0.1453125 0.6546875 0.1671875 0.6453125 0.1890625 0.6171875 0.1953125 0.6 0.1953125 0.55625 0.178125 0.5203125 0.15 0.5 0.1375 0.5 0.096875 0.53125 0.0828125 0.5625 0.08125 0.59375 0.0875 0.61875 0.103125 0.6421875 0.1265625 0.6546875
3 0.45 0.421875 0.48125 0.4375 0.5015625 0.4375 0.5265625 0.4171875 0.540625 0.3921875 0.5390625 0.334375 0.5328125 0.315625 0.5203125 0.303125 0.5046875 0.29375 0.478125 0.290625 0.4625 0.296875 0.4375 0.328125 0.43125 0.346875 0.43125 0.3875 0.4375 0.409375 0.45 0.421875
3 0.4375 0.5453125 0.459375 0.5140625 0.4625 0.45625 0.45 0.4234375 0.4328125 0.403125 0.3921875 0.4015625 0.36875 0.415625 0.3546875 0.434375 0.35 0.496875 0.359375 0.525 0.3765625 0.546875 0.4140625 0.55625 0.4375 0.5453125
3 0.33125 0.5125 0.3484375 0.4703125 0.3484375 0.4375 0.3328125 0.3953125 0.3046875 0.371875 0.259375 0.3859375 0.2390625 0.409375 0.228125 0.440625 0.2296875 0.4875 0.2421875 0.5109375 0.265625 0.53125 0.3 0.5359375 0.33125 0.5125
3 0.10625 0.5265625 0.1453125 0.503125 0.1671875 0.459375 0.1671875 0.4265625 0.15625 0.396875 0.1390625 0.3796875 0.11875 0.371875 0.075 0.384375 0.0515625 0.415625 0.0453125 0.44375 0.046875 0.48125 0.0578125 0.50625 0.075 0.521875 0.10625 0.5265625
0 0.771875 0.6 0.790625 0.603125 0.8109375 0.596875 0.8265625 0.5828125 0.8359375 0.559375 0.8359375 0.5328125 0.8265625 0.503125 0.815625 0.4890625 0.796875 0.478125 0.7796875 0.4765625 0.753125 0.4953125 0.740625 0.5234375 0.7390625 0.55 0.75625 0.5875 0.771875 0.6
0 0.66875 0.6234375 0.678125 0.6125 0.6859375 0.5984375 0.6875 0.56875 0.678125 0.5375 0.6578125 0.509375 0.6265625 0.509375 0.596875 0.534375 0.5890625 0.58125 0.5984375 0.609375 0.6109375 0.6234375 0.646875 0.6328125 0.66875 0.6234375
0 0.4640625 0.4359375 0.4578125 0.5234375 0.490625 0.5515625 0.51875 0.553125 0.5375 0.5390625 0.5484375 0.5171875 0.5453125 0.4671875 0.51875 0.440625 0.4640625 0.4359375