0 0.5859375 0.725 0.6140625 0.7046875 0.6234375 0.684375 0.625 0.653125 0.609375 0.6140625 0.5890625 0.6 0.571875 0.5984375 0.553125 0.60625 0.5375 0.6234375 0.528125 0.6453125 0.528125 0.6703125 0.5390625 0.7015625 0.55625 0.7203125 0.5859375 0.725
0 0.559375 0.33125 0.5421875 0.31875 0.5234375 0.31875 0.5 0.3359375 0.4921875 0.3625 0.4921875 0.4 0.515625 0.428125 0.5453125 0.43125 0.571875 0.403125 0.5734375 0.359375 0.559375 0.33125
0 0.5625 0.2515625 0.540625 0.2171875 0.5109375 0.2140625 0.496875 0.2203125 0.484375 0.2375 0.4766503657407407 0.27404351388888887 0.4984375 0.3109375 0.5265625 0.315625 0.5453125 0.309375 0.5578125 0.2953125 0.5625 0.2515625
0 0.4625 0.2015625 0.4328125 0.1796875 0.415625 0.18125 0.4015625 0.190625 0.3828125 0.225 0.3859375 0.2546875 0.4 0.2796875 0.425 0.2859375 0.453125 0.2765625 0.4703125 0.2484375 0.4625 0.2015625
2 0.61875 0.2578125 0.6375 0.234375 0.6390625 0.1921875 0.6203125 0.1625 0.6046875 0.1546875 0.584375 0.1546875 0.5546875 0.1765625 0.546875 0.1953125 0.546875 0.221875 0.56875 0.25625 0.5859375 0.2640625 0.60625 0.2640625 0.61875 0.2578125
0 0.3953125 0.44375 0.40625 0.4328125 0.4146304907407407 0.4077715157407407 0.415625 0.3796875 0.3984375 0.3484375 0.3625 0.340625 0.3359375 0.3625 0.328125 0.38125 0.328125 0.4046875 0.3328125 0.4265625 0.34375 0.4421875 0.3765625 0.4484375 0.3953125 0.44375
1 0.6734375 0.4984375 0.690625 0.528125 0.7296875 0.5359375 0.746875 0.53125 0.7640625 0.5140625 0.775 0.49375 0.7765625 0.465625 0.765625 0.434375 0.75 0.4171875 0.7359375 0.409375 0.7140625 0.4078125 0.7015625 0.4125 0.68125 0.434375 0.671875 0.45625 0.6703125 0.4796875 0.6734375 0.4984375
1 0.753125 0.146875 0.7265625 0.1625 0.7140625 0.1875 0.7140625 0.221875 0.734375 0.2578125 0.7609375 0.265625 0.7859375 0.259375 0.80625 0.24375 0.8140625 0.225 0.8125 0.184375 0.790625 0.153125 0.753125 0.146875
2 0.434375 0.284375 0.409375 0.3109375 0.4046875 0.3484375 0.4265625 0.3828125 0.4375 0.3875 0.4640625 0.384375 0.4875 0.353125 0.4890625 0.31875 0.471875 0.2890625 0.4578125 0.2828125 0.434375 0.284375
3 0.2453125 0.425 0.259375 0.3953125 0.2609375 0.3671875 0.2546875 0.34375 0.240625 0.325 0.225 0.315625 0.1921875 0.3140625 0.175 0.325 0.15625 0.3484375 0.1484375 0.3734375 0.1484375 0.409375 0.159375 0.4328125 0.175 0.446875 0.2078125 0.4515625 0.2234375 0.4453125 0.2453125 0.425
0 0.434375 0.4234375 0.4265625 0.4671875 0.4328125 0.4859375 0.446875 0.5015625 0.4734375 0.5046875 0.4859375 0.5 0.5078125 0.46875 0.509375 0.4390625 0.49375 0.4125 0.45625 0.4046875 0.434375 0.4234375
3 0.7 0.3859375 0.7 0.3390625 0.6796875 0.30625 0.6625 0.296875 0.6359375 0.29375 0.6125 0.3015625 0.5984375 0.3171875 0.5890625 0.3421875 0.5875 0.371875 0.596875 0.403125 0.609375 0.4203125 0.6328125 0.43125 0.6609375 0.4296875 0.684375 0.4140625 0.7 0.3859375
2 0.4953125 0.5234375 0.4703125 0.50625 0.4546875 0.50625 0.434375 0.5171875 0.421875 0.5359375 0.415625 0.5625 0.4171875 0.58125 0.43125 0.609375 0.45 0.621875 0.475 0.621875 0.5015625 0.5953125 0.50625 0.5546875 0.4953125 0.5234375
2 0.3734375 0.4484375 0.3453125 0.4640625 0.33125 0.4921875 0.33125 0.5203125 0.35 0.5546875 0.3625 0.5609375 0.3875 0.5609375 0.403125 0.55 0.41875 0.525 0.4203125 0.484375 0.4046875 0.45625 0.3734375 0.4484375