3 0.6989583324074075 0.44375 0.7036458324074074 0.41875 0.6958333324074074 0.3953125 0.6645833324074074 0.36875 0.6161458324074074 0.3609375 0.5786458324074074 0.3703125 0.5505208324074075 0.3859375 0.5302083324074074 0.4171875 0.5302083324074074 0.4390625 0.5395833324074074 0.459375 0.5598958324074074 0.478125 0.5895833324074075 0.4890625 0.6255208324074074 0.490625 0.6802083324074074 0.4671875 0.6989583324074075 0.44375
3 0.5018017768518519 0.7306480074074073 0.5171667546296296 0.7126875620370371 0.5234287564814815 0.6978212722222222 0.5226460027777777 0.6892144722222222 0.5187322388888889 0.6712184361111112 0.5054254611111111 0.6485277814814815 0.4882048518518519 0.6399210685185185 0.469418825 0.6336614907407407 0.44671896759259255 0.6320967046296296 0.4078714222222222 0.6391030407407408 0.384375 0.6666666675925926 0.3781268527777778 0.6923086268518518 0.390625 0.7151041675925925 0.4078125 0.7322916675925926 0.4359375 0.7463541675925925 0.47724635277777777 0.7439850175925926 0.5018017768518519 0.7306480074074073
3 0.5369791675925926 0.4072916675925926 0.5135416675925926 0.3776041675925926 0.49791666759259257 0.3682291675925926 0.4385416675925926 0.3666666675925926 0.4026041675925926 0.3947916675925926 0.3947916675925926 0.4338541675925926 0.4072916675925926 0.4635416675925926 0.41979166759259257 0.47447916759259257 0.44322916759259257 0.48229166759259257 0.4807291675925926 0.48229166759259257 0.5135416675925926 0.4682291675925926 0.5291666675925926 0.4494791675925926 0.5369791675925926 0.4338541675925926 0.5369791675925926 0.4072916675925926
3 0.46302083240740743 0.3432291675925926 0.4833333324074074 0.32604166759259257 0.4927083324074074 0.3072916675925926 0.49427083240740743 0.2807291675925926 0.4848958324074074 0.2588541675925926 0.47083333240740743 0.2463541675925926 0.4364583324074074 0.2322916675925926 0.4036458324074074 0.2322916675925926 0.3677083324074074 0.24479166759259258 0.3520833324074074 0.2588541675925926 0.3395833324074074 0.2807291675925926 0.3395833324074074 0.30260416759259257 0.3489583324074074 0.3244791675925926 0.37708333240740743 0.3479166675925926 0.3958333324074074 0.3557291675925926 0.4286458324074074 0.3557291675925926 0.46302083240740743 0.3432291675925926
3 0.6546875 0.6083333324074074 0.6578125 0.5802083324074074 0.6515625 0.5630208324074074 0.621875 0.5380208324074074 0.6046875 0.5317708324074074 0.565625 0.5317708324074074 0.528125 0.5427083324074075 0.5140625 0.5552083324074074 0.5046875 0.5802083324074074 0.5046875 0.6052083324074075 0.528125 0.6348958324074074 0.55 0.6473958324074074 0.6015625 0.6489583324074074 0.6390625 0.6302083324074074 0.6546875 0.6083333324074074
3 0.4791666675925926 0.5958333324074074 0.4885416675925926 0.5770833324074074 0.4885416675925926 0.5536458324074074 0.4838541675925926 0.5333333324074074 0.46666666759259257 0.5177083324074074 0.43541666759259257 0.5052083324074074 0.3947916675925926 0.5052083324074074 0.3682291675925926 0.5161458324074074 0.3526041675925926 0.5302083324074074 0.34166666759259257 0.5645833324074074 0.3479166675925926 0.5880208324074074 0.3682291675925926 0.6067708324074074 0.3916666675925926 0.6177083324074074 0.4213541675925926 0.6208333324074075 0.4526041675925926 0.6145833324074074 0.4791666675925926 0.5958333324074074
3 0.328125 0.7260416675925926 0.3046875 0.6901041675925926 0.2640625 0.6744791675925926 0.2109375 0.6791666675925926 0.184375 0.6963541675925926 0.175 0.7151041675925925 0.178125 0.7432291675925926 0.1875 0.7604166675925926 0.2109375 0.7822916675925926 0.246875 0.7932291675925925 0.2734375 0.7916666675925926 0.3046875 0.7760416675925926 0.3265625 0.7494791675925926 0.328125 0.7260416675925926
2 0.30260416759259257 0.5729166675925926 0.2776041675925926 0.5744791675925925 0.2541666675925926 0.5838541675925926 0.23541666759259258 0.6119791675925926 0.24479166759259258 0.6447916675925925 0.2807291675925926 0.6651041675925926 0.3119791675925926 0.6619791675925926 0.3322916675925926 0.6526041675925925 0.34166666759259257 0.6385416675925926 0.34166666759259257 0.6213541675925925 0.3322916675925926 0.5901041675925925 0.30260416759259257 0.5729166675925926
2 0.4515625 0.17291666759259258 0.44375 0.14947916759259258 0.43125 0.1385416675925926 0.3828125 0.1291666675925926 0.340625 0.1463541675925926 0.328125 0.1682291675925926 0.3265625 0.1869791675925926 0.334375 0.2088541675925926 0.35 0.22135416759259258 0.36875 0.22760416759259258 0.4015625 0.22760416759259258 0.4234375 0.21979166759259258 0.44375 0.2010416675925926 0.4515625 0.17291666759259258
2 0.33802083240740743 0.2875 0.3286458324074074 0.2671875 0.3161458324074074 0.25625 0.2958333324074074 0.2484375 0.2645833324074074 0.2484375 0.23333333240740742 0.2578125 0.21614583240740742 0.2796875 0.21614583240740742 0.2953125 0.2223958324074074 0.315625 0.2380208324074074 0.33125 0.2630208324074074 0.340625 0.2927083324074074 0.340625 0.3286458324074074 0.3203125 0.33802083240740743 0.2875
0 0.421875 0.728125 0.375 0.725 0.340625 0.7421875 0.33125 0.7640625 0.33125 0.7828125 0.34375 0.8015625 0.365625 0.8171875 0.40625 0.8203125 0.4484375 0.7984375 0.4578125 0.7640625 0.44375 0.740625 0.421875 0.728125
0 0.4203125 0.8244791675925925 0.4015625 0.8088541675925925 0.346875 0.8041666675925926 0.3265625 0.8135416675925926 0.3078125 0.8322916675925925 0.303125 0.8557291675925925 0.3109375 0.8744791675925926 0.3328125 0.8932291675925926 0.378125 0.8979166675925926 0.40625 0.8869791675925925 0.4203125 0.8744791675925926 0.425 0.8369791675925926 0.4203125 0.8244791675925925
0 0.21875 0.4890625 0.2125 0.5203125 0.2171875 0.534375 0.23125 0.546875 0.2578125 0.5578125 0.2796875 0.5578125 0.315625 0.5328125 0.31875 0.503125 0.2890625 0.475 0.25625 0.471875 0.21875 0.4890625
2 0.346875 0.4046875 0.296875 0.4140625 0.278125 0.440625 0.2859375 0.475 0.3125 0.496875 0.3734375 0.4875 0.3875 0.475 0.3921875 0.453125 0.3828125 0.4234375 0.3734375 0.4140625 0.346875 0.4046875
2 0.2796875 0.3390625 0.2453125 0.3375 0.215625 0.3625 0.2109375 0.3890625 0.23125 0.41875 0.2703125 0.425 0.2890625 0.421875 0.309375 0.409375 0.31875 0.3953125 0.3203125 0.3765625 0.30625 0.35 0.2796875 0.3390625