3 0.590625 0.36875 0.58125 0.4046875 0.590625 0.4265625 0.6171875 0.4484375 0.6390625 0.45625 0.675 0.45625 0.70625 0.4453125 0.721875 0.4328125 0.7328125 0.396875 0.7203125 0.36875 0.7015625 0.3515625 0.6703125 0.340625 0.6375 0.340625 0.6140625 0.35 0.590625 0.36875
3 0.40625 0.278125 0.384375 0.2921875 0.3703125 0.3109375 0.3671875 0.3375 0.378125 0.3625 0.3984375 0.38125 0.4328125 0.39375 0.4703125 0.39375 0.496875 0.384375 0.515625 0.3671875 0.528125 0.3421875 0.528125 0.3265625 0.515625 0.303125 0.49375 0.2828125 0.4703125 0.271875 0.4453125 0.26875 0.40625 0.278125
3 0.40625 0.6390625 0.3734375 0.6578125 0.353125 0.684375 0.35 0.70625 0.359375 0.7328125 0.384375 0.753125 0.4078125 0.7609375 0.44375 0.7609375 0.475 0.7515625 0.496875 0.7375 0.5125 0.715625 0.515625 0.69375 0.5078125 0.6671875 0.4859375 0.646875 0.453125 0.6359375 0.4234375 0.6359375 0.40625 0.6390625
1 0.5234375 0.7453125 0.553125 0.7609375 0.5953125 0.7578125 0.634375 0.734375 0.64375 0.7171875 0.6453125 0.69375 0.6359375 0.6703125 0.609375 0.6515625 0.55625 0.6515625 0.528125 0.6640625 0.515625 0.678125 0.5078125 0.725 0.5234375 0.7453125
1 0.4234375 0.45 0.4453125 0.48125 0.4734375 0.4921875 0.50625 0.49375 0.5328125 0.4859375 0.559375 0.46875 0.5671875 0.4515625 0.5671875 0.428125 0.5546875 0.4046875 0.5328125 0.390625 0.4828125 0.3859375 0.4328125 0.409375 0.4234375 0.428125 0.4234375 0.45
0 0.79375 0.8859375 0.8078125 0.8734375 0.8171875 0.8546875 0.8171875 0.8359375 0.7984375 0.8125 0.753125 0.803125 0.7171875 0.8265625 0.7109375 0.85 0.7296875 0.8859375 0.7703125 0.89375 0.79375 0.8859375
0 0.6484375 0.771875 0.6640625 0.7859375 0.7109375 0.7921875 0.7265625 0.7875 0.7453125 0.771875 0.753125 0.7578125 0.753125 0.734375 0.728125 0.709375 0.6859375 0.70625 0.6671875 0.7125 0.6515625 0.728125 0.64375 0.7578125 0.6484375 0.771875
0 0.490625 0.253125 0.5078125 0.2671875 0.5265625 0.275 0.55625 0.275 0.590625 0.2578125 0.6 0.2234375 0.59375 0.209375 0.571875 0.190625 0.534375 0.184375 0.515625 0.1875 0.4921875 0.2046875 0.4828125 0.234375 0.490625 0.253125
0 0.3671875 0.5875 0.3671875 0.603125 0.3734375 0.61875 0.3890625 0.63125 0.40625 0.6390625 0.4328125 0.6390625 0.471875 0.625 0.484375 0.609375 0.4875 0.5875 0.484375 0.575 0.4671875 0.55625 0.421875 0.546875 0.3984375 0.553125 0.378125 0.5671875 0.3671875 0.5875
2 0.7203125 0.6515625 0.7578125 0.634375 0.7671875 0.6203125 0.7703125 0.5984375 0.75 0.56875 0.725 0.559375 0.7 0.559375 0.6640625 0.5796875 0.6546875 0.5953125 0.6546875 0.615625 0.6765625 0.64375 0.7203125 0.6515625
2 0.6484375 0.5421875 0.6640625 0.553125 0.7171875 0.55625 0.7390625 0.54375 0.75 0.5296875 0.753125 0.5015625 0.74375 0.484375 0.721875 0.46875 0.6828125 0.4671875 0.6640625 0.4734375 0.640625 0.49375 0.6375 0.521875 0.6484375 0.5421875
2 0.496875 0.6078125 0.534375 0.621875 0.5609375 0.6203125 0.5859375 0.609375 0.603125 0.584375 0.603125 0.565625 0.5953125 0.5484375 0.5609375 0.528125 0.528125 0.528125 0.509375 0.534375 0.490625 0.5515625 0.4859375 0.5734375 0.496875 0.6078125
2 0.628125 0.9296875 0.675 0.9328125 0.7125 0.9078125 0.71875 0.8734375 0.696875 0.84375 0.6765625 0.8359375 0.653125 0.8359375 0.6359375 0.8421875 0.6046875 0.8671875 0.6 0.9015625 0.609375 0.9171875 0.628125 0.9296875
2 0.5859375 0.85625 0.6296875 0.840625 0.64375 0.821875 0.646875 0.796875 0.6390625 0.778125 0.6234375 0.7640625 0.56875 0.7609375 0.5328125 0.784375 0.525 0.8015625 0.525 0.8203125 0.54375 0.846875 0.5859375 0.85625