2 0.790625 0.3875 0.8109375 0.378125 0.825 0.3578125 0.828125 0.3078125 0.8046875 0.2703125 0.7875 0.2609375 0.765625 0.2609375 0.75 0.2671875 0.7328125 0.284375 0.725 0.309375 0.725 0.3375 0.7375 0.3640625 0.75625 0.3828125 0.790625 0.3875
2 0.7421875 0.525 0.7515625 0.49375 0.7515625 0.4671875 0.7328125 0.434375 0.696875 0.421875 0.6625 0.446875 0.6546875 0.496875 0.665625 0.528125 0.68125 0.5453125 0.7125 0.553125 0.725 0.546875 0.7421875 0.525
2 0.65625 0.4203125 0.640625 0.3890625 0.603125 0.3796875 0.571875 0.4 0.5640625 0.45 0.5734375 0.4796875 0.5890625 0.496875 0.621875 0.5015625 0.6375 0.49375 0.6515625 0.475 0.65625 0.4203125
2 0.6078125 0.375 0.6234375 0.35625 0.63125 0.3328125 0.6296875 0.3078125 0.621875 0.284375 0.6078125 0.2671875 0.571875 0.2609375 0.54375 0.28125 0.5359375 0.328125 0.540625 0.35 0.5546875 0.371875 0.5875 0.38125 0.6078125 0.375
2 0.4546875 0.2744791675925926 0.459375 0.24322916759259258 0.4484375 0.2088541675925926 0.425 0.1916666675925926 0.4078125 0.19010416759259258 0.3890625 0.19791666759259258 0.3734375 0.2151041675925926 0.3671875 0.2588541675925926 0.3796875 0.29479166759259257 0.4140625 0.3072916675925926 0.4265625 0.3041666675925926 0.4546875 0.2744791675925926
2 0.38072916759259257 0.4088541675925926 0.3916666675925926 0.39635416759259257 0.4010416675925926 0.3682291675925926 0.4010416675925926 0.3463541675925926 0.3760416675925926 0.3072916675925926 0.34947916759259257 0.3041666675925926 0.3151041675925926 0.3307291675925926 0.3072916675925926 0.3744791675925926 0.3135416675925926 0.3947916675925926 0.32604166759259257 0.4072916675925926 0.3447916675925926 0.4182291675925926 0.3604166675925926 0.4182291675925926 0.38072916759259257 0.4088541675925926
2 0.34375 0.2302083324074074 0.3359375 0.2067708324074074 0.321875 0.1895833324074074 0.290625 0.18489583240740742 0.271875 0.19270833240740742 0.253125 0.21614583240740742 0.2484375 0.2567708324074074 0.259375 0.2848958324074074 0.271875 0.2973958324074074 0.30625 0.3020833324074074 0.3375 0.2739583324074074 0.34375 0.2302083324074074
2 0.3052083324074074 0.3697916675925926 0.3052083324074074 0.3447916675925926 0.2880208324074074 0.3057291675925926 0.2661458324074074 0.2932291675925926 0.24739583240740742 0.2932291675925926 0.21770833240740742 0.3151041675925926 0.20833333240740742 0.3322916675925926 0.2067708324074074 0.3776041675925926 0.23177083240740742 0.4057291675925926 0.2661458324074074 0.41197916759259257 0.2958333324074074 0.38854166759259257 0.3052083324074074 0.3697916675925926
2 0.1421875 0.275 0.146875 0.2328125 0.128125 0.1984375 0.096875 0.1875 0.075 0.196875 0.0625 0.2109375 0.0515625 0.2546875 0.0671875 0.296875 0.0875 0.3078125 0.103125 0.3078125 0.121875 0.2984375 0.1421875 0.275
2 0.2416666675925926 0.7328125 0.2729166675925926 0.7390625 0.2932291675925926 0.7296875 0.31041666759259257 0.709375 0.3197916675925926 0.684375 0.3197916675925926 0.659375 0.30260416759259257 0.6171875 0.2822916675925926 0.603125 0.2651041675925926 0.6015625 0.24479166759259258 0.609375 0.2260416675925926 0.63125 0.2166666675925926 0.65625 0.2151041675925926 0.6828125 0.2260416675925926 0.715625 0.2416666675925926 0.7328125
2 0.4557291675925926 0.721875 0.4916666675925926 0.73125 0.5104166675925926 0.7234375 0.5244791675925926 0.7078125 0.5354166675925925 0.678125 0.5354166675925925 0.6515625 0.5125 0.6114583324074074 0.5041666675925925 0.609375 0.4947916675925926 0.6020833324074074 0.4916666675925926 0.603125 0.4635416675925926 0.6083333324074074 0.446875 0.6229166675925926 0.4307291675925926 0.671875 0.4385416675925926 0.7 0.4557291675925926 0.721875
1 0.646875 0.765625 0.6875 0.775 0.7078125 0.76875 0.7234375 0.753125 0.7359375 0.7234375 0.7359375 0.684375 0.715625 0.6359375 0.696875 0.621875 0.66875 0.615625 0.6390625 0.6296875 0.6234375 0.653125 0.6171875 0.671875 0.6171875 0.709375 0.6265625 0.740625 0.646875 0.765625
1 0.13802083240740742 0.6755208324074075 0.1567708324074074 0.6755208324074075 0.17864583240740742 0.6661458324074074 0.20052083240740742 0.6380208324074074 0.2067708324074074 0.6208333324074075 0.2067708324074074 0.5770833324074074 0.1895833324074074 0.5411458324074074 0.16145833240740742 0.5208333324074074 0.1489583324074074 0.5208333324074074 0.1083333324074074 0.5520833324074074 0.09427083240740741 0.5833333324074074 0.0927083324074074 0.6145833324074074 0.09895833240740741 0.6395833324074074 0.11458333240740741 0.6630208324074074 0.13802083240740742 0.6755208324074075
3 0.48229166759259257 0.25625 0.5135416675925926 0.271875 0.5338541675925926 0.271875 0.5588541675925925 0.2515625 0.5729166675925926 0.2265625 0.5713541675925926 0.16875 0.5651041675925926 0.15 0.5526041675925926 0.1375 0.5369791675925926 0.128125 0.5104166675925926 0.125 0.4947916675925926 0.13125 0.4697916675925926 0.1625 0.4635416675925926 0.18125 0.4635416675925926 0.221875 0.4697916675925926 0.24375 0.48229166759259257 0.25625
3 0.5083333324074074 0.47447916759259257 0.5302083324074074 0.44322916759259257 0.5333333324074074 0.3854166675925926 0.5208333324074074 0.3526041675925926 0.5036458324074075 0.3322916675925926 0.46302083240740743 0.3307291675925926 0.43958333240740743 0.3447916675925926 0.4255208324074074 0.3635416675925926 0.4208333324074074 0.4260416675925926 0.4302083324074074 0.4541666675925926 0.44739583240740743 0.4760416675925926 0.4848958324074074 0.4854166675925926 0.5083333324074074 0.47447916759259257
3 0.42395833240740743 0.5552083324074074 0.4411458324074074 0.5130208324074074 0.4411458324074074 0.4802083324074074 0.4255208324074074 0.4380208324074074 0.3973958324074074 0.4145833324074074 0.3520833324074074 0.4286458324074074 0.3317708324074074 0.4520833324074074 0.3208333324074074 0.4833333324074074 0.32239583240740743 0.5302083324074074 0.3348958324074074 0.5536458324074074 0.3583333324074074 0.5739583324074075 0.39270833240740743 0.5786458324074074 0.42395833240740743 0.5552083324074074
3 0.17708333240740742 0.5223958324074074 0.21614583240740742 0.4989583324074074 0.2380208324074074 0.45520833240740743 0.2380208324074074 0.4223958324074074 0.2270833324074074 0.39270833240740743 0.20989583240740742 0.3755208324074074 0.1895833324074074 0.3677083324074074 0.14583333240740742 0.3802083324074074 0.12239583240740741 0.4114583324074074 0.1161458324074074 0.43958333240740743 0.11770833240740741 0.4770833324074074 0.1286458324074074 0.5020833324074074 0.14583333240740742 0.5177083324074074 0.17708333240740742 0.5223958324074074
0 0.771875 0.6 0.790625 0.603125 0.8109375 0.596875 0.8265625 0.5828125 0.8359375 0.559375 0.8359375 0.5328125 0.8265625 0.503125 0.815625 0.4890625 0.796875 0.478125 0.7796875 0.4765625 0.753125 0.4953125 0.740625 0.5234375 0.7390625 0.55 0.75625 0.5875 0.771875 0.6
0 0.66875 0.6234375 0.678125 0.6125 0.6859375 0.5984375 0.6875 0.56875 0.678125 0.5375 0.6578125 0.509375 0.6265625 0.509375 0.596875 0.534375 0.5890625 0.58125 0.5984375 0.609375 0.6109375 0.6234375 0.646875 0.6328125 0.66875 0.6234375
0 0.4828125 0.47447916759259257 0.4765625 0.5619791675925926 0.509375 0.5901041675925925 0.5375 0.5916666675925926 0.55625 0.5776041675925926 0.5671875 0.5557291675925926 0.5640625 0.5057291675925926 0.5375 0.4791666675925926 0.4828125 0.47447916759259257