3 0.3010416675925926 0.55625 0.2963541675925926 0.58125 0.3041666675925926 0.6046875 0.3354166675925926 0.63125 0.3838541675925926 0.6390625 0.4213541675925926 0.6296875 0.4494791675925926 0.6140625 0.4697916675925926 0.5828125 0.4697916675925926 0.5609375 0.4604166675925926 0.540625 0.4401041675925926 0.521875 0.4104166675925926 0.5109375 0.3744791675925926 0.509375 0.3197916675925926 0.5328125 0.3010416675925926 0.55625
3 0.49819822314814816 0.26935199259259257 0.4828332453703704 0.28731243796296296 0.47657124351851854 0.30217872777777777 0.47735399722222227 0.3107855277777778 0.48126776111111114 0.3287815638888889 0.49457453888888886 0.3514722185185185 0.5117951481481481 0.36007893148148146 0.5305811749999999 0.36633850925925926 0.5532810324074073 0.36790329537037036 0.5921285777777778 0.36089695925925924 0.615625 0.3333333324074074 0.6218731472222223 0.30769137314814815 0.609375 0.2848958324074074 0.5921875 0.26770833240740743 0.5640625 0.2536458324074074 0.5227536472222222 0.2560149824074074 0.49819822314814816 0.26935199259259257
3 0.46302083240740743 0.5927083324074074 0.48645833240740743 0.6223958324074074 0.5020833324074074 0.6317708324074074 0.5614583324074074 0.6333333324074074 0.5973958324074075 0.6052083324074075 0.6052083324074075 0.5661458324074075 0.5927083324074074 0.5364583324074074 0.5802083324074074 0.5255208324074074 0.5567708324074074 0.5177083324074074 0.5192708324074075 0.5177083324074074 0.48645833240740743 0.5317708324074074 0.47083333240740743 0.5505208324074075 0.46302083240740743 0.5661458324074075 0.46302083240740743 0.5927083324074074
3 0.5369791675925926 0.6567708324074074 0.5166666675925926 0.6739583324074074 0.5072916675925926 0.6927083324074074 0.5057291675925926 0.7192708324074074 0.5151041675925926 0.7411458324074074 0.5291666675925926 0.7536458324074075 0.5635416675925926 0.7677083324074074 0.5963541675925926 0.7677083324074074 0.6322916675925926 0.7552083324074074 0.6479166675925926 0.7411458324074074 0.6604166675925925 0.7192708324074074 0.6604166675925925 0.6973958324074074 0.6510416675925926 0.6755208324074075 0.6229166675925926 0.6520833324074075 0.6041666675925926 0.6442708324074075 0.5713541675925926 0.6442708324074075 0.5369791675925926 0.6567708324074074
3 0.3453125 0.3916666675925926 0.3421875 0.41979166759259257 0.3484375 0.4369791675925926 0.378125 0.4619791675925926 0.3953125 0.4682291675925926 0.434375 0.4682291675925926 0.471875 0.4572916675925926 0.4859375 0.4447916675925926 0.4953125 0.41979166759259257 0.4953125 0.3947916675925926 0.471875 0.36510416759259257 0.45 0.3526041675925926 0.3984375 0.3510416675925926 0.3609375 0.3697916675925926 0.3453125 0.3916666675925926
3 0.5208333324074074 0.40416666759259257 0.5114583324074075 0.4229166675925926 0.5114583324074075 0.4463541675925926 0.5161458324074074 0.46666666759259257 0.5333333324074074 0.48229166759259257 0.5645833324074074 0.4947916675925926 0.6052083324074075 0.4947916675925926 0.6317708324074074 0.4838541675925926 0.6473958324074074 0.4697916675925926 0.6583333324074074 0.43541666759259257 0.6520833324074075 0.41197916759259257 0.6317708324074074 0.3932291675925926 0.6083333324074074 0.3822916675925926 0.5786458324074074 0.3791666675925926 0.5473958324074074 0.3854166675925926 0.5208333324074074 0.40416666759259257
3 0.671875 0.2739583324074074 0.6953125 0.3098958324074074 0.7359375 0.3255208324074074 0.7890625 0.3208333324074074 0.815625 0.3036458324074074 0.825 0.2848958324074074 0.821875 0.2567708324074074 0.8125 0.23958333240740742 0.7890625 0.21770833240740742 0.753125 0.2067708324074074 0.7265625 0.20833333240740742 0.6953125 0.22395833240740742 0.6734375 0.2505208324074074 0.671875 0.2739583324074074
2 0.6973958324074074 0.4270833324074074 0.7223958324074075 0.4255208324074074 0.7458333324074075 0.41614583240740743 0.7645833324074074 0.3880208324074074 0.7552083324074074 0.3552083324074074 0.7192708324074074 0.3348958324074074 0.6880208324074074 0.33802083240740743 0.6677083324074075 0.3473958324074074 0.6583333324074074 0.36145833240740743 0.6583333324074074 0.3786458324074074 0.6677083324074075 0.4098958324074074 0.6973958324074074 0.4270833324074074
2 0.5484375 0.8270833324074074 0.55625 0.8505208324074074 0.56875 0.8614583324074074 0.6171875 0.8708333324074075 0.659375 0.8536458324074074 0.671875 0.8317708324074075 0.6734375 0.8130208324074074 0.665625 0.7911458324074074 0.65 0.7786458324074074 0.63125 0.7723958324074074 0.5984375 0.7723958324074074 0.5765625 0.7802083324074074 0.55625 0.7989583324074074 0.5484375 0.8270833324074074
2 0.6619791675925926 0.7125 0.6713541675925926 0.7328125 0.6838541675925925 0.74375 0.7041666675925926 0.7515625 0.7354166675925926 0.7515625 0.7666666675925926 0.7421875 0.7838541675925926 0.7203125 0.7838541675925926 0.7046875 0.7776041675925925 0.684375 0.7619791675925925 0.66875 0.7369791675925926 0.659375 0.7072916675925925 0.659375 0.6713541675925926 0.6796875 0.6619791675925926 0.7125
0 0.578125 0.271875 0.625 0.275 0.659375 0.2578125 0.66875 0.2359375 0.66875 0.2171875 0.65625 0.1984375 0.634375 0.1828125 0.59375 0.1796875 0.5515625 0.2015625 0.5421875 0.2359375 0.55625 0.259375 0.578125 0.271875
0 0.5796875 0.1755208324074074 0.5984375 0.1911458324074074 0.653125 0.1958333324074074 0.6734375 0.18645833240740742 0.6921875 0.1677083324074074 0.696875 0.1442708324074074 0.6890625 0.1255208324074074 0.6671875 0.10677083240740741 0.621875 0.10208333240740741 0.59375 0.11302083240740741 0.5796875 0.1255208324074074 0.575 0.16302083240740742 0.5796875 0.1755208324074074
0 0.78125 0.5109375 0.7875 0.4796875 0.7828125 0.465625 0.76875 0.453125 0.7421875 0.4421875 0.7203125 0.4421875 0.684375 0.4671875 0.68125 0.496875 0.7109375 0.525 0.74375 0.528125 0.78125 0.5109375
2 0.653125 0.5953125 0.703125 0.5859375 0.721875 0.559375 0.7140625 0.525 0.6875 0.503125 0.6265625 0.5125 0.6125 0.525 0.6078125 0.546875 0.6171875 0.5765625 0.6265625 0.5859375 0.653125 0.5953125
2 0.7203125 0.6609375 0.7546875 0.6625 0.784375 0.6375 0.7890625 0.6109375 0.76875 0.58125 0.7296875 0.575 0.7109375 0.578125 0.690625 0.590625 0.68125 0.6046875 0.6796875 0.6234375 0.69375 0.65 0.7203125 0.6609375