2 0.3875 0.209375 0.378125 0.1890625 0.3578125 0.175 0.3078125 0.171875 0.2703125 0.1953125 0.2609375 0.2125 0.2609375 0.234375 0.2671875 0.25 0.284375 0.2671875 0.309375 0.275 0.3375 0.275 0.3640625 0.2625 0.3828125 0.24375 0.3875 0.209375
2 0.525 0.2578125 0.49375 0.2484375 0.4671875 0.2484375 0.434375 0.2671875 0.421875 0.303125 0.446875 0.3375 0.496875 0.3453125 0.528125 0.334375 0.5453125 0.31875 0.553125 0.2875 0.546875 0.275 0.525 0.2578125
2 0.4203125 0.34375 0.3890625 0.359375 0.3796875 0.396875 0.4 0.428125 0.45 0.4359375 0.4796875 0.4265625 0.496875 0.4109375 0.5015625 0.378125 0.49375 0.3625 0.475 0.3484375 0.4203125 0.34375
2 0.375 0.3921875 0.35625 0.3765625 0.3328125 0.36875 0.3078125 0.3703125 0.284375 0.378125 0.2671875 0.3921875 0.2609375 0.428125 0.28125 0.45625 0.328125 0.4640625 0.35 0.459375 0.371875 0.4453125 0.38125 0.4125 0.375 0.3921875
2 0.2744791675925926 0.5453125 0.24322916759259258 0.540625 0.2088541675925926 0.5515625 0.1916666675925926 0.575 0.19010416759259258 0.5921875 0.19791666759259258 0.6109375 0.2151041675925926 0.6265625 0.2588541675925926 0.6328125 0.29479166759259257 0.6203125 0.3072916675925926 0.5859375 0.3041666675925926 0.5734375 0.2744791675925926 0.5453125
2 0.4088541675925926 0.6192708324074074 0.39635416759259257 0.6083333324074074 0.3682291675925926 0.5989583324074074 0.3463541675925926 0.5989583324074074 0.3072916675925926 0.6239583324074074 0.3041666675925926 0.6505208324074074 0.3307291675925926 0.6848958324074074 0.3744791675925926 0.6927083324074074 0.3947916675925926 0.6864583324074074 0.4072916675925926 0.6739583324074074 0.4182291675925926 0.6552083324074074 0.4182291675925926 0.6395833324074074 0.4088541675925926 0.6192708324074074
2 0.2302083324074074 0.65625 0.2067708324074074 0.6640625 0.1895833324074074 0.678125 0.18489583240740742 0.709375 0.19270833240740742 0.728125 0.21614583240740742 0.746875 0.2567708324074074 0.7515625 0.2848958324074074 0.740625 0.2973958324074074 0.728125 0.3020833324074074 0.69375 0.2739583324074074 0.6625 0.2302083324074074 0.65625
2 0.3697916675925926 0.6947916675925926 0.3447916675925926 0.6947916675925926 0.3057291675925926 0.7119791675925926 0.2932291675925926 0.7338541675925926 0.2932291675925926 0.7526041675925926 0.3151041675925926 0.7822916675925926 0.3322916675925926 0.7916666675925926 0.3776041675925926 0.7932291675925925 0.4057291675925926 0.7682291675925926 0.41197916759259257 0.7338541675925926 0.38854166759259257 0.7041666675925926 0.3697916675925926 0.6947916675925926
2 0.275 0.8578125 0.2328125 0.853125 0.1984375 0.871875 0.1875 0.903125 0.196875 0.925 0.2109375 0.9375 0.2546875 0.9484375 0.296875 0.9328125 0.3078125 0.9125 0.3078125 0.896875 0.2984375 0.878125 0.275 0.8578125
2 0.7338541675925926 0.7572916675925926 0.7401041675925926 0.7260416675925926 0.7307291675925925 0.7057291675925926 0.7104166675925926 0.6885416675925926 0.6854166675925926 0.6791666675925926 0.6604166675925925 0.6791666675925926 0.6182291675925926 0.6963541675925926 0.6041666675925926 0.7166666675925926 0.6026041675925926 0.7338541675925926 0.6104166675925926 0.7541666675925925 0.6322916675925926 0.7729166675925926 0.6572916675925926 0.7822916675925926 0.6838541675925925 0.7838541675925926 0.7166666675925926 0.7729166675925926 0.7338541675925926 0.7572916675925926
2 0.721875 0.5442708324074074 0.73125 0.5083333324074074 0.7234375 0.4895833324074074 0.7078125 0.4755208324074074 0.678125 0.4645833324074074 0.6515625 0.4645833324074074 0.6114583324074074 0.4875 0.609375 0.4958333324074074 0.6020833324074074 0.5052083324074074 0.603125 0.5083333324074074 0.6083333324074074 0.5364583324074074 0.6229166675925926 0.553125 0.671875 0.5692708324074074 0.7 0.5614583324074074 0.721875 0.5442708324074074
1 0.765625 0.353125 0.775 0.3125 0.76875 0.2921875 0.753125 0.2765625 0.7234375 0.2640625 0.684375 0.2640625 0.6359375 0.284375 0.621875 0.303125 0.615625 0.33125 0.6296875 0.3609375 0.653125 0.3765625 0.671875 0.3828125 0.709375 0.3828125 0.740625 0.3734375 0.765625 0.353125
1 0.6755208324074075 0.8619791675925926 0.6755208324074075 0.8432291675925926 0.6661458324074074 0.8213541675925926 0.6380208324074074 0.7994791675925926 0.6208333324074075 0.7932291675925925 0.5770833324074074 0.7932291675925925 0.5411458324074074 0.8104166675925926 0.5208333324074074 0.8385416675925926 0.5208333324074074 0.8510416675925926 0.5520833324074074 0.8916666675925926 0.5833333324074074 0.9057291675925926 0.6145833324074074 0.9072916675925926 0.6395833324074074 0.9010416675925926 0.6630208324074074 0.8854166675925926 0.6755208324074075 0.8619791675925926
3 0.25625 0.5177083324074074 0.271875 0.48645833240740743 0.271875 0.4661458324074074 0.2515625 0.4411458324074074 0.2265625 0.4270833324074074 0.16875 0.4286458324074074 0.15 0.4348958324074074 0.1375 0.44739583240740743 0.128125 0.46302083240740743 0.125 0.4895833324074074 0.13125 0.5052083324074074 0.1625 0.5302083324074074 0.18125 0.5364583324074074 0.221875 0.5364583324074074 0.24375 0.5302083324074074 0.25625 0.5177083324074074
3 0.47447916759259257 0.4916666675925926 0.44322916759259257 0.4697916675925926 0.3854166675925926 0.46666666759259257 0.3526041675925926 0.4791666675925926 0.3322916675925926 0.4963541675925926 0.3307291675925926 0.5369791675925926 0.3447916675925926 0.5604166675925926 0.3635416675925926 0.5744791675925925 0.4260416675925926 0.5791666675925926 0.4541666675925926 0.5697916675925926 0.4760416675925926 0.5526041675925926 0.4854166675925926 0.5151041675925926 0.47447916759259257 0.4916666675925926
3 0.5552083324074074 0.5760416675925926 0.5130208324074074 0.5588541675925925 0.4802083324074074 0.5588541675925925 0.4380208324074074 0.5744791675925925 0.4145833324074074 0.6026041675925926 0.4286458324074074 0.6479166675925926 0.4520833324074074 0.6682291675925925 0.4833333324074074 0.6791666675925926 0.5302083324074074 0.6776041675925926 0.5536458324074074 0.6651041675925926 0.5739583324074075 0.6416666675925926 0.5786458324074074 0.6072916675925926 0.5552083324074074 0.5760416675925926
3 0.5223958324074074 0.8229166675925926 0.4989583324074074 0.7838541675925926 0.45520833240740743 0.7619791675925925 0.4223958324074074 0.7619791675925925 0.39270833240740743 0.7729166675925926 0.3755208324074074 0.7901041675925926 0.3677083324074074 0.8104166675925926 0.3802083324074074 0.8541666675925926 0.4114583324074074 0.8776041675925926 0.43958333240740743 0.8838541675925926 0.4770833324074074 0.8822916675925926 0.5020833324074074 0.8713541675925925 0.5177083324074074 0.8541666675925926 0.5223958324074074 0.8229166675925926
0 0.6 0.228125 0.603125 0.209375 0.596875 0.1890625 0.5828125 0.1734375 0.559375 0.1640625 0.5328125 0.1640625 0.503125 0.1734375 0.4890625 0.184375 0.478125 0.203125 0.4765625 0.2203125 0.4953125 0.246875 0.5234375 0.259375 0.55 0.2609375 0.5875 0.24375 0.6 0.228125
0 0.6234375 0.33125 0.6125 0.321875 0.5984375 0.3140625 0.56875 0.3125 0.5375 0.321875 0.509375 0.3421875 0.509375 0.3734375 0.534375 0.403125 0.58125 0.4109375 0.609375 0.4015625 0.6234375 0.3890625 0.6328125 0.353125 0.6234375 0.33125
0 0.4791666675925926 0.4625 0.4792168907407408 0.5048668972222222 0.5119360120370371 0.5203591370370371 0.5549873768518518 0.5186379675925926 0.5901041675925925 0.490625 0.5916666675925926 0.4625 0.5776041675925926 0.44375 0.5557291675925926 0.4328125 0.5057291675925926 0.4359375 0.4791666675925926 0.4625