3 0.45625 0.46875 0.4609375 0.446875 0.45625 0.4265625 0.4375 0.40625 0.4125 0.3953125 0.365625 0.3953125 0.340625 0.40625 0.321875 0.425 0.3125 0.4453125 0.3125 0.4671875 0.33125 0.4984375 0.3655292925925926 0.5086957861111111 0.38274985648148147 0.5125210296296296 0.4359375 0.4953125 0.45625 0.46875
3 0.571875 0.1713541675925926 0.5828125 0.1541666675925926 0.584375 0.1307291675925926 0.565625 0.09791666759259259 0.5515625 0.08541666759259259 0.5046875 0.07291666759259259 0.4578125 0.0869791675925926 0.4375 0.10104166759259259 0.4234375 0.12604166759259258 0.421875 0.1447916675925926 0.4359375 0.17447916759259258 0.45 0.1854166675925926 0.4828125 0.19791666759259258 0.515625 0.1994791675925926 0.553125 0.1869791675925926 0.571875 0.1713541675925926
3 0.7731552953703703 0.6299998379629629 0.7827222620370371 0.6127861314814815 0.7836789472222222 0.5879220972222222 0.7655017111111111 0.5582764518518519 0.7387141388888889 0.5439317861111111 0.7030400185185185 0.5317708324074074 0.6671025185185185 0.5380208324074074 0.6436650185185185 0.5505208324074075 0.6233525185185186 0.5817708324074075 0.6217900185185186 0.6036458324074074 0.6327275185185185 0.6286458324074075 0.6561650185185185 0.6489583324074074 0.6937493435185185 0.6596453768518519 0.7320172925925925 0.6539076157407407 0.7597615222222223 0.6443445046296297 0.7731552953703703 0.6299998379629629
3 0.5755133518518519 0.6606319435185185 0.5889071231481481 0.6548940768518519 0.5984741046296297 0.6415058268518519 0.6013441722222221 0.6415058268518519 0.6070843342592592 0.637680636111111 0.6109111527777777 0.6262047972222222 0.61856475 0.6042096407407408 0.612824575 0.5841272138888889 0.6032575953703704 0.5678698185185185 0.5841236342592593 0.5544815685185185 0.5613034268518519 0.5464779518518519 0.5316458138888889 0.543609125 0.4963541675925926 0.5520833324074074 0.4807291675925926 0.5645833324074074 0.4697916675925926 0.5880208324074074 0.4760416675925926 0.6192708324074074 0.49791666759259257 0.6427083324074074 0.5416666675925926 0.6598958324074075 0.5611628546296297 0.6635008768518519 0.5755133518518519 0.6606319435185185
2 0.6432291675925926 0.21197916759259258 0.6369791675925925 0.1947916675925926 0.6244791675925926 0.1838541675925926 0.5979166675925925 0.17291666759259258 0.5729166675925926 0.1713541675925926 0.5307291675925926 0.18854166759259258 0.5104166675925926 0.2151041675925926 0.5088541675925926 0.2338541675925926 0.5260416675925926 0.2619791675925926 0.5557291675925926 0.2760416675925926 0.5744791675925925 0.2760416675925926 0.6260416675925926 0.2541666675925926 0.6416666675925926 0.2322916675925926 0.6432291675925926 0.21197916759259258
2 0.7354166675925926 0.36927083240740743 0.7213541675925926 0.34583333240740743 0.6994791675925925 0.3333333324074074 0.6572916675925926 0.33020833240740743 0.6182291675925926 0.34583333240740743 0.6057291675925925 0.3583333324074074 0.5947916675925926 0.3911458324074074 0.6026041675925926 0.4114583324074074 0.6182291675925926 0.4270833324074074 0.6666666675925926 0.4380208324074074 0.6979166675925926 0.4302083324074074 0.7213541675925926 0.4145833324074074 0.7354166675925926 0.3911458324074074 0.7354166675925926 0.36927083240740743
2 0.5104166675925926 0.34166666759259257 0.4651041675925926 0.3369791675925926 0.4229166675925926 0.3557291675925926 0.4135416675925926 0.3760416675925926 0.4135416675925926 0.3932291675925926 0.4463541675925926 0.4260416675925926 0.4932291675925926 0.4291666675925926 0.5291666675925926 0.4104166675925926 0.5385416675925926 0.3916666675925926 0.5385416675925926 0.37291666759259257 0.5322916675925926 0.3588541675925926 0.5104166675925926 0.34166666759259257
2 0.7310605935185185 0.456907475 0.7167100972222222 0.4454317425925926 0.6682291675925925 0.4322916675925926 0.6260416675925926 0.45104166759259257 0.6151041675925926 0.4619791675925926 0.6119791675925926 0.4932291675925926 0.6306072981481482 0.512373625 0.6572916675925926 0.5260416675925926 0.6963541675925926 0.5291666675925926 0.7197916675925926 0.5213541675925926 0.7369791675925926 0.5057291675925926 0.7377574546296296 0.47220845277777773 0.7310605935185185 0.456907475
2 0.5651041675925926 0.2765625 0.5432291675925925 0.2828125 0.5197916675925925 0.3015625 0.5151041675925926 0.3375 0.5447916675925926 0.3671875 0.5932291675925926 0.3703125 0.6354166675925926 0.346875 0.6432291675925926 0.3171875 0.6354166675925926 0.2984375 0.6166666675925926 0.2828125 0.5651041675925926 0.2765625
2 0.503125 0.76875 0.49375 0.740625 0.484375 0.73125 0.4625 0.7234375 0.428125 0.721875 0.4046875 0.728125 0.3875 0.74375 0.38125 0.7546875 0.38125 0.7859375 0.41875 0.8140625 0.45625 0.8171875 0.484375 0.8078125 0.496875 0.796875 0.503125 0.76875
2 0.3904034935185185 0.5727686824074074 0.36839941296296297 0.5593803796296296 0.3282181472222222 0.5565113407407407 0.2956904138888889 0.575637562962963 0.2927083324074074 0.6109375 0.3020833324074074 0.628125 0.3161458324074074 0.6375 0.36145833240740743 0.6421875 0.3798798157407407 0.6368415796296296 0.3942302861111111 0.6244093768518518 0.4028405685185185 0.6091084518518518 0.4028405685185185 0.5909385407407407 0.3904034935185185 0.5727686824074074
2 0.7375 0.9015625 0.73125 0.8796875 0.7171875 0.865625 0.675 0.8484375 0.64375 0.85 0.625 0.8578125 0.6109375 0.871875 0.60625 0.89375 0.609375 0.9109375 0.6265625 0.93125 0.6734375 0.9484375 0.7171875 0.9375 0.7328125 0.921875 0.7375 0.9015625
2 0.5921875 0.8302083324074074 0.571875 0.8145833324074074 0.5203125 0.8083333324074075 0.4875 0.8223958324074074 0.478125 0.8364583324074074 0.4765625 0.8630208324074075 0.4828125 0.8770833324074074 0.509375 0.8989583324074074 0.5515625 0.9052083324074074 0.571875 0.9005208324074074 0.59375 0.8864583324074075 0.5984375 0.8442708324074074 0.5921875 0.8302083324074074
2 0.6177083324074074 0.7484375 0.6036458324074074 0.734375 0.5723958324074074 0.7203125 0.5286458324074074 0.7234375 0.5130208324074074 0.7328125 0.5036458324074075 0.75 0.5114583324074075 0.7921875 0.5536458324074074 0.8109375 0.5770833324074074 0.8109375 0.6067708324074074 0.7984375 0.6192708324074074 0.7828125 0.6223958324074074 0.7640625 0.6177083324074074 0.7484375
2 0.39565411759259256 0.8957475361111111 0.4088541675925926 0.8953125 0.42244166203703704 0.8689711435185186 0.4195715685185185 0.8479321935185185 0.41383143240740744 0.830718487962963 0.3966108685185185 0.8201990657407408 0.37843355185185185 0.8115922657407407 0.3621697388888889 0.8096796435185185 0.34207907962962963 0.8144614111111111 0.3229166675925926 0.821875 0.3135416675925926 0.8328125 0.3152915861111111 0.8555824703703704 0.3244791675925926 0.88125 0.3385416675925926 0.890625 0.35729166759259257 0.8984375 0.37747690740740736 0.9014854027777778 0.39565411759259256 0.8957475361111111
2 0.38895728425925924 0.9102290888888889 0.37843355185185185 0.9054475324074074 0.3515625 0.9 0.3390625 0.8921875 0.303125 0.9 0.2859375 0.9265625 0.2953125 0.9609375 0.3375 0.9828125 0.365625 0.98125 0.39278402314814814 0.9656951324074075 0.4004376074074074 0.9513504657407408 0.40235105648148145 0.9408310435185185 0.38895728425925924 0.9102290888888889
0 0.3510416675925926 0.3057291675925926 0.3166666675925926 0.3369791675925926 0.3244791675925926 0.3682291675925926 0.3619791675925926 0.38854166759259257 0.3901041675925926 0.38854166759259257 0.4104166675925926 0.38072916759259257 0.4260416675925926 0.3682291675925926 0.4322916675925926 0.34947916759259257 0.41979166759259257 0.3197916675925926 0.3901041675925926 0.3010416675925926 0.3510416675925926 0.3057291675925926
0 0.47083333240740743 0.2109375 0.4302083324074074 0.209375 0.3973958324074074 0.225 0.38489583240740743 0.246875 0.3833333324074074 0.2625 0.39270833240740743 0.278125 0.4098958324074074 0.290625 0.4583333324074074 0.3 0.4958333324074074 0.275 0.5036458324074075 0.240625 0.4911458324074074 0.2234375 0.47083333240740743 0.2109375
0 0.5104578842592593 0.6491562092592592 0.4624149777777778 0.6380208324074074 0.4358524777777778 0.6520833324074075 0.4217899777777778 0.6817708324074074 0.4327274777777778 0.7130208324074074 0.4733524777777778 0.7286458324074074 0.5046024777777778 0.7286458324074074 0.5228949574074073 0.7046222527777778 0.5295917925925926 0.6979280768518519 0.5295917925925926 0.6759329731481482 0.5267217500000001 0.6635008768518519 0.5104578842592593 0.6491562092592592
2 0.3911458324074074 0.2692708324074074 0.3942708324074074 0.2458333324074074 0.3895833324074074 0.2286458324074074 0.3708333324074074 0.20989583240740742 0.3317708324074074 0.20208333240740742 0.3052083324074074 0.2067708324074074 0.29114583240740743 0.21770833240740742 0.2786458324074074 0.2348958324074074 0.27552083240740743 0.2567708324074074 0.2817708324074074 0.2770833324074074 0.2973958324074074 0.2942708324074074 0.3333333324074074 0.3020833324074074 0.36145833240740743 0.2958333324074074 0.37708333240740743 0.2848958324074074 0.3911458324074074 0.2692708324074074
1 0.275 0.29375 0.278125 0.2734375 0.2703125 0.2359375 0.259375 0.225 0.234375 0.215625 0.1984375 0.2171875 0.18125 0.225 0.1625 0.24375 0.1546875 0.265625 0.1625 0.296875 0.18125 0.3140625 0.2046875 0.3203125 0.2390625 0.31875 0.259375 0.309375 0.275 0.29375
2 0.2921875 0.34375 0.2484375 0.3515625 0.2234375 0.378125 0.228125 0.4125 0.24375 0.4265625 0.265625 0.434375 0.296875 0.434375 0.315625 0.4265625 0.3296875 0.409375 0.334375 0.390625 0.3203125 0.359375 0.2921875 0.34375
1 0.190625 0.6234375 0.1703125 0.640625 0.1640625 0.6625 0.1671875 0.6796875 0.196875 0.7109375 0.2421875 0.7171875 0.278125 0.690625 0.2828125 0.6734375 0.2796875 0.6484375 0.265625 0.6296875 0.2484375 0.621875 0.2078125 0.61875 0.190625 0.6234375
3 0.4640625 0.4359375 0.446875 0.478125 0.45625 0.509375 0.478125 0.53125 0.5046875 0.5390625 0.553125 0.5390625 0.5796875 0.5265625 0.6015625 0.50625 0.60625 0.46875 0.6 0.45 0.5703125 0.4296875 0.515625 0.425 0.4640625 0.4359375
2 0.2796875 0.7296875 0.2953125 0.7578125 0.3234375 0.7703125 0.35 0.771875 0.384375 0.7546875 0.390625 0.740625 0.3890625 0.7140625 0.3703125 0.690625 0.3515625 0.68125 0.3109375 0.6828125 0.2859375 0.7 0.2796875 0.7296875
2 0.2265625 0.5203125 0.2484375 0.5296875 0.2765625 0.5296875 0.309375 0.5109375 0.3171875 0.478125 0.3078125 0.4515625 0.2875 0.440625 0.246875 0.440625 0.2140625 0.4625 0.2109375 0.496875 0.2265625 0.5203125