3 0.53125 0.45625 0.553125 0.4609375 0.5734375 0.45625 0.59375 0.4375 0.6046875 0.4125 0.6046875 0.365625 0.59375 0.340625 0.575 0.321875 0.5546875 0.3125 0.5328125 0.3125 0.5015625 0.33125 0.4828125 0.3609375 0.48125 0.384375 0.5046875 0.4359375 0.53125 0.45625
3 0.8286458324074074 0.571875 0.8458333324074074 0.5828125 0.8692708324074074 0.584375 0.9020833324074075 0.565625 0.9145833324074074 0.5515625 0.9270833324074074 0.5046875 0.9130208324074074 0.4578125 0.8989583324074074 0.4375 0.8739583324074074 0.4234375 0.8552083324074075 0.421875 0.8255208324074074 0.4359375 0.8145833324074074 0.45 0.8020833324074074 0.4828125 0.8005208324074075 0.515625 0.8130208324074074 0.553125 0.8286458324074074 0.571875
3 0.4994791675925926 0.615625 0.5276041675925925 0.61875 0.5463541675925926 0.609375 0.5651041675925926 0.5890625 0.5791666675925926 0.5484375 0.5791666675925926 0.5171875 0.5541666675925926 0.4625 0.5338541675925926 0.4515625 0.5057291675925926 0.45 0.4869791675925926 0.4578125 0.4697916675925926 0.475 0.4526041675925926 0.5140625 0.45104166759259257 0.5390625 0.4682291675925926 0.590625 0.4994791675925926 0.615625
3 0.3666666675925926 0.7833333324074074 0.3822916675925926 0.7942708324074074 0.4151041675925926 0.7958333324074074 0.4494791675925926 0.7708333324074074 0.4651041675925926 0.7380208324074075 0.4682291675925926 0.7020833324074074 0.4619791675925926 0.6661458324074074 0.4494791675925926 0.6427083324074074 0.4182291675925926 0.6223958324074074 0.39635416759259257 0.6208333324074075 0.3713541675925926 0.6317708324074074 0.3510416675925926 0.6552083324074074 0.3369791675925926 0.6958333324074074 0.3369791675925926 0.7302083324074075 0.3479166675925926 0.7614583324074075 0.3666666675925926 0.7833333324074074
3 0.4479166675925926 0.4963541675925926 0.43541666759259257 0.4807291675925926 0.41197916759259257 0.4697916675925926 0.38072916759259257 0.4760416675925926 0.35729166759259257 0.49791666759259257 0.3401041675925926 0.5416666675925926 0.3588541675925926 0.5947916675925926 0.3979166675925926 0.6229166675925926 0.4244791675925926 0.6135416675925925 0.4572916675925926 0.5651041675925926 0.4479166675925926 0.4963541675925926
1 0.3609375 0.28125 0.378125 0.253125 0.3859375 0.2234375 0.384375 0.2 0.3625 0.165625 0.3296875 0.1578125 0.30625 0.16875 0.2890625 0.19375 0.2859375 0.2453125 0.2921875 0.265625 0.30625 0.2828125 0.3453125 0.2890625 0.3609375 0.28125
2 0.7880208324074074 0.6432291675925926 0.8052083324074074 0.6369791675925925 0.8161458324074075 0.6244791675925926 0.8270833324074074 0.5979166675925925 0.8286458324074074 0.5729166675925926 0.8114583324074074 0.5307291675925926 0.7848958324074075 0.5104166675925926 0.7661458324074074 0.5088541675925926 0.7380208324074075 0.5260416675925926 0.7239583324074074 0.5557291675925926 0.7239583324074074 0.5744791675925925 0.7458333324074075 0.6260416675925926 0.7677083324074074 0.6416666675925926 0.7880208324074074 0.6432291675925926
2 0.6307291675925926 0.7354166675925926 0.6541666675925926 0.7213541675925926 0.6666666675925926 0.6994791675925925 0.6697916675925926 0.6572916675925926 0.6541666675925926 0.6182291675925926 0.6416666675925926 0.6057291675925925 0.6088541675925926 0.5947916675925926 0.5885416675925926 0.6026041675925926 0.5729166675925926 0.6182291675925926 0.5619791675925926 0.6666666675925926 0.5697916675925926 0.6979166675925926 0.5854166675925926 0.7213541675925926 0.6088541675925926 0.7354166675925926 0.6307291675925926 0.7354166675925926
2 0.6583333324074074 0.5104166675925926 0.6630208324074074 0.4651041675925926 0.6442708324074075 0.4229166675925926 0.6239583324074074 0.4135416675925926 0.6067708324074074 0.4135416675925926 0.5739583324074075 0.4463541675925926 0.5708333324074074 0.4932291675925926 0.5895833324074075 0.5291666675925926 0.6083333324074074 0.5385416675925926 0.6270833324074074 0.5385416675925926 0.6411458324074074 0.5322916675925926 0.6583333324074074 0.5104166675925926
2 0.5614583324074074 0.7182291675925926 0.5677083324074074 0.6682291675925925 0.5489583324074074 0.6260416675925926 0.5380208324074074 0.6151041675925926 0.5067708324074074 0.6119791675925926 0.4739583324074074 0.6572916675925926 0.47083333240740743 0.6963541675925926 0.47864583240740743 0.7197916675925926 0.49427083240740743 0.7369791675925926 0.5317708324074074 0.7447916675925926 0.5473958324074074 0.7369791675925926 0.5614583324074074 0.7182291675925926
2 0.7234375 0.5651041675925926 0.7171875 0.5432291675925925 0.6984375 0.5197916675925925 0.6625 0.5151041675925926 0.6328125 0.5447916675925926 0.6296875 0.5932291675925926 0.653125 0.6354166675925926 0.6828125 0.6432291675925926 0.7015625 0.6354166675925926 0.7171875 0.6166666675925926 0.7234375 0.5651041675925926
2 0.23125 0.503125 0.259375 0.49375 0.26875 0.484375 0.2765625 0.4625 0.278125 0.428125 0.271875 0.4046875 0.25625 0.3875 0.2453125 0.38125 0.2140625 0.38125 0.1859375 0.41875 0.1828125 0.45625 0.1921875 0.484375 0.203125 0.496875 0.23125 0.503125
2 0.5265625 0.32604166759259257 0.546875 0.3151041675925926 0.559375 0.2994791675925926 0.565625 0.2822916675925926 0.5640625 0.2526041675925926 0.55625 0.2307291675925926 0.54375 0.2182291675925926 0.53125 0.2104166675925926 0.5109375 0.2104166675925926 0.496875 0.2166666675925926 0.4765625 0.24322916759259258 0.475 0.2838541675925926 0.49375 0.3166666675925926 0.5265625 0.32604166759259257
2 0.4265625 0.2958333324074074 0.3890625 0.2927083324074074 0.371875 0.3020833324074074 0.3625 0.3161458324074074 0.3578125 0.36145833240740743 0.378125 0.3989583324074074 0.3921875 0.4067708324074074 0.4125 0.4067708324074074 0.4453125 0.3708333324074074 0.446875 0.3286458324074074 0.4265625 0.2958333324074074
2 0.278125 0.4114583324074074 0.303125 0.40052083240740743 0.325 0.3598958324074074 0.325 0.3192708324074074 0.315625 0.2942708324074074 0.30625 0.2802083324074074 0.2859375 0.2739583324074074 0.2609375 0.2786458324074074 0.240625 0.2942708324074074 0.2234375 0.3395833324074074 0.2265625 0.3661458324074074 0.240625 0.3942708324074074 0.2578125 0.40833333240740743 0.278125 0.4114583324074074
2 0.0984375 0.7375 0.1203125 0.73125 0.134375 0.7171875 0.1515625 0.675 0.15 0.64375 0.1421875 0.625 0.128125 0.6109375 0.10625 0.60625 0.0890625 0.609375 0.06875 0.6265625 0.0515625 0.6734375 0.0625 0.7171875 0.078125 0.7328125 0.0984375 0.7375
2 0.1697916675925926 0.5921875 0.1854166675925926 0.571875 0.1916666675925926 0.5203125 0.1776041675925926 0.4875 0.1635416675925926 0.478125 0.1369791675925926 0.4765625 0.1229166675925926 0.4828125 0.10104166759259259 0.509375 0.0947916675925926 0.5515625 0.0994791675925926 0.571875 0.11354166759259259 0.59375 0.1557291675925926 0.5984375 0.1697916675925926 0.5921875
2 0.2515625 0.6177083324074074 0.265625 0.6036458324074074 0.2796875 0.5723958324074074 0.2765625 0.5286458324074074 0.2671875 0.5130208324074074 0.25 0.5036458324074075 0.2078125 0.5114583324074075 0.1890625 0.5536458324074074 0.1890625 0.5770833324074074 0.2015625 0.6067708324074074 0.2171875 0.6192708324074074 0.2359375 0.6223958324074074 0.2515625 0.6177083324074074
2 0.1578125 0.4307291675925926 0.175 0.41979166759259257 0.1859375 0.3994791675925926 0.1921875 0.3635416675925926 0.178125 0.3229166675925926 0.1671875 0.3135416675925926 0.146875 0.31041666759259257 0.11875 0.3244791675925926 0.109375 0.3385416675925926 0.1015625 0.35729166759259257 0.1 0.39635416759259257 0.1046875 0.4088541675925926 0.1296875 0.4291666675925926 0.1578125 0.4307291675925926
2 0.1 0.3515625 0.1078125 0.3390625 0.1 0.303125 0.0734375 0.2859375 0.0390625 0.2953125 0.0171875 0.3375 0.01875 0.365625 0.0328125 0.3953125 0.05 0.40625 0.065625 0.40625 0.0921875 0.3953125 0.1 0.3515625
0 0.1734375 0.4713541675925926 0.184375 0.4557291675925926 0.1921875 0.43541666759259257 0.1890625 0.4135416675925926 0.1671875 0.4229166675925926 0.1484375 0.4229166675925926 0.125 0.4010416675925926 0.1109375 0.3994791675925926 0.1046875 0.4322916675925926 0.109375 0.4557291675925926 0.125 0.47447916759259257 0.159375 0.4776041675925926 0.1734375 0.4713541675925926
0 0.6942708324074074 0.3510416675925926 0.6630208324074074 0.3166666675925926 0.6317708324074074 0.3244791675925926 0.6114583324074074 0.3619791675925926 0.6114583324074074 0.3901041675925926 0.6192708324074074 0.4104166675925926 0.6317708324074074 0.4260416675925926 0.6505208324074074 0.4322916675925926 0.6802083324074074 0.41979166759259257 0.6989583324074075 0.3901041675925926 0.6942708324074074 0.3510416675925926
0 0.7890625 0.47083333240740743 0.790625 0.4302083324074074 0.775 0.3973958324074074 0.753125 0.38489583240740743 0.7375 0.3833333324074074 0.721875 0.39270833240740743 0.709375 0.4098958324074074 0.7 0.4583333324074074 0.725 0.4958333324074074 0.759375 0.5036458324074075 0.7765625 0.4911458324074074 0.7890625 0.47083333240740743
0 0.3619791675925926 0.4614583324074074 0.3479166675925926 0.4348958324074074 0.31822916759259257 0.4208333324074074 0.28697916759259257 0.43177083240740743 0.27135416759259257 0.4723958324074074 0.27135416759259257 0.5036458324074075 0.2932291675925926 0.5348958324074075 0.3276041675925926 0.5395833324074074 0.3479166675925926 0.5286458324074074 0.3588541675925926 0.5114583324074075 0.3619791675925926 0.4614583324074074
2 0.7307291675925925 0.3911458324074074 0.7541666675925925 0.3942708324074074 0.7713541675925926 0.3895833324074074 0.7901041675925926 0.3708333324074074 0.7979166675925926 0.3317708324074074 0.7932291675925925 0.3052083324074074 0.7822916675925926 0.29114583240740743 0.7651041675925926 0.2786458324074074 0.7432291675925926 0.27552083240740743 0.7229166675925925 0.2817708324074074 0.7057291675925926 0.2973958324074074 0.6979166675925926 0.3333333324074074 0.7041666675925926 0.36145833240740743 0.7151041675925925 0.37708333240740743 0.7307291675925925 0.3911458324074074
1 0.70625 0.275 0.7265625 0.278125 0.7640625 0.2703125 0.775 0.259375 0.784375 0.234375 0.7828125 0.1984375 0.775 0.18125 0.75625 0.1625 0.734375 0.1546875 0.703125 0.1625 0.6859375 0.18125 0.6796875 0.2046875 0.68125 0.2390625 0.690625 0.259375 0.70625 0.275
2 0.65625 0.2921875 0.6484375 0.2484375 0.621875 0.2234375 0.5875 0.228125 0.5734375 0.24375 0.565625 0.265625 0.565625 0.296875 0.5734375 0.315625 0.590625 0.3296875 0.609375 0.334375 0.640625 0.3203125 0.65625 0.2921875