3 0.2171875 0.378125 0.19375 0.378125 0.175 0.3875 0.153125 0.4171875 0.1484375 0.475 0.1765625 0.528125 0.203125 0.5421875 0.2265625 0.54375 0.2515625 0.53125 0.26875 0.5109375 0.278125 0.484375 0.278125 0.45 0.2640625 0.4109375 0.2453125 0.390625 0.2171875 0.378125
3 0.41875 0.4609375 0.378125 0.446875 0.35625 0.45625 0.3390625 0.475 0.3265625 0.503125 0.3265625 0.5296875 0.34375 0.5859375 0.3625 0.603125 0.396875 0.60625 0.4171875 0.5984375 0.4375 0.5734375 0.446875 0.553125 0.4484375 0.5140625 0.4390625 0.484375 0.41875 0.4609375
3 0.4890625 0.553125 0.46875 0.55 0.446875 0.559375 0.425 0.5875 0.415625 0.6296875 0.425 0.665625 0.4359375 0.6828125 0.45625 0.6984375 0.4828125 0.7015625 0.515625 0.684375 0.528125 0.659375 0.5328125 0.621875 0.525 0.5890625 0.5109375 0.56875 0.4890625 0.553125
3 0.7578125 0.5046875 0.7296875 0.4984375 0.703125 0.5109375 0.68125 0.5328125 0.66875 0.559375 0.66875 0.584375 0.678125 0.6296875 0.7046875 0.6515625 0.7375 0.6609375 0.75625 0.65 0.78125 0.6140625 0.7875 0.5625 0.7828125 0.5359375 0.771875 0.515625 0.7578125 0.5046875
3 0.621875 0.58125 0.5953125 0.5765625 0.5546875 0.603125 0.5375 0.6484375 0.5375 0.6734375 0.55 0.703125 0.5640625 0.7203125 0.5890625 0.73125 0.6140625 0.728125 0.63125 0.7171875 0.6484375 0.696875 0.65625 0.6734375 0.65625 0.6359375 0.646875 0.60625 0.621875 0.58125
1 0.5421875 0.45625 0.5296875 0.4609375 0.503125 0.49375 0.4984375 0.5328125 0.5140625 0.5765625 0.5296875 0.5890625 0.559375 0.5953125 0.5921875 0.5734375 0.6046875 0.54375 0.60625 0.5171875 0.5984375 0.490625 0.5828125 0.4703125 0.559375 0.4578125 0.5421875 0.45625
1 0.3140625 0.653125 0.2890625 0.6828125 0.2875 0.7328125 0.29375 0.753125 0.309375 0.7703125 0.34375 0.7796875 0.371875 0.7625 0.384375 0.7296875 0.3875 0.696875 0.3671875 0.6578125 0.3453125 0.6484375 0.325 0.6484375 0.3140625 0.653125
0 0.0484375 0.584375 0.05 0.6109375 0.065625 0.6390625 0.090625 0.65 0.10625 0.65 0.14375 0.621875 0.14375 0.5875 0.1234375 0.5515625 0.1015625 0.540625 0.0859375 0.540625 0.05625 0.5609375 0.0484375 0.584375
0 0.11875 0.6796875 0.1390625 0.721875 0.15625 0.7296875 0.175 0.7296875 0.196875 0.7140625 0.2078125 0.696875 0.209375 0.65625 0.1890625 0.6265625 0.1671875 0.615625 0.15 0.615625 0.11875 0.653125 0.11875 0.6796875
1 0.1 0.653125 0.059375 0.64375 0.040625 0.65 0.021875 0.66875 0.0140625 0.6875 0.0125 0.715625 0.0171875 0.7390625 0.03125 0.7625 0.053125 0.778125 0.0734375 0.78125 0.0984375 0.771875 0.1125 0.75625 0.125 0.7203125 0.125 0.7 0.1 0.653125
0 0.2546875 0.5484375 0.2390625 0.5671875 0.2359375 0.6125 0.246875 0.640625 0.2578125 0.6515625 0.2953125 0.659375 0.321875 0.6421875 0.33125 0.61875 0.33125 0.5921875 0.3203125 0.5625 0.309375 0.55 0.2734375 0.540625 0.2546875 0.5484375
0 0.5203125 0.834375 0.5421875 0.815625 0.553125 0.78125 0.553125 0.759375 0.53125 0.73125 0.5 0.7265625 0.475 0.746875 0.4671875 0.790625 0.4875 0.828125 0.5203125 0.834375
0 0.8046875 0.5625 0.79375 0.584375 0.7921875 0.6046875 0.8046875 0.634375 0.825 0.653125 0.840625 0.65625 0.8640625 0.6484375 0.88125 0.6296875 0.8875 0.5859375 0.8796875 0.5609375 0.8671875 0.546875 0.8328125 0.540625 0.8046875 0.5625
3 0.778125 0.65625 0.7546875 0.653125 0.7171875 0.6765625 0.703125 0.6984375 0.6984375 0.721875 0.709375 0.7703125 0.7265625 0.7921875 0.7453125 0.8015625 0.76875 0.8 0.7875 0.790625 0.8078125 0.76875 0.8203125 0.73125 0.815625 0.696875 0.8 0.671875 0.778125 0.65625
2 0.6421875 0.428125 0.6375 0.471875 0.653125 0.509375 0.6859375 0.5234375 0.7 0.5203125 0.7234375 0.503125 0.734375 0.4703125 0.734375 0.440625 0.7125 0.4015625 0.6828125 0.39375 0.665625 0.4 0.6421875 0.428125
2 0.5765625 0.3375 0.565625 0.3625 0.565625 0.3890625 0.58125 0.43125 0.5984375 0.44375 0.6203125 0.4484375 0.6359375 0.4421875 0.6640625 0.40625 0.6671875 0.365625 0.646875 0.3234375 0.6296875 0.3125 0.6046875 0.3125 0.5765625 0.3375
2 0.503125 0.321875 0.4796875 0.31875 0.4609375 0.3265625 0.440625 0.35 0.434375 0.3953125 0.45 0.4375 0.465625 0.4515625 0.4859375 0.45625 0.50625 0.4515625 0.525 0.434375 0.5359375 0.4140625 0.5390625 0.3796875 0.534375 0.3578125 0.5203125 0.334375 0.503125 0.321875
2 0.684375 0.8375 0.6828125 0.8046875 0.6734375 0.7828125 0.659375 0.76875 0.63125 0.7640625 0.60625 0.7765625 0.59375 0.7953125 0.5890625 0.815625 0.5921875 0.840625 0.6140625 0.875 0.6609375 0.875 0.684375 0.8375
2 0.3875 0.7171875 0.3859375 0.75625 0.3890625 0.771875 0.403125 0.7921875 0.434375 0.8015625 0.4671875 0.78125 0.475 0.759375 0.475 0.7234375 0.4578125 0.696875 0.41875 0.6859375 0.4 0.696875 0.3875 0.7171875