2 0.21574074074074073 0.01574074074074074 0.06574074074074074 0.030555555555555555
2 0.6178075398148147 0.859375 0.6240079361111112 0.8534226194444444 0.6267361111111112 0.8462301583333334 0.6272321425925925 0.8422619046296297 0.6227678574074075 0.8276289685185185 0.6190476194444444 0.8239087305555556 0.613839286111111 0.8211805555555556 0.6071428574074075 0.8204365083333333 0.5972222222222222 0.8221726194444444 0.5905257935185185 0.8271329361111112 0.5860615083333333 0.8343253972222222 0.5853174601851853 0.8435019842592593 0.5877976194444444 0.8516865083333333 0.5935019842592593 0.8586309527777778 0.6006944444444444 0.8625992064814815 0.6116071425925925 0.8623511907407407 0.6178075398148147 0.859375
2 0.7467778990740741 0.8828733509259259 0.7487420462962963 0.8873932675925926 0.7520223555555555 0.8909464092592593 0.7569427435185185 0.8923129972222222 0.7615898361111111 0.8934062814814815 0.7662368833333334 0.8934062814814815 0.7706105583333334 0.8920396935185185 0.7755630953703704 0.8866369972222222 0.7796313555555555 0.8786470546296296 0.7812714953703704 0.8715407416666666 0.7774445027777779 0.8636145083333333 0.7719773407407408 0.858421437037037 0.7662368833333334 0.8556882527777778 0.7599496666666666 0.8565082101851852 0.7536624953703704 0.8578748064814814 0.7495621462962963 0.8606079972222223 0.74682855 0.8638878129629629 0.7449150842592592 0.8688075574074073 0.7446416972222222 0.8740006287037037 0.7451884407407406 0.8789203740740741 0.7467778990740741 0.8828733509259259
2 0.7963789685185185 0.9486607138888888 0.7998511907407407 0.9414682537037037 0.8000992064814815 0.9332837305555556 0.7988591268518519 0.9288194444444444 0.790426587037037 0.9164186509259259 0.7792658731481481 0.9136904759259259 0.7710813490740741 0.9146825398148147 0.7648809527777778 0.9184027777777778 0.7609126981481481 0.9238591268518519 0.7599206351851852 0.933035713888889 0.7621527777777778 0.9437003972222222 0.7663690472222222 0.9494047620370369 0.7740575398148147 0.9543650796296296 0.7842261907407407 0.9556051583333333 0.7901785712962963 0.9536210314814816 0.7963789685185185 0.9486607138888888
2 0.6113591268518519 0.9751984129629628 0.6150793648148148 0.9680059527777779 0.6150793648148148 0.9610615083333334 0.6125992064814815 0.9551091268518519 0.6068948416666666 0.9486607138888888 0.5997023805555556 0.9461805555555556 0.5860615083333333 0.9469246027777778 0.5771329361111112 0.9563492064814815 0.5746527777777778 0.9637896824074075 0.5749007935185185 0.9699900796296296 0.5768849203703703 0.9749503972222223 0.582589286111111 0.9804067462962962 0.5902777777777778 0.9836309527777779 0.598214286111111 0.983382936111111 0.6056547620370369 0.9801587305555556 0.6113591268518519 0.9751984129629628
3 0.4841269842592592 0.5828373018518519 0.4915674601851852 0.5756448416666666 0.4955357138888889 0.5664682537037037 0.4957837305555555 0.5577876981481481 0.4940476194444444 0.5528273805555556 0.48511904722222227 0.5419146824074075 0.4764384916666667 0.5374503972222222 0.4605654759259259 0.5381944444444444 0.4536210314814815 0.5426587305555556 0.4479166666666667 0.5481150796296297 0.4444444444444444 0.5550595240740741 0.44419642870370374 0.5659722222222222 0.44692460277777774 0.573660713888889 0.4541170638888889 0.5820932537037037 0.4627976194444445 0.5863095240740741 0.4739583333333333 0.5868055555555556 0.4841269842592592 0.5828373018518519
0 0.5367063490740741 0.5818452379629631 0.5416666666666666 0.5771329361111112 0.5451388888888888 0.5691964287037037 0.5453869046296297 0.5629960314814815 0.5431547620370369 0.5558035712962963 0.5384424601851853 0.5503472222222222 0.5317460314814815 0.546875 0.5230654759259259 0.5461309527777778 0.5141369046296297 0.5488591268518519 0.5106646824074075 0.5523313490740741 0.5071924601851853 0.5605158731481481 0.5069444444444444 0.568948412962963 0.5096726194444444 0.5758928574074075 0.5146329361111112 0.5813492064814815 0.5208333333333334 0.584573412962963 0.5292658731481481 0.5848214287037037 0.5367063490740741 0.5818452379629631
3 0.5942460314814815 0.526785713888889 0.600198412962963 0.5193452379629631 0.6031746027777778 0.5096726194444444 0.6024305555555556 0.49925595277777773 0.596478175 0.4893353175925925 0.5882936509259259 0.48363095277777773 0.5766369046296297 0.4811507935185186 0.5674603175925925 0.48313492037037037 0.5555555555555556 0.4920634916666667 0.551339286111111 0.49900793611111116 0.5500992064814815 0.5069444444444444 0.5520833333333334 0.5161210314814815 0.5570436509259259 0.5243055555555556 0.5654761907407407 0.5307539685185185 0.5746527777777778 0.5329861111111112 0.5853174601851853 0.5317460314814815 0.5942460314814815 0.526785713888889
3 0.5158730157407407 0.544146825 0.5257936509259259 0.5399305555555556 0.533978175 0.5310019842592593 0.5369543648148148 0.5223214287037037 0.5367063490740741 0.5126488092592593 0.5319940472222222 0.5022321425925925 0.5252976194444444 0.496279762037037 0.5158730157407407 0.4930555555555556 0.5071924601851853 0.4930555555555556 0.49925595277777773 0.4965277777777778 0.4937996027777778 0.5007440472222222 0.4885912694444445 0.5069444444444444 0.4861111111111111 0.5136408731481481 0.4861111111111111 0.524801587037037 0.4893353175925925 0.5324900796296297 0.4960317462962963 0.5401785712962963 0.5059523805555556 0.544146825 0.5158730157407407 0.544146825
1 0.45510912685185184 0.5337301583333334 0.46329365092592595 0.5277777777777778 0.46726190462962963 0.5203373018518519 0.4692460314814815 0.5071924601851853 0.46850198425925926 0.504464286111111 0.46205357129629626 0.496279762037037 0.45114087314814816 0.490823412962963 0.44221230185185184 0.4900793648148148 0.43278769814814816 0.4933035712962963 0.4275793648148148 0.4977678574074074 0.4226190472222222 0.5089285712962963 0.4223710314814815 0.5168650796296297 0.42658730185185184 0.526785713888889 0.4325396824074074 0.5334821425925925 0.43774801574074074 0.5352182537037037 0.44766865092592595 0.535714286111111 0.45510912685185184 0.5337301583333334
1 0.502728175 0.477926587037037 0.502728175 0.4704861111111111 0.4997519842592592 0.46031746018518516 0.48561507962962963 0.4523809527777778 0.477926587037037 0.4513888888888889 0.4670138888888889 0.4536210314814815 0.45932539722222226 0.46155753981481484 0.45783730185185184 0.4739583333333333 0.4583333333333333 0.4811507935185186 0.46155753981481484 0.4883432537037037 0.4704861111111111 0.4955357138888889 0.480654762037037 0.4977678574074074 0.4888392861111111 0.49702380925925926 0.4985119046296297 0.488095237962963 0.502728175 0.477926587037037