1 0.8361111111111111 0.014814814814814815 0.11481481481481481 0.028703703703703703
0 0.9555555555555556 0.7138888888888889 0.08888888888888889 0.12962962962962962
0 0.8712962962962963 0.24074074074074073 0.11018518518518519 0.12685185185185185
0 0.9074074074074074 0.475 0.10092592592592593 0.125
1 0.7027777777777777 0.032407407407407406 0.11296296296296296 0.06481481481481481
0 0.8212962962962963 0.7185185185185186 0.09814814814814815 0.1175925925925926
0 0.7657407407407407 0.4759259259259259 0.09814814814814815 0.12222222222222222
0 0.7129629629629629 0.25 0.11018518518518519 0.12685185185185185
0 0.6574074074074074 0.7490740740740741 0.10092592592592593 0.12685185185185185
1 0.524074074074074 0.03888888888888889 0.11944444444444445 0.07685185185185185
0 0.6101851851851852 0.5287037037037037 0.10740740740740741 0.12685185185185185
0 0.5592592592592592 0.26944444444444443 0.10740740740740741 0.12962962962962962
1 0.33425925925925926 0.05648148148148148 0.12222222222222222 0.08888888888888889
0 0.4166666666666667 0.5481481481481482 0.10277777777777777 0.1361111111111111
0 0.46111111111111114 0.8101851851851852 0.09537037037037037 0.12314814814814815
0 0.375 0.31203703703703706 0.1037037037037037 0.12777777777777777
0 0.15925925925925927 0.31666666666666665 0.11296296296296296 0.13333333333333333
0 0.2462962962962963 0.8287037037037037 0.1037037037037037 0.11851851851851852
0 0.19722222222222222 0.5731481481481482 0.11481481481481481 0.13148148148148148
1 0.07777777777777778 0.08981481481481482 0.1388888888888889 0.06666666666666667