1 0.9805555555555555 0.8148148148148148 0.03796296296296296 0.11018518518518519
0 0.25 0.8777777777777778 0.12685185185185185 0.09351851851851851
0 0.7388888888888889 0.8296296296296296 0.12222222222222222 0.10277777777777777
0 0.49722222222222223 0.8453703703703703 0.12222222222222222 0.09074074074074075
1 0.9675925925925926 0.6805555555555556 0.06481481481481481 0.10555555555555556
0 0.25555555555555554 0.7342592592592593 0.1175925925925926 0.09537037037037037
0 0.5083333333333333 0.700925925925926 0.11944444444444445 0.09074074074074075
0 0.7444444444444445 0.6657407407407407 0.12222222222222222 0.10277777777777777
0 0.2388888888888889 0.5648148148148148 0.125 0.09537037037037037
1 0.9685185185185186 0.49722222222222223 0.062037037037037036 0.11481481481481481
0 0.4675925925925926 0.5388888888888889 0.12222222222222222 0.10092592592592593
0 0.7351851851851852 0.5083333333333333 0.125 0.10092592592592593
1 0.9611111111111111 0.29814814814814816 0.05462962962962963 0.1175925925925926
0 0.4666666666666667 0.3388888888888889 0.13148148148148148 0.09537037037037037
0 0.19907407407407407 0.36018518518518516 0.12685185185185185 0.11481481481481481
0 0.7175925925925926 0.3138888888888889 0.1388888888888889 0.10555555555555556
0 0.7277777777777777 0.09166666666666666 0.1398148148148148 0.11296296296296296
0 0.19814814814814816 0.13703703703703704 0.12222222222222222 0.11018518518518519
0 0.4601851851851852 0.11203703703703703 0.12685185185185185 0.10740740740740741