1 0.8148148148148148 0.019444444444444445 0.11018518518518519 0.03796296296296296
0 0.8777777777777778 0.75 0.09351851851851851 0.12685185185185185
0 0.8296296296296296 0.2611111111111111 0.10277777777777777 0.12222222222222222
0 0.8453703703703703 0.5027777777777778 0.09074074074074075 0.12222222222222222
1 0.6805555555555556 0.032407407407407406 0.10555555555555556 0.06481481481481481
0 0.7342592592592593 0.7444444444444445 0.09537037037037037 0.1175925925925926
0 0.700925925925926 0.49166666666666664 0.09074074074074075 0.11944444444444445
0 0.6657407407407407 0.25555555555555554 0.10277777777777777 0.12222222222222222
0 0.5648148148148148 0.7611111111111111 0.09537037037037037 0.125
1 0.49722222222222223 0.03148148148148148 0.11481481481481481 0.062037037037037036
0 0.5388888888888889 0.5324074074074074 0.10092592592592593 0.12222222222222222
0 0.5083333333333333 0.26481481481481484 0.10092592592592593 0.125
1 0.29814814814814816 0.03888888888888889 0.1175925925925926 0.05462962962962963
0 0.3388888888888889 0.5333333333333333 0.09537037037037037 0.13148148148148148
0 0.36018518518518516 0.8009259259259259 0.11481481481481481 0.12685185185185185
0 0.3138888888888889 0.2824074074074074 0.10555555555555556 0.1388888888888889
0 0.09166666666666666 0.2722222222222222 0.11296296296296296 0.1398148148148148
0 0.13703703703703704 0.8018518518518518 0.11018518518518519 0.12222222222222222
0 0.11203703703703703 0.5398148148148149 0.10740740740740741 0.12685185185185185