1 0.950925925925926 0.18611111111111112 0.09814814814814815 0.10277777777777777
0 0.17685185185185184 0.19074074074074074 0.11944444444444445 0.08148148148148149
0 0.6703703703703704 0.1962962962962963 0.1175925925925926 0.09351851851851851
0 0.42777777777777776 0.20185185185185187 0.11481481481481481 0.08148148148148149
1 0.9425925925925925 0.32407407407407407 0.11481481481481481 0.10092592592592593
0 0.1962962962962963 0.3333333333333333 0.11018518518518519 0.08611111111111111
0 0.45185185185185184 0.3453703703703704 0.11296296296296296 0.08148148148148149
0 0.6907407407407408 0.3592592592592593 0.11481481481481481 0.09351851851851851
0 0.19444444444444445 0.5037037037037037 0.11944444444444445 0.08611111111111111
1 0.9527777777777777 0.5083333333333333 0.09351851851851851 0.11018518518518519
0 0.42592592592592593 0.5120370370370371 0.11481481481481481 0.09074074074074075
0 0.6972222222222222 0.5175925925925926 0.11944444444444445 0.09074074074074075
1 0.9592592592592593 0.7083333333333334 0.08148148148148149 0.1175925925925926
0 0.4425925925925926 0.7111111111111111 0.12685185185185185 0.08611111111111111
0 0.17314814814814813 0.7129629629629629 0.11944444444444445 0.10555555555555556
0 0.6962962962962963 0.7148148148148148 0.13148148148148148 0.09351851851851851
0 0.725 0.937037037037037 0.13055555555555556 0.09814814814814815
0 0.19074074074074074 0.937037037037037 0.11481481481481481 0.10092592592592593
0 0.45555555555555555 0.9388888888888889 0.11944444444444445 0.10092592592592593
1 0.9712962962962963 0.9518518518518518 0.05740740740740741 0.09537037037037037