1 0.9851851851851852 0.8361111111111111 0.028703703703703703 0.11481481481481481
0 0.2861111111111111 0.9555555555555556 0.12962962962962962 0.08888888888888889
0 0.7592592592592593 0.8712962962962963 0.12685185185185185 0.11018518518518519
0 0.525 0.9074074074074074 0.125 0.10092592592592593
1 0.9675925925925926 0.7027777777777777 0.06481481481481481 0.11296296296296296
0 0.2814814814814815 0.8212962962962963 0.1175925925925926 0.09814814814814815
0 0.524074074074074 0.7657407407407407 0.12222222222222222 0.09814814814814815
0 0.75 0.7129629629629629 0.12685185185185185 0.11018518518518519
0 0.25092592592592594 0.6574074074074074 0.12685185185185185 0.10092592592592593
1 0.9611111111111111 0.524074074074074 0.07685185185185185 0.11944444444444445
0 0.47129629629629627 0.6101851851851852 0.12685185185185185 0.10740740740740741
0 0.7305555555555555 0.5592592592592592 0.12962962962962962 0.10740740740740741
1 0.9435185185185185 0.33425925925925926 0.08888888888888889 0.12222222222222222
0 0.45185185185185184 0.4166666666666667 0.1361111111111111 0.10277777777777777
0 0.18981481481481483 0.46111111111111114 0.12314814814814815 0.09537037037037037
0 0.687962962962963 0.375 0.12777777777777777 0.1037037037037037
0 0.6833333333333333 0.15925925925925927 0.13333333333333333 0.11296296296296296
0 0.1712962962962963 0.2462962962962963 0.11851851851851852 0.1037037037037037
0 0.42685185185185187 0.19722222222222222 0.13148148148148148 0.11481481481481481
1 0.9101851851851852 0.07777777777777778 0.06666666666666667 0.1388888888888889