1 0.8138888888888889 0.950925925925926 0.10277777777777777 0.09814814814814815
0 0.8092592592592592 0.17685185185185184 0.08148148148148149 0.11944444444444445
0 0.8037037037037037 0.6703703703703704 0.09351851851851851 0.1175925925925926
0 0.7981481481481482 0.42777777777777776 0.08148148148148149 0.11481481481481481
1 0.6759259259259259 0.9425925925925925 0.10092592592592593 0.11481481481481481
0 0.6666666666666666 0.1962962962962963 0.08611111111111111 0.11018518518518519
0 0.6546296296296297 0.45185185185185184 0.08148148148148149 0.11296296296296296
0 0.6407407407407407 0.6907407407407408 0.09351851851851851 0.11481481481481481
0 0.4962962962962963 0.19444444444444445 0.08611111111111111 0.11944444444444445
1 0.49166666666666664 0.9527777777777777 0.11018518518518519 0.09351851851851851
0 0.487962962962963 0.42592592592592593 0.09074074074074075 0.11481481481481481
0 0.4824074074074074 0.6972222222222222 0.09074074074074075 0.11944444444444445
1 0.2916666666666667 0.9592592592592593 0.1175925925925926 0.08148148148148149
0 0.28888888888888886 0.4425925925925926 0.08611111111111111 0.12685185185185185
0 0.28703703703703703 0.17314814814814813 0.10555555555555556 0.11944444444444445
0 0.2851851851851852 0.6962962962962963 0.09351851851851851 0.13148148148148148
0 0.06296296296296296 0.725 0.09814814814814815 0.13055555555555556
0 0.06296296296296296 0.19074074074074074 0.10092592592592593 0.11481481481481481
0 0.06111111111111111 0.45555555555555555 0.10092592592592593 0.11944444444444445
1 0.04814814814814815 0.9712962962962963 0.09537037037037037 0.05740740740740741