1 0.18703703703703703 0.9481481481481482 0.10555555555555556 0.10277777777777777
0 0.13055555555555556 0.2462962962962963 0.08333333333333333 0.1175925925925926
0 0.17592592592592593 0.6907407407407408 0.09537037037037037 0.11296296296296296
0 0.16111111111111112 0.47129629629629627 0.08333333333333333 0.11296296296296296
1 0.3111111111111111 0.9351851851851852 0.10277777777777777 0.12962962962962962
0 0.2611111111111111 0.25277777777777777 0.08611111111111111 0.10740740740740741
0 0.2916666666666667 0.4824074074074074 0.08333333333333333 0.10740740740740741
0 0.32407407407407407 0.6962962962962963 0.09537037037037037 0.11296296296296296
0 0.41574074074074074 0.23703703703703705 0.08611111111111111 0.11296296296296296
1 0.48055555555555557 0.937037037037037 0.11018518518518519 0.125
0 0.44074074074074077 0.4444444444444444 0.09074074074074075 0.11296296296296296
0 0.4675925925925926 0.6898148148148148 0.09074074074074075 0.11296296296296296
1 0.6611111111111111 0.9305555555555556 0.11481481481481481 0.125
0 0.6212962962962963 0.4444444444444444 0.08611111111111111 0.12222222222222222
0 0.6018518518518519 0.20185185185185187 0.10555555555555556 0.11296296296296296
0 0.6453703703703704 0.6675925925925926 0.09537037037037037 0.11574074074074074
0 0.8453703703703703 0.6824074074074075 0.10740740740740741 0.12314814814814815
0 0.8064814814814815 0.19907407407407407 0.10277777777777777 0.11296296296296296
0 0.8296296296296296 0.4388888888888889 0.10092592592592593 0.1175925925925926
1 0.9018518518518519 0.9203703703703704 0.13148148148148148 0.10092592592592593