1 0.18518518518518517 0.9805555555555555 0.11018518518518519 0.03796296296296296
0 0.12222222222222222 0.25 0.09351851851851851 0.12685185185185185
0 0.17037037037037037 0.7388888888888889 0.10277777777777777 0.12222222222222222
0 0.15462962962962962 0.49722222222222223 0.09074074074074075 0.12222222222222222
1 0.3194444444444444 0.9675925925925926 0.10555555555555556 0.06481481481481481
0 0.2657407407407407 0.25555555555555554 0.09537037037037037 0.1175925925925926
0 0.29907407407407405 0.5083333333333333 0.09074074074074075 0.11944444444444445
0 0.33425925925925926 0.7444444444444445 0.10277777777777777 0.12222222222222222
0 0.4351851851851852 0.2388888888888889 0.09537037037037037 0.125
1 0.5027777777777778 0.9685185185185186 0.11481481481481481 0.062037037037037036
0 0.46111111111111114 0.4675925925925926 0.10092592592592593 0.12222222222222222
0 0.49166666666666664 0.7351851851851852 0.10092592592592593 0.125
1 0.7018518518518518 0.9611111111111111 0.1175925925925926 0.05462962962962963
0 0.6611111111111111 0.4666666666666667 0.09537037037037037 0.13148148148148148
0 0.6398148148148148 0.19907407407407407 0.11481481481481481 0.12685185185185185
0 0.6861111111111111 0.7175925925925926 0.10555555555555556 0.1388888888888889
0 0.9083333333333333 0.7277777777777777 0.11296296296296296 0.1398148148148148
0 0.8629629629629629 0.19814814814814816 0.11018518518518519 0.12222222222222222
0 0.887962962962963 0.4601851851851852 0.10740740740740741 0.12685185185185185