1 0.05185185185185185 0.18703703703703703 0.10277777777777777 0.10555555555555556
0 0.7537037037037037 0.13055555555555556 0.1175925925925926 0.08333333333333333
0 0.30925925925925923 0.17592592592592593 0.11296296296296296 0.09537037037037037
0 0.5287037037037037 0.16111111111111112 0.11296296296296296 0.08333333333333333
1 0.06481481481481481 0.3111111111111111 0.12962962962962962 0.10277777777777777
0 0.7472222222222222 0.2611111111111111 0.10740740740740741 0.08611111111111111
0 0.5175925925925926 0.2916666666666667 0.10740740740740741 0.08333333333333333
0 0.3037037037037037 0.32407407407407407 0.11296296296296296 0.09537037037037037
0 0.762962962962963 0.41574074074074074 0.11296296296296296 0.08611111111111111
1 0.06296296296296296 0.48055555555555557 0.125 0.11018518518518519
0 0.5555555555555556 0.44074074074074077 0.11296296296296296 0.09074074074074075
0 0.3101851851851852 0.4675925925925926 0.11296296296296296 0.09074074074074075
1 0.06944444444444445 0.6611111111111111 0.125 0.11481481481481481
0 0.5555555555555556 0.6212962962962963 0.12222222222222222 0.08611111111111111
0 0.7981481481481482 0.6018518518518519 0.11296296296296296 0.10555555555555556
0 0.33240740740740743 0.6453703703703704 0.11574074074074074 0.09537037037037037
0 0.3175925925925926 0.8453703703703703 0.12314814814814815 0.10740740740740741
0 0.8009259259259259 0.8064814814814815 0.11296296296296296 0.10277777777777777
0 0.5611111111111111 0.8296296296296296 0.1175925925925926 0.10092592592592593
1 0.07962962962962963 0.9018518518518519 0.10092592592592593 0.13148148148148148