1 0.049074074074074076 0.8138888888888889 0.09814814814814815 0.10277777777777777
0 0.8231481481481482 0.8092592592592592 0.11944444444444445 0.08148148148148149
0 0.3296296296296296 0.8037037037037037 0.1175925925925926 0.09351851851851851
0 0.5722222222222222 0.7981481481481482 0.11481481481481481 0.08148148148148149
1 0.05740740740740741 0.6759259259259259 0.11481481481481481 0.10092592592592593
0 0.8037037037037037 0.6666666666666666 0.11018518518518519 0.08611111111111111
0 0.5481481481481482 0.6546296296296297 0.11296296296296296 0.08148148148148149
0 0.30925925925925923 0.6407407407407407 0.11481481481481481 0.09351851851851851
0 0.8055555555555556 0.4962962962962963 0.11944444444444445 0.08611111111111111
1 0.04722222222222222 0.49166666666666664 0.09351851851851851 0.11018518518518519
0 0.5740740740740741 0.487962962962963 0.11481481481481481 0.09074074074074075
0 0.30277777777777776 0.4824074074074074 0.11944444444444445 0.09074074074074075
1 0.040740740740740744 0.2916666666666667 0.08148148148148149 0.1175925925925926
0 0.5574074074074075 0.28888888888888886 0.12685185185185185 0.08611111111111111
0 0.8268518518518518 0.28703703703703703 0.11944444444444445 0.10555555555555556
0 0.3037037037037037 0.2851851851851852 0.13148148148148148 0.09351851851851851
0 0.275 0.06296296296296296 0.13055555555555556 0.09814814814814815
0 0.8092592592592592 0.06296296296296296 0.11481481481481481 0.10092592592592593
0 0.5444444444444444 0.06111111111111111 0.11944444444444445 0.10092592592592593
1 0.028703703703703703 0.04814814814814815 0.05740740740740741 0.09537037037037037