0 0.26481481481481484 0.22037037037037038 0.10555555555555556 0.0787037037037037
1 0.9222222222222223 0.20462962962962963 0.12222222222222222 0.09074074074074075
0 0.47685185185185186 0.22870370370370371 0.10277777777777777 0.07407407407407407
0 0.6898148148148148 0.22037037037037038 0.11296296296296296 0.08148148148148149
0 0.28888888888888886 0.3472222222222222 0.10277777777777777 0.0787037037037037
1 0.9064814814814814 0.3277777777777778 0.13148148148148148 0.08888888888888889
0 0.5046296296296297 0.3509259259259259 0.09814814814814815 0.07407407407407407
0 0.6972222222222222 0.3574074074074074 0.09537037037037037 0.06944444444444445
0 0.3037037037037037 0.49166666666666664 0.10740740740740741 0.08148148148148149
0 0.4888888888888889 0.4888888888888889 0.09537037037037037 0.06944444444444445
1 0.9185185185185185 0.4759259259259259 0.12222222222222222 0.09074074074074075
0 0.7046296296296296 0.4925925925925926 0.10277777777777777 0.07407407407407407
1 0.9287037037037037 0.6240740740740741 0.1175925925925926 0.08888888888888889
0 0.5046296296296297 0.6481481481481481 0.10277777777777777 0.0787037037037037
0 0.6990740740740741 0.6416666666666667 0.09814814814814815 0.07407407407407407
0 0.2972222222222222 0.6583333333333333 0.09537037037037037 0.07407407407407407
0 0.7222222222222222 0.8018518518518518 0.10277777777777777 0.07407407407407407
0 0.5287037037037037 0.812962962962963 0.09537037037037037 0.07407407407407407
0 0.32592592592592595 0.825925925925926 0.10277777777777777 0.08148148148148149
1 0.9351851851851852 0.8148148148148148 0.1175925925925926 0.09351851851851851