0 0.7324074074074074 0.2351851851851852 0.09351851851851851 0.0712962962962963
1 0.12777777777777777 0.24166666666666667 0.11018518518518519 0.0787037037037037
0 0.5361111111111111 0.25 0.09074074074074075 0.06666666666666667
0 0.3416666666666667 0.25 0.10092592592592593 0.0712962962962963
0 0.7129629629629629 0.3537037037037037 0.09351851851851851 0.0712962962962963
1 0.14537037037037037 0.35555555555555557 0.1175925925925926 0.07685185185185185
0 0.5157407407407407 0.362962962962963 0.08888888888888889 0.06666666666666667
0 0.3388888888888889 0.375 0.08611111111111111 0.062037037037037036
0 0.7046296296296296 0.48518518518518516 0.09537037037037037 0.0712962962962963
0 0.5333333333333333 0.49074074074074076 0.08611111111111111 0.062037037037037036
1 0.1398148148148148 0.49166666666666664 0.11018518518518519 0.0787037037037037
0 0.33611111111111114 0.5 0.09074074074074075 0.06666666666666667
1 0.13425925925925927 0.6277777777777778 0.10555555555555556 0.07685185185185185
0 0.524074074074074 0.6361111111111111 0.09074074074074075 0.06944444444444445
0 0.3453703703703704 0.6370370370370371 0.08888888888888889 0.06666666666666667
0 0.7166666666666667 0.6398148148148148 0.08611111111111111 0.06666666666666667
0 0.3296296296296296 0.7833333333333333 0.09074074074074075 0.06666666666666667
0 0.5074074074074074 0.7888888888888889 0.08611111111111111 0.06666666666666667
0 0.6935185185185185 0.7935185185185185 0.09351851851851851 0.0712962962962963
1 0.13425925925925927 0.8027777777777778 0.10555555555555556 0.08148148148148149