0 0.7694444444444445 0.7851851851851852 0.08148148148148149 0.10555555555555556
1 0.7731481481481481 0.12407407407407407 0.08888888888888889 0.12222222222222222
0 0.7574074074074074 0.5712962962962963 0.07407407407407407 0.10277777777777777
0 0.7611111111111111 0.3574074074074074 0.08148148148148149 0.11296296296296296
0 0.6398148148148148 0.7620370370370371 0.08148148148148149 0.10277777777777777
1 0.6481481481481481 0.14074074074074075 0.08611111111111111 0.13148148148148148
0 0.6333333333333333 0.5453703703703704 0.07407407407407407 0.09814814814814815
0 0.6240740740740741 0.35185185185185186 0.06944444444444445 0.09537037037037037
0 0.49537037037037035 0.75 0.08148148148148149 0.10740740740740741
0 0.49444444444444446 0.5638888888888889 0.06944444444444445 0.09537037037037037
1 0.5 0.13055555555555556 0.08888888888888889 0.12222222222222222
0 0.48703703703703705 0.3472222222222222 0.07407407407407407 0.10277777777777777
1 0.3509259259259259 0.12407407407407407 0.08611111111111111 0.1175925925925926
0 0.33425925925925926 0.5509259259259259 0.0787037037037037 0.10277777777777777
0 0.33611111111111114 0.35462962962962963 0.07407407407407407 0.09814814814814815
0 0.32685185185185184 0.7611111111111111 0.07407407407407407 0.09814814814814815
0 0.17685185185185184 0.3333333333333333 0.07407407407407407 0.10277777777777777
0 0.1685185185185185 0.5277777777777778 0.07407407407407407 0.09814814814814815
0 0.16018518518518518 0.7324074074074074 0.08148148148148149 0.10277777777777777
1 0.15833333333333333 0.12037037037037036 0.09074074074074075 0.1175925925925926