0 0.2675925925925926 0.7648148148148148 0.09351851851851851 0.0712962962962963
1 0.8722222222222222 0.7583333333333333 0.11018518518518519 0.0787037037037037
0 0.4638888888888889 0.75 0.09074074074074075 0.06666666666666667
0 0.6583333333333333 0.75 0.10092592592592593 0.0712962962962963
0 0.28703703703703703 0.6462962962962963 0.09351851851851851 0.0712962962962963
1 0.8546296296296296 0.6444444444444445 0.1175925925925926 0.07685185185185185
0 0.4842592592592593 0.6370370370370371 0.08888888888888889 0.06666666666666667
0 0.6611111111111111 0.625 0.08611111111111111 0.062037037037037036
0 0.2953703703703704 0.5148148148148148 0.09537037037037037 0.0712962962962963
0 0.4666666666666667 0.5092592592592593 0.08611111111111111 0.062037037037037036
1 0.8601851851851852 0.5083333333333333 0.11018518518518519 0.0787037037037037
0 0.6638888888888889 0.5 0.09074074074074075 0.06666666666666667
1 0.8657407407407407 0.37222222222222223 0.10555555555555556 0.07685185185185185
0 0.4759259259259259 0.3638888888888889 0.09074074074074075 0.06944444444444445
0 0.6546296296296297 0.362962962962963 0.08888888888888889 0.06666666666666667
0 0.2833333333333333 0.36018518518518516 0.08611111111111111 0.06666666666666667
0 0.6703703703703704 0.21666666666666667 0.09074074074074075 0.06666666666666667
0 0.4925925925925926 0.2111111111111111 0.08611111111111111 0.06666666666666667
0 0.30648148148148147 0.2064814814814815 0.09351851851851851 0.0712962962962963
1 0.8657407407407407 0.19722222222222222 0.10555555555555556 0.08148148148148149