0 0.2675925925925926 0.7657407407407407 0.08333333333333333 0.10277777777777777
1 0.19814814814814816 0.15462962962962962 0.09351851851851851 0.11944444444444445
0 0.2574074074074074 0.5657407407407408 0.07685185185185185 0.09814814814814815
0 0.23333333333333334 0.37037037037037035 0.08333333333333333 0.10740740740740741
0 0.38333333333333336 0.7324074074074074 0.08333333333333333 0.10277777777777777
1 0.31574074074074077 0.16203703703703703 0.09074074074074075 0.125
0 0.3675925925925926 0.5324074074074074 0.07685185185185185 0.09814814814814815
0 0.3592592592592593 0.35185185185185186 0.0712962962962963 0.09351851851851851
0 0.5157407407407407 0.7064814814814815 0.08333333333333333 0.10277777777777777
0 0.49907407407407406 0.5333333333333333 0.0712962962962963 0.09351851851851851
1 0.45185185185185184 0.13796296296296295 0.09351851851851851 0.11944444444444445
0 0.4842592592592593 0.3351851851851852 0.07685185185185185 0.09814814814814815
1 0.5888888888888889 0.11666666666666667 0.08888888888888889 0.11481481481481481
0 0.6453703703703704 0.5055555555555555 0.08148148148148149 0.09814814814814815
0 0.6240740740740741 0.32592592592592595 0.07685185185185185 0.09814814814814815
0 0.6722222222222223 0.700925925925926 0.07685185185185185 0.09351851851851851
0 0.7703703703703704 0.2935185185185185 0.0787037037037037 0.10277777777777777
0 0.7972222222222223 0.47129629629629627 0.07685185185185185 0.09351851851851851
0 0.8240740740740741 0.6574074074074074 0.08333333333333333 0.10277777777777777
1 0.7657407407407407 0.09537037037037037 0.09351851851851851 0.11481481481481481