0 0.7342592592592593 0.2064814814814815 0.08888888888888889 0.10740740740740741
1 0.8157407407407408 0.8351851851851851 0.09537037037037037 0.125
0 0.7472222222222222 0.41203703703703703 0.08333333333333333 0.10555555555555556
0 0.775 0.6138888888888889 0.09074074074074075 0.11481481481481481
0 0.6138888888888889 0.24259259259259258 0.08888888888888889 0.10740740740740741
1 0.6944444444444444 0.8333333333333334 0.09814814814814815 0.13425925925925927
0 0.6333333333333333 0.44907407407407407 0.08333333333333333 0.10277777777777777
0 0.6462962962962963 0.6342592592592593 0.0787037037037037 0.10092592592592593
0 0.47685185185185186 0.2712962962962963 0.09074074074074075 0.11018518518518519
0 0.49722222222222223 0.44907407407407407 0.0787037037037037 0.10092592592592593
1 0.5537037037037037 0.8601851851851852 0.09537037037037037 0.125
0 0.5166666666666667 0.6546296296296297 0.08333333333333333 0.10555555555555556
1 0.41388888888888886 0.8842592592592593 0.09537037037037037 0.11944444444444445
0 0.3472222222222222 0.47962962962962963 0.08333333333333333 0.10555555555555556
0 0.37222222222222223 0.6666666666666666 0.08333333333333333 0.10277777777777777
0 0.31574074074074077 0.2814814814814815 0.08333333333333333 0.10092592592592593
0 0.22314814814814815 0.7055555555555556 0.08333333333333333 0.10555555555555556
0 0.1925925925925926 0.5203703703703704 0.08333333333333333 0.10092592592592593
0 0.15833333333333333 0.32685185185185184 0.08888888888888889 0.10740740740740741
1 0.23055555555555557 0.9101851851851852 0.10092592592592593 0.12222222222222222