0 0.7324074074074074 0.23425925925925925 0.08333333333333333 0.10277777777777777
1 0.8018518518518518 0.8453703703703703 0.09351851851851851 0.11944444444444445
0 0.7425925925925926 0.43425925925925923 0.07685185185185185 0.09814814814814815
0 0.7666666666666667 0.6296296296296297 0.08333333333333333 0.10740740740740741
0 0.6166666666666667 0.2675925925925926 0.08333333333333333 0.10277777777777777
1 0.6842592592592592 0.8379629629629629 0.09074074074074075 0.125
0 0.6324074074074074 0.4675925925925926 0.07685185185185185 0.09814814814814815
0 0.6407407407407407 0.6481481481481481 0.0712962962962963 0.09351851851851851
0 0.4842592592592593 0.2935185185185185 0.08333333333333333 0.10277777777777777
0 0.5009259259259259 0.4666666666666667 0.0712962962962963 0.09351851851851851
1 0.5481481481481482 0.862037037037037 0.09351851851851851 0.11944444444444445
0 0.5157407407407407 0.6648148148148149 0.07685185185185185 0.09814814814814815
1 0.4111111111111111 0.8833333333333333 0.08888888888888889 0.11481481481481481
0 0.35462962962962963 0.49444444444444446 0.08148148148148149 0.09814814814814815
0 0.37592592592592594 0.674074074074074 0.07685185185185185 0.09814814814814815
0 0.3277777777777778 0.29907407407407405 0.07685185185185185 0.09351851851851851
0 0.22962962962962963 0.7064814814814815 0.0787037037037037 0.10277777777777777
0 0.20277777777777778 0.5287037037037037 0.07685185185185185 0.09351851851851851
0 0.17592592592592593 0.3425925925925926 0.08333333333333333 0.10277777777777777
1 0.23425925925925925 0.9046296296296297 0.09351851851851851 0.11481481481481481