0 0.7425925925925926 0.7666666666666667 0.09351851851851851 0.11481481481481481
1 0.8212962962962963 0.09351851851851851 0.10555555555555556 0.125
0 0.7546296296296297 0.5444444444444444 0.08888888888888889 0.11296296296296296
0 0.7814814814814814 0.32592592592592595 0.09537037037037037 0.125
0 0.6157407407407407 0.7287037037037037 0.09351851851851851 0.11481481481481481
1 0.6898148148148148 0.09259259259259259 0.10277777777777777 0.14351851851851852
0 0.6305555555555555 0.5055555555555555 0.08888888888888889 0.11018518518518519
0 0.6407407407407407 0.30648148148148147 0.08333333333333333 0.10277777777777777
0 0.4666666666666667 0.7018518518518518 0.09351851851851851 0.1175925925925926
0 0.48518518518518516 0.5092592592592593 0.08333333333333333 0.10277777777777777
1 0.5388888888888889 0.06574074074074074 0.10555555555555556 0.13148148148148148
0 0.5027777777777778 0.28703703703703703 0.08888888888888889 0.11296296296296296
1 0.387037037037037 0.053703703703703705 0.10092592592592593 0.10740740740740741
0 0.32314814814814813 0.4787037037037037 0.09074074074074075 0.11296296296296296
0 0.3472222222222222 0.2777777777777778 0.08888888888888889 0.11018518518518519
0 0.2935185185185185 0.6935185185185185 0.08888888888888889 0.10555555555555556
0 0.18425925925925926 0.2388888888888889 0.08888888888888889 0.11296296296296296
0 0.1537037037037037 0.4388888888888889 0.08888888888888889 0.10555555555555556
0 0.12407407407407407 0.6462962962962963 0.09351851851851851 0.11481481481481481
1 0.18981481481481483 0.041666666666666664 0.10555555555555556 0.08333333333333333