0 0.2574074074074074 0.14629629629629629 0.10740740740740741 0.08611111111111111
1 0.9287037037037037 0.17685185185185184 0.125 0.09074074074074075
0 0.475 0.16944444444444445 0.10277777777777777 0.07685185185185185
0 0.6898148148148148 0.17685185185185184 0.11296296296296296 0.08611111111111111
0 0.27314814814814814 0.2777777777777778 0.10740740740740741 0.08611111111111111
1 0.9027777777777778 0.30277777777777776 0.13148148148148148 0.09074074074074075
0 0.4925925925925926 0.2972222222222222 0.10092592592592593 0.07685185185185185
0 0.687037037037037 0.31574074074074077 0.09814814814814815 0.0712962962962963
0 0.2777777777777778 0.42592592592592593 0.10740740740740741 0.08611111111111111
0 0.4675925925925926 0.43703703703703706 0.09814814814814815 0.0712962962962963
1 0.9064814814814814 0.4546296296296296 0.125 0.09074074074074075
0 0.6851851851851852 0.45555555555555555 0.10277777777777777 0.07685185185185185
1 0.9046296296296297 0.6055555555555555 0.11944444444444445 0.09074074074074075
0 0.4722222222222222 0.5981481481481481 0.10277777777777777 0.0787037037037037
0 0.6722222222222223 0.6083333333333333 0.10092592592592593 0.07685185185185185
0 0.25833333333333336 0.5962962962962963 0.09814814814814815 0.07685185185185185
0 0.6814814814814815 0.7703703703703704 0.10740740740740741 0.0787037037037037
0 0.48518518518518516 0.7703703703703704 0.09814814814814815 0.07685185185185185
0 0.2777777777777778 0.7675925925925926 0.10740740740740741 0.08611111111111111
1 0.8981481481481481 0.8009259259259259 0.11944444444444445 0.09537037037037037