0 0.6861111111111111 0.8037037037037037 0.10555555555555556 0.08611111111111111
1 0.07777777777777778 0.7018518518518518 0.125 0.09814814814814815
0 0.49166666666666664 0.7592592592592593 0.10092592592592593 0.08148148148148149
0 0.29444444444444445 0.7287037037037037 0.11296296296296296 0.08611111111111111
0 0.6851851851851852 0.6824074074074075 0.10555555555555556 0.08611111111111111
1 0.11574074074074074 0.5898148148148148 0.12685185185185185 0.09351851851851851
0 0.487962962962963 0.6416666666666667 0.10092592592592593 0.08148148148148149
0 0.31296296296296294 0.6018518518518519 0.09537037037037037 0.07407407407407407
0 0.6981481481481482 0.5481481481481482 0.10740740740740741 0.08611111111111111
0 0.5268518518518519 0.5166666666666667 0.09537037037037037 0.07407407407407407
1 0.12962962962962962 0.45185185185185184 0.125 0.09814814814814815
0 0.3296296296296296 0.4759259259259259 0.10092592592592593 0.08148148148148149
1 0.14629629629629629 0.3148148148148148 0.1175925925925926 0.09351851851851851
0 0.5398148148148149 0.36944444444444446 0.10092592592592593 0.08611111111111111
0 0.36018518518518516 0.3388888888888889 0.10092592592592593 0.08148148148148149
0 0.7342592592592593 0.39537037037037037 0.09537037037037037 0.0787037037037037
0 0.36944444444444446 0.18888888888888888 0.10555555555555556 0.08148148148148149
0 0.5481481481481482 0.2111111111111111 0.09537037037037037 0.0787037037037037
0 0.737037037037037 0.23703703703703705 0.10555555555555556 0.08611111111111111
1 0.17592592592592593 0.13796296296296295 0.11944444444444445 0.10092592592592593