0 0.7351851851851852 0.7796296296296297 0.10555555555555556 0.0787037037037037
1 0.07777777777777778 0.7953703703703704 0.12222222222222222 0.09074074074074075
0 0.5231481481481481 0.7712962962962963 0.10277777777777777 0.07407407407407407
0 0.3101851851851852 0.7796296296296297 0.11296296296296296 0.08148148148148149
0 0.7111111111111111 0.6527777777777778 0.10277777777777777 0.0787037037037037
1 0.09351851851851851 0.6722222222222223 0.13148148148148148 0.08888888888888889
0 0.49537037037037035 0.649074074074074 0.09814814814814815 0.07407407407407407
0 0.30277777777777776 0.6425925925925926 0.09537037037037037 0.06944444444444445
0 0.6962962962962963 0.5083333333333333 0.10740740740740741 0.08148148148148149
0 0.5111111111111111 0.5111111111111111 0.09537037037037037 0.06944444444444445
1 0.08148148148148149 0.524074074074074 0.12222222222222222 0.09074074074074075
0 0.2953703703703704 0.5074074074074074 0.10277777777777777 0.07407407407407407
1 0.0712962962962963 0.37592592592592594 0.1175925925925926 0.08888888888888889
0 0.49537037037037035 0.35185185185185186 0.10277777777777777 0.0787037037037037
0 0.30092592592592593 0.35833333333333334 0.09814814814814815 0.07407407407407407
0 0.7027777777777777 0.3416666666666667 0.09537037037037037 0.07407407407407407
0 0.2777777777777778 0.19814814814814816 0.10277777777777777 0.07407407407407407
0 0.47129629629629627 0.18703703703703703 0.09537037037037037 0.07407407407407407
0 0.674074074074074 0.17407407407407408 0.10277777777777777 0.08148148148148149
1 0.06481481481481481 0.18518518518518517 0.1175925925925926 0.09351851851851851