0 0.2064814814814815 0.2657407407407407 0.10740740740740741 0.08888888888888889
1 0.8351851851851851 0.18425925925925926 0.125 0.09537037037037037
0 0.41203703703703703 0.25277777777777777 0.10555555555555556 0.08333333333333333
0 0.6138888888888889 0.225 0.11481481481481481 0.09074074074074075
0 0.24259259259259258 0.3861111111111111 0.10740740740740741 0.08888888888888889
1 0.8333333333333334 0.3055555555555556 0.13425925925925927 0.09814814814814815
0 0.44907407407407407 0.36666666666666664 0.10277777777777777 0.08333333333333333
0 0.6342592592592593 0.3537037037037037 0.10092592592592593 0.0787037037037037
0 0.2712962962962963 0.5231481481481481 0.11018518518518519 0.09074074074074075
0 0.44907407407407407 0.5027777777777778 0.10092592592592593 0.0787037037037037
1 0.8601851851851852 0.4462962962962963 0.125 0.09537037037037037
0 0.6546296296296297 0.48333333333333334 0.10555555555555556 0.08333333333333333
1 0.8842592592592593 0.5861111111111111 0.11944444444444445 0.09537037037037037
0 0.47962962962962963 0.6527777777777778 0.10555555555555556 0.08333333333333333
0 0.6666666666666666 0.6277777777777778 0.10277777777777777 0.08333333333333333
0 0.2814814814814815 0.6842592592592592 0.10092592592592593 0.08333333333333333
0 0.7055555555555556 0.7768518518518519 0.10555555555555556 0.08333333333333333
0 0.5203703703703704 0.8074074074074075 0.10092592592592593 0.08333333333333333
0 0.32685185185185184 0.8416666666666667 0.10740740740740741 0.08888888888888889
1 0.9101851851851852 0.7694444444444445 0.12222222222222222 0.10092592592592593