0 0.2101851851851852 0.30277777777777776 0.09074074074074075 0.11018518518518519
1 0.31851851851851853 0.9407407407407408 0.10277777777777777 0.1175925925925926
0 0.25925925925925924 0.5083333333333333 0.08611111111111111 0.10740740740740741
0 0.2916666666666667 0.7175925925925926 0.09351851851851851 0.11944444444444445
0 0.3398148148148148 0.30277777777777776 0.09074074074074075 0.11018518518518519
1 0.4388888888888889 0.9083333333333333 0.10092592592592593 0.1388888888888889
0 0.3824074074074074 0.5120370370370371 0.08611111111111111 0.10555555555555556
0 0.42592592592592593 0.6990740740740741 0.08148148148148149 0.10277777777777777
0 0.4824074074074074 0.28888888888888886 0.09074074074074075 0.11481481481481481
0 0.5157407407407407 0.47129629629629627 0.08148148148148149 0.10277777777777777
1 0.5842592592592593 0.8925925925925926 0.10277777777777777 0.13148148148148148
0 0.5601851851851852 0.6805555555555556 0.08611111111111111 0.10740740740740741
1 0.7305555555555555 0.875 0.09814814814814815 0.12685185185185185
0 0.6731481481481482 0.4564814814814815 0.09074074074074075 0.11018518518518519
0 0.7055555555555556 0.6481481481481481 0.08611111111111111 0.10555555555555556
0 0.6453703703703704 0.25092592592592594 0.08611111111111111 0.10277777777777777
0 0.8657407407407407 0.6398148148148148 0.08611111111111111 0.10740740740740741
0 0.8398148148148148 0.44814814814814813 0.08611111111111111 0.10277777777777777
0 0.812962962962963 0.2490740740740741 0.09351851851851851 0.11296296296296296
1 0.9185185185185185 0.8453703703703703 0.10555555555555556 0.12685185185185185