0 0.3138888888888889 0.1962962962962963 0.10555555555555556 0.08611111111111111
1 0.9222222222222223 0.29814814814814816 0.125 0.09814814814814815
0 0.5083333333333333 0.24074074074074073 0.10092592592592593 0.08148148148148149
0 0.7055555555555556 0.2712962962962963 0.11296296296296296 0.08611111111111111
0 0.3148148148148148 0.3175925925925926 0.10555555555555556 0.08611111111111111
1 0.8842592592592593 0.4101851851851852 0.12685185185185185 0.09351851851851851
0 0.5120370370370371 0.35833333333333334 0.10092592592592593 0.08148148148148149
0 0.687037037037037 0.39814814814814814 0.09537037037037037 0.07407407407407407
0 0.30185185185185187 0.45185185185185184 0.10740740740740741 0.08611111111111111
0 0.47314814814814815 0.48333333333333334 0.09537037037037037 0.07407407407407407
1 0.8703703703703703 0.5481481481481482 0.125 0.09814814814814815
0 0.6703703703703704 0.524074074074074 0.10092592592592593 0.08148148148148149
1 0.8537037037037037 0.6851851851851852 0.1175925925925926 0.09351851851851851
0 0.4601851851851852 0.6305555555555555 0.10092592592592593 0.08611111111111111
0 0.6398148148148148 0.6611111111111111 0.10092592592592593 0.08148148148148149
0 0.2657407407407407 0.6046296296296296 0.09537037037037037 0.0787037037037037
0 0.6305555555555555 0.8111111111111111 0.10555555555555556 0.08148148148148149
0 0.45185185185185184 0.7888888888888889 0.09537037037037037 0.0787037037037037
0 0.26296296296296295 0.762962962962963 0.10555555555555556 0.08611111111111111
1 0.8240740740740741 0.862037037037037 0.11944444444444445 0.10092592592592593