0 0.8175925925925925 0.8537037037037037 0.11018518518518519 0.08611111111111111
1 0.12222222222222222 0.8592592592592593 0.12962962962962962 0.09351851851851851
0 0.5916666666666667 0.8416666666666667 0.10740740740740741 0.0787037037037037
0 0.3675925925925926 0.8453703703703703 0.1175925925925926 0.08333333333333333
0 0.7916666666666666 0.7185185185185186 0.11018518518518519 0.08611111111111111
1 0.14166666666666666 0.7268518518518519 0.13425925925925927 0.09074074074074075
0 0.5657407407407408 0.7111111111111111 0.10277777777777777 0.0787037037037037
0 0.362962962962963 0.700925925925926 0.10277777777777777 0.07407407407407407
0 0.7796296296296297 0.5675925925925925 0.11296296296296296 0.08333333333333333
0 0.5842592592592593 0.5648148148148148 0.10277777777777777 0.07407407407407407
1 0.13055555555555556 0.5712962962962963 0.12962962962962962 0.09351851851851851
0 0.3574074074074074 0.5574074074074075 0.10740740740740741 0.0787037037037037
1 0.12222222222222222 0.4148148148148148 0.12222222222222222 0.09074074074074075
0 0.5712962962962963 0.39814814814814814 0.10740740740740741 0.08333333333333333
0 0.36574074074074076 0.4 0.10277777777777777 0.0787037037037037
0 0.7907407407407407 0.3907407407407407 0.10277777777777777 0.0787037037037037
0 0.3453703703703704 0.2324074074074074 0.11018518518518519 0.0787037037037037
0 0.5481481481481482 0.2222222222222222 0.10277777777777777 0.0787037037037037
0 0.7620370370370371 0.21388888888888888 0.11018518518518519 0.08333333333333333
1 0.11944444444444445 0.21296296296296297 0.12222222222222222 0.09537037037037037