0 0.30277777777777776 0.7898148148148149 0.11018518518518519 0.09074074074074075
1 0.9407407407407408 0.6814814814814815 0.1175925925925926 0.10277777777777777
0 0.5083333333333333 0.7407407407407407 0.10740740740740741 0.08611111111111111
0 0.7175925925925926 0.7083333333333334 0.11944444444444445 0.09351851851851851
0 0.30277777777777776 0.6601851851851852 0.11018518518518519 0.09074074074074075
1 0.9083333333333333 0.5611111111111111 0.1388888888888889 0.10092592592592593
0 0.5120370370370371 0.6175925925925926 0.10555555555555556 0.08611111111111111
0 0.6990740740740741 0.5740740740740741 0.10277777777777777 0.08148148148148149
0 0.28888888888888886 0.5175925925925926 0.11481481481481481 0.09074074074074075
0 0.47129629629629627 0.4842592592592593 0.10277777777777777 0.08148148148148149
1 0.8925925925925926 0.41574074074074074 0.13148148148148148 0.10277777777777777
0 0.6805555555555556 0.4398148148148148 0.10740740740740741 0.08611111111111111
1 0.875 0.26944444444444443 0.12685185185185185 0.09814814814814815
0 0.4564814814814815 0.32685185185185184 0.11018518518518519 0.09074074074074075
0 0.6481481481481481 0.29444444444444445 0.10555555555555556 0.08611111111111111
0 0.25092592592592594 0.35462962962962963 0.10277777777777777 0.08611111111111111
0 0.6398148148148148 0.13425925925925927 0.10740740740740741 0.08611111111111111
0 0.44814814814814813 0.16018518518518518 0.10277777777777777 0.08611111111111111
0 0.2490740740740741 0.18703703703703703 0.11296296296296296 0.09351851851851851
1 0.8453703703703703 0.08148148148148149 0.12685185185185185 0.10555555555555556