0 0.2351851851851852 0.2675925925925926 0.0712962962962963 0.09351851851851851
1 0.24166666666666667 0.8722222222222222 0.0787037037037037 0.11018518518518519
0 0.25 0.4638888888888889 0.06666666666666667 0.09074074074074075
0 0.25 0.6583333333333333 0.0712962962962963 0.10092592592592593
0 0.3537037037037037 0.28703703703703703 0.0712962962962963 0.09351851851851851
1 0.35555555555555557 0.8546296296296296 0.07685185185185185 0.1175925925925926
0 0.362962962962963 0.4842592592592593 0.06666666666666667 0.08888888888888889
0 0.375 0.6611111111111111 0.062037037037037036 0.08611111111111111
0 0.48518518518518516 0.2953703703703704 0.0712962962962963 0.09537037037037037
0 0.49074074074074076 0.4666666666666667 0.062037037037037036 0.08611111111111111
1 0.49166666666666664 0.8601851851851852 0.0787037037037037 0.11018518518518519
0 0.5 0.6638888888888889 0.06666666666666667 0.09074074074074075
1 0.6277777777777778 0.8657407407407407 0.07685185185185185 0.10555555555555556
0 0.6361111111111111 0.4759259259259259 0.06944444444444445 0.09074074074074075
0 0.6370370370370371 0.6546296296296297 0.06666666666666667 0.08888888888888889
0 0.6398148148148148 0.2833333333333333 0.06666666666666667 0.08611111111111111
0 0.7833333333333333 0.6703703703703704 0.06666666666666667 0.09074074074074075
0 0.7888888888888889 0.4925925925925926 0.06666666666666667 0.08611111111111111
0 0.7935185185185185 0.30648148148148147 0.0712962962962963 0.09351851851851851
1 0.8027777777777778 0.8657407407407407 0.08148148148148149 0.10555555555555556