0 0.21481481481481482 0.7694444444444445 0.10555555555555556 0.08148148148148149
1 0.8759259259259259 0.7731481481481481 0.12222222222222222 0.08888888888888889
0 0.4287037037037037 0.7574074074074074 0.10277777777777777 0.07407407407407407
0 0.6425925925925926 0.7611111111111111 0.11296296296296296 0.08148148148148149
0 0.23796296296296296 0.6398148148148148 0.10277777777777777 0.08148148148148149
1 0.8592592592592593 0.6481481481481481 0.13148148148148148 0.08611111111111111
0 0.4546296296296296 0.6333333333333333 0.09814814814814815 0.07407407407407407
0 0.6481481481481481 0.6240740740740741 0.09537037037037037 0.06944444444444445
0 0.25 0.49537037037037035 0.10740740740740741 0.08148148148148149
0 0.4361111111111111 0.49444444444444446 0.09537037037037037 0.06944444444444445
1 0.8694444444444445 0.5 0.12222222222222222 0.08888888888888889
0 0.6527777777777778 0.48703703703703705 0.10277777777777777 0.07407407407407407
1 0.8759259259259259 0.3509259259259259 0.1175925925925926 0.08611111111111111
0 0.44907407407407407 0.33425925925925926 0.10277777777777777 0.0787037037037037
0 0.6453703703703704 0.33611111111111114 0.09814814814814815 0.07407407407407407
0 0.2388888888888889 0.32685185185185184 0.09814814814814815 0.07407407407407407
0 0.6666666666666666 0.17685185185185184 0.10277777777777777 0.07407407407407407
0 0.4722222222222222 0.1685185185185185 0.09814814814814815 0.07407407407407407
0 0.2675925925925926 0.16018518518518518 0.10277777777777777 0.08148148148148149
1 0.8796296296296297 0.15833333333333333 0.1175925925925926 0.09074074074074075