0 0.7666666666666667 0.2574074074074074 0.11481481481481481 0.09351851851851851
1 0.09351851851851851 0.1787037037037037 0.125 0.10555555555555556
0 0.5444444444444444 0.24537037037037038 0.11296296296296296 0.08888888888888889
0 0.32592592592592595 0.21851851851851853 0.125 0.09537037037037037
0 0.7287037037037037 0.38425925925925924 0.11481481481481481 0.09351851851851851
1 0.09259259259259259 0.3101851851851852 0.14351851851851852 0.10277777777777777
0 0.5055555555555555 0.36944444444444446 0.11018518518518519 0.08888888888888889
0 0.30648148148148147 0.3592592592592593 0.10277777777777777 0.08333333333333333
0 0.7018518518518518 0.5333333333333333 0.1175925925925926 0.09351851851851851
0 0.5092592592592593 0.5148148148148148 0.10277777777777777 0.08333333333333333
1 0.06574074074074074 0.46111111111111114 0.13148148148148148 0.10555555555555556
0 0.28703703703703703 0.49722222222222223 0.11296296296296296 0.08888888888888889
1 0.053703703703703705 0.6129629629629629 0.10740740740740741 0.10092592592592593
0 0.4787037037037037 0.6768518518518518 0.11296296296296296 0.09074074074074075
0 0.2777777777777778 0.6527777777777778 0.11018518518518519 0.08888888888888889
0 0.6935185185185185 0.7064814814814815 0.10555555555555556 0.08888888888888889
0 0.2388888888888889 0.8157407407407408 0.11296296296296296 0.08888888888888889
0 0.4388888888888889 0.8462962962962963 0.10555555555555556 0.08888888888888889
0 0.6462962962962963 0.8759259259259259 0.11481481481481481 0.09351851851851851
1 0.041666666666666664 0.8101851851851852 0.08333333333333333 0.10555555555555556