0 0.7657407407407407 0.7324074074074074 0.10277777777777777 0.08333333333333333
1 0.15462962962962962 0.8018518518518518 0.11944444444444445 0.09351851851851851
0 0.5657407407407408 0.7425925925925926 0.09814814814814815 0.07685185185185185
0 0.37037037037037035 0.7666666666666667 0.10740740740740741 0.08333333333333333
0 0.7324074074074074 0.6166666666666667 0.10277777777777777 0.08333333333333333
1 0.16203703703703703 0.6842592592592592 0.125 0.09074074074074075
0 0.5324074074074074 0.6324074074074074 0.09814814814814815 0.07685185185185185
0 0.35185185185185186 0.6407407407407407 0.09351851851851851 0.0712962962962963
0 0.7064814814814815 0.4842592592592593 0.10277777777777777 0.08333333333333333
0 0.5333333333333333 0.5009259259259259 0.09351851851851851 0.0712962962962963
1 0.13796296296296295 0.5481481481481482 0.11944444444444445 0.09351851851851851
0 0.3351851851851852 0.5157407407407407 0.09814814814814815 0.07685185185185185
1 0.11666666666666667 0.4111111111111111 0.11481481481481481 0.08888888888888889
0 0.5055555555555555 0.35462962962962963 0.09814814814814815 0.08148148148148149
0 0.32592592592592595 0.37592592592592594 0.09814814814814815 0.07685185185185185
0 0.700925925925926 0.3277777777777778 0.09351851851851851 0.07685185185185185
0 0.2935185185185185 0.22962962962962963 0.10277777777777777 0.0787037037037037
0 0.47129629629629627 0.20277777777777778 0.09351851851851851 0.07685185185185185
0 0.6574074074074074 0.17592592592592593 0.10277777777777777 0.08333333333333333
1 0.09537037037037037 0.23425925925925925 0.11481481481481481 0.09351851851851851