0 0.8537037037037037 0.1824074074074074 0.08611111111111111 0.11018518518518519
1 0.8592592592592593 0.8777777777777778 0.09351851851851851 0.12962962962962962
0 0.8416666666666667 0.4083333333333333 0.0787037037037037 0.10740740740740741
0 0.8453703703703703 0.6324074074074074 0.08333333333333333 0.1175925925925926
0 0.7185185185185186 0.20833333333333334 0.08611111111111111 0.11018518518518519
1 0.7268518518518519 0.8583333333333333 0.09074074074074075 0.13425925925925927
0 0.7111111111111111 0.43425925925925923 0.0787037037037037 0.10277777777777777
0 0.700925925925926 0.6370370370370371 0.07407407407407407 0.10277777777777777
0 0.5675925925925925 0.22037037037037038 0.08333333333333333 0.11296296296296296
0 0.5648148148148148 0.41574074074074074 0.07407407407407407 0.10277777777777777
1 0.5712962962962963 0.8694444444444445 0.09351851851851851 0.12962962962962962
0 0.5574074074074075 0.6425925925925926 0.0787037037037037 0.10740740740740741
1 0.4148148148148148 0.8777777777777778 0.09074074074074075 0.12222222222222222
0 0.39814814814814814 0.4287037037037037 0.08333333333333333 0.10740740740740741
0 0.4 0.6342592592592593 0.0787037037037037 0.10277777777777777
0 0.3907407407407407 0.20925925925925926 0.0787037037037037 0.10277777777777777
0 0.2324074074074074 0.6546296296296297 0.0787037037037037 0.11018518518518519
0 0.2222222222222222 0.45185185185185184 0.0787037037037037 0.10277777777777777
0 0.21388888888888888 0.23796296296296296 0.08333333333333333 0.11018518518518519
1 0.21296296296296297 0.8805555555555555 0.09537037037037037 0.12222222222222222