0 0.7796296296296297 0.26481481481481484 0.0787037037037037 0.10555555555555556
1 0.7953703703703704 0.9222222222222223 0.09074074074074075 0.12222222222222222
0 0.7712962962962963 0.47685185185185186 0.07407407407407407 0.10277777777777777
0 0.7796296296296297 0.6898148148148148 0.08148148148148149 0.11296296296296296
0 0.6527777777777778 0.28888888888888886 0.0787037037037037 0.10277777777777777
1 0.6722222222222223 0.9064814814814814 0.08888888888888889 0.13148148148148148
0 0.649074074074074 0.5046296296296297 0.07407407407407407 0.09814814814814815
0 0.6425925925925926 0.6972222222222222 0.06944444444444445 0.09537037037037037
0 0.5083333333333333 0.3037037037037037 0.08148148148148149 0.10740740740740741
0 0.5111111111111111 0.4888888888888889 0.06944444444444445 0.09537037037037037
1 0.524074074074074 0.9185185185185185 0.09074074074074075 0.12222222222222222
0 0.5074074074074074 0.7046296296296296 0.07407407407407407 0.10277777777777777
1 0.37592592592592594 0.9287037037037037 0.08888888888888889 0.1175925925925926
0 0.35185185185185186 0.5046296296296297 0.0787037037037037 0.10277777777777777
0 0.35833333333333334 0.6990740740740741 0.07407407407407407 0.09814814814814815
0 0.3416666666666667 0.2972222222222222 0.07407407407407407 0.09537037037037037
0 0.19814814814814816 0.7222222222222222 0.07407407407407407 0.10277777777777777
0 0.18703703703703703 0.5287037037037037 0.07407407407407407 0.09537037037037037
0 0.17407407407407408 0.32592592592592595 0.08148148148148149 0.10277777777777777
1 0.18518518518518517 0.9351851851851852 0.09351851851851851 0.1175925925925926