0 0.8537037037037037 0.2574074074074074 0.08611111111111111 0.10740740740740741
1 0.8231481481481482 0.9287037037037037 0.09074074074074075 0.125
0 0.8305555555555556 0.475 0.07685185185185185 0.10277777777777777
0 0.8231481481481482 0.6898148148148148 0.08611111111111111 0.11296296296296296
0 0.7222222222222222 0.27314814814814814 0.08611111111111111 0.10740740740740741
1 0.6972222222222222 0.9027777777777778 0.09074074074074075 0.13148148148148148
0 0.7027777777777777 0.4925925925925926 0.07685185185185185 0.10092592592592593
0 0.6842592592592592 0.687037037037037 0.0712962962962963 0.09814814814814815
0 0.5740740740740741 0.2777777777777778 0.08611111111111111 0.10740740740740741
0 0.562962962962963 0.4675925925925926 0.0712962962962963 0.09814814814814815
1 0.5453703703703704 0.9064814814814814 0.09074074074074075 0.125
0 0.5444444444444444 0.6851851851851852 0.07685185185185185 0.10277777777777777
1 0.39444444444444443 0.9046296296296297 0.09074074074074075 0.11944444444444445
0 0.40185185185185185 0.4722222222222222 0.0787037037037037 0.10277777777777777
0 0.39166666666666666 0.6722222222222223 0.07685185185185185 0.10092592592592593
0 0.40370370370370373 0.25833333333333336 0.07685185185185185 0.09814814814814815
0 0.22962962962962963 0.6814814814814815 0.0787037037037037 0.10740740740740741
0 0.22962962962962963 0.48518518518518516 0.07685185185185185 0.09814814814814815
0 0.2324074074074074 0.2777777777777778 0.08611111111111111 0.10740740740740741
1 0.19907407407407407 0.8981481481481481 0.09537037037037037 0.11944444444444445