0 0.7648148148148148 0.7324074074074074 0.0712962962962963 0.09351851851851851
1 0.7583333333333333 0.12777777777777777 0.0787037037037037 0.11018518518518519
0 0.75 0.5361111111111111 0.06666666666666667 0.09074074074074075
0 0.75 0.3416666666666667 0.0712962962962963 0.10092592592592593
0 0.6462962962962963 0.7129629629629629 0.0712962962962963 0.09351851851851851
1 0.6444444444444445 0.14537037037037037 0.07685185185185185 0.1175925925925926
0 0.6370370370370371 0.5157407407407407 0.06666666666666667 0.08888888888888889
0 0.625 0.3388888888888889 0.062037037037037036 0.08611111111111111
0 0.5148148148148148 0.7046296296296296 0.0712962962962963 0.09537037037037037
0 0.5092592592592593 0.5333333333333333 0.062037037037037036 0.08611111111111111
1 0.5083333333333333 0.1398148148148148 0.0787037037037037 0.11018518518518519
0 0.5 0.33611111111111114 0.06666666666666667 0.09074074074074075
1 0.37222222222222223 0.13425925925925927 0.07685185185185185 0.10555555555555556
0 0.3638888888888889 0.524074074074074 0.06944444444444445 0.09074074074074075
0 0.362962962962963 0.3453703703703704 0.06666666666666667 0.08888888888888889
0 0.36018518518518516 0.7166666666666667 0.06666666666666667 0.08611111111111111
0 0.21666666666666667 0.3296296296296296 0.06666666666666667 0.09074074074074075
0 0.2111111111111111 0.5074074074074074 0.06666666666666667 0.08611111111111111
0 0.2064814814814815 0.6935185185185185 0.0712962962962963 0.09351851851851851
1 0.19722222222222222 0.13425925925925927 0.08148148148148149 0.10555555555555556