0 0.23055555555555557 0.21481481481481482 0.08148148148148149 0.10555555555555556
1 0.22685185185185186 0.8759259259259259 0.08888888888888889 0.12222222222222222
0 0.24259259259259258 0.4287037037037037 0.07407407407407407 0.10277777777777777
0 0.2388888888888889 0.6425925925925926 0.08148148148148149 0.11296296296296296
0 0.36018518518518516 0.23796296296296296 0.08148148148148149 0.10277777777777777
1 0.35185185185185186 0.8592592592592593 0.08611111111111111 0.13148148148148148
0 0.36666666666666664 0.4546296296296296 0.07407407407407407 0.09814814814814815
0 0.37592592592592594 0.6481481481481481 0.06944444444444445 0.09537037037037037
0 0.5046296296296297 0.25 0.08148148148148149 0.10740740740740741
0 0.5055555555555555 0.4361111111111111 0.06944444444444445 0.09537037037037037
1 0.5 0.8694444444444445 0.08888888888888889 0.12222222222222222
0 0.512962962962963 0.6527777777777778 0.07407407407407407 0.10277777777777777
1 0.649074074074074 0.8759259259259259 0.08611111111111111 0.1175925925925926
0 0.6657407407407407 0.44907407407407407 0.0787037037037037 0.10277777777777777
0 0.6638888888888889 0.6453703703703704 0.07407407407407407 0.09814814814814815
0 0.6731481481481482 0.2388888888888889 0.07407407407407407 0.09814814814814815
0 0.8231481481481482 0.6666666666666666 0.07407407407407407 0.10277777777777777
0 0.8314814814814815 0.4722222222222222 0.07407407407407407 0.09814814814814815
0 0.8398148148148148 0.2675925925925926 0.08148148148148149 0.10277777777777777
1 0.8416666666666667 0.8796296296296297 0.09074074074074075 0.1175925925925926