0 0.2657407407407407 0.7935185185185185 0.08888888888888889 0.10740740740740741
1 0.18425925925925926 0.1648148148148148 0.09537037037037037 0.125
0 0.25277777777777777 0.5879629629629629 0.08333333333333333 0.10555555555555556
0 0.225 0.3861111111111111 0.09074074074074075 0.11481481481481481
0 0.3861111111111111 0.7574074074074074 0.08888888888888889 0.10740740740740741
1 0.3055555555555556 0.16666666666666666 0.09814814814814815 0.13425925925925927
0 0.36666666666666664 0.5509259259259259 0.08333333333333333 0.10277777777777777
0 0.3537037037037037 0.36574074074074076 0.0787037037037037 0.10092592592592593
0 0.5231481481481481 0.7287037037037037 0.09074074074074075 0.11018518518518519
0 0.5027777777777778 0.5509259259259259 0.0787037037037037 0.10092592592592593
1 0.4462962962962963 0.1398148148148148 0.09537037037037037 0.125
0 0.48333333333333334 0.3453703703703704 0.08333333333333333 0.10555555555555556
1 0.5861111111111111 0.11574074074074074 0.09537037037037037 0.11944444444444445
0 0.6527777777777778 0.5203703703703704 0.08333333333333333 0.10555555555555556
0 0.6277777777777778 0.3333333333333333 0.08333333333333333 0.10277777777777777
0 0.6842592592592592 0.7185185185185186 0.08333333333333333 0.10092592592592593
0 0.7768518518518519 0.29444444444444445 0.08333333333333333 0.10555555555555556
0 0.8074074074074075 0.47962962962962963 0.08333333333333333 0.10092592592592593
0 0.8416666666666667 0.6731481481481482 0.08888888888888889 0.10740740740740741
1 0.7694444444444445 0.08981481481481482 0.10092592592592593 0.12222222222222222