0 0.8037037037037037 0.3138888888888889 0.08611111111111111 0.10555555555555556
1 0.7018518518518518 0.9222222222222223 0.09814814814814815 0.125
0 0.7592592592592593 0.5083333333333333 0.08148148148148149 0.10092592592592593
0 0.7287037037037037 0.7055555555555556 0.08611111111111111 0.11296296296296296
0 0.6824074074074075 0.3148148148148148 0.08611111111111111 0.10555555555555556
1 0.5898148148148148 0.8842592592592593 0.09351851851851851 0.12685185185185185
0 0.6416666666666667 0.5120370370370371 0.08148148148148149 0.10092592592592593
0 0.6018518518518519 0.687037037037037 0.07407407407407407 0.09537037037037037
0 0.5481481481481482 0.30185185185185187 0.08611111111111111 0.10740740740740741
0 0.5166666666666667 0.47314814814814815 0.07407407407407407 0.09537037037037037
1 0.45185185185185184 0.8703703703703703 0.09814814814814815 0.125
0 0.4759259259259259 0.6703703703703704 0.08148148148148149 0.10092592592592593
1 0.3148148148148148 0.8537037037037037 0.09351851851851851 0.1175925925925926
0 0.36944444444444446 0.4601851851851852 0.08611111111111111 0.10092592592592593
0 0.3388888888888889 0.6398148148148148 0.08148148148148149 0.10092592592592593
0 0.39537037037037037 0.2657407407407407 0.0787037037037037 0.09537037037037037
0 0.18888888888888888 0.6305555555555555 0.08148148148148149 0.10555555555555556
0 0.2111111111111111 0.45185185185185184 0.0787037037037037 0.09537037037037037
0 0.23703703703703705 0.26296296296296295 0.08611111111111111 0.10555555555555556
1 0.13796296296296295 0.8240740740740741 0.10092592592592593 0.11944444444444445