0 0.11666666666666667 0.18981481481481483 0.07407407407407407 0.09351851851851851
0 0.18518518518518517 0.6666666666666666 0.07685185185185185 0.10092592592592593
0 0.14537037037037037 0.31851851851851853 0.0712962962962963 0.09537037037037037
0 0.1685185185185185 0.47962962962962963 0.0787037037037037 0.09814814814814815
0 0.225 0.8675925925925926 0.08611111111111111 0.11018518518518519
0 0.24259259259259258 0.17407407407407408 0.07407407407407407 0.09351851851851851
0 0.28888888888888886 0.46296296296296297 0.07407407407407407 0.10092592592592593
0 0.32222222222222224 0.6425925925925926 0.0712962962962963 0.08888888888888889
0 0.27685185185185185 0.3101851851851852 0.07407407407407407 0.09537037037037037
0 0.36203703703703705 0.8435185185185186 0.0787037037037037 0.10277777777777777
0 0.37037037037037035 0.1527777777777778 0.0787037037037037 0.09814814814814815
0 0.4027777777777778 0.30185185185185187 0.0712962962962963 0.08888888888888889
0 0.4527777777777778 0.6240740740740741 0.0787037037037037 0.10277777777777777
0 0.4287037037037037 0.45185185185185184 0.0712962962962963 0.08888888888888889
0 0.487962962962963 0.8092592592592592 0.07407407407407407 0.09537037037037037
2 0.48333333333333334 0.12222222222222222 0.08148148148148149 0.09074074074074075
2 0.512962962962963 0.2537037037037037 0.0787037037037037 0.09814814814814815
2 0.5444444444444444 0.4166666666666667 0.08611111111111111 0.11018518518518519
2 0.5935185185185186 0.7490740740740741 0.0787037037037037 0.10277777777777777
2 0.5777777777777777 0.5842592592592593 0.0787037037037037 0.10277777777777777
2 0.6157407407407407 0.24722222222222223 0.0787037037037037 0.10277777777777777
2 0.600925925925926 0.1287037037037037 0.07685185185185185 0.09074074074074075
2 0.6453703703703704 0.39444444444444443 0.08611111111111111 0.10092592592592593
2 0.7083333333333334 0.5722222222222222 0.08888888888888889 0.10277777777777777
2 0.7324074074074074 0.7462962962962963 0.08148148148148149 0.10740740740740741
2 0.6962962962962963 0.08981481481481482 0.08333333333333333 0.09814814814814815
2 0.7351851851851852 0.2462962962962963 0.0787037037037037 0.10277777777777777
2 0.7620370370370371 0.39444444444444443 0.08333333333333333 0.10277777777777777
2 0.8277777777777777 0.725 0.08611111111111111 0.11018518518518519
2 0.8101851851851852 0.5685185185185185 0.08611111111111111 0.11018518518518519
2 0.8435185185185186 0.2111111111111111 0.08148148148148149 0.09074074074074075
2 0.8296296296296296 0.06574074074074074 0.07685185185185185 0.09074074074074075
2 0.9166666666666666 0.5509259259259259 0.08333333333333333 0.10277777777777777
2 0.9601851851851851 0.8296296296296296 0.0787037037037037 0.11018518518518519
2 0.9481481481481482 0.7101851851851851 0.08333333333333333 0.10277777777777777
2 0.9120370370370371 0.36203703703703705 0.08148148148148149 0.10740740740740741