0 0.2064814814814815 0.8953703703703704 0.05740740740740741 0.0787037037037037
0 0.18611111111111112 0.47314814814814815 0.05925925925925926 0.08333333333333333
0 0.2111111111111111 0.7796296296296297 0.05740740740740741 0.0787037037037037
0 0.20462962962962963 0.6370370370370371 0.062037037037037036 0.08148148148148149
0 0.18888888888888888 0.2916666666666667 0.06666666666666667 0.08888888888888889
0 0.3194444444444444 0.8870370370370371 0.05925925925925926 0.0787037037037037
0 0.3101851851851852 0.6305555555555555 0.05740740740740741 0.08333333333333333
0 0.30925925925925923 0.47129629629629627 0.05740740740740741 0.07407407407407407
0 0.32407407407407407 0.7648148148148148 0.05925925925925926 0.0787037037037037
0 0.3101851851851852 0.2898148148148148 0.062037037037037036 0.08333333333333333
0 0.4324074074074074 0.8842592592592593 0.062037037037037036 0.08148148148148149
0 0.4351851851851852 0.7509259259259259 0.05740740740740741 0.07407407407407407
0 0.42407407407407405 0.4648148148148148 0.062037037037037036 0.08333333333333333
0 0.4324074074074074 0.6175925925925926 0.05740740740740741 0.07407407407407407
0 0.42314814814814816 0.29907407407407405 0.05740740740740741 0.0787037037037037
2 0.5351851851851852 0.8916666666666667 0.06666666666666667 0.07407407407407407
2 0.5388888888888889 0.775 0.062037037037037036 0.0787037037037037
2 0.5388888888888889 0.6277777777777778 0.06666666666666667 0.09351851851851851
2 0.525 0.33425925925925926 0.062037037037037036 0.08333333333333333
2 0.5398148148148149 0.4787037037037037 0.062037037037037036 0.08333333333333333
2 0.6287037037037037 0.762962962962963 0.062037037037037036 0.08611111111111111
2 0.6361111111111111 0.8666666666666667 0.062037037037037036 0.07685185185185185
2 0.6296296296296297 0.6305555555555555 0.0712962962962963 0.08333333333333333
2 0.6537037037037037 0.4675925925925926 0.0712962962962963 0.08333333333333333
2 0.6453703703703704 0.31296296296296294 0.062037037037037036 0.08888888888888889
2 0.725 0.8842592592592593 0.06666666666666667 0.08148148148148149
2 0.7333333333333333 0.7425925925925926 0.06481481481481481 0.08333333333333333
2 0.7296296296296296 0.612037037037037 0.06666666666666667 0.08333333333333333
2 0.7305555555555555 0.3175925925925926 0.06666666666666667 0.09351851851851851
2 0.7425925925925926 0.4527777777777778 0.06666666666666667 0.08888888888888889
2 0.8314814814814815 0.7546296296296297 0.06666666666666667 0.07407407407407407
2 0.8435185185185186 0.8824074074074074 0.062037037037037036 0.07685185185185185
2 0.8379629629629629 0.45092592592592595 0.06666666666666667 0.08333333333333333
2 0.8305555555555556 0.20092592592592592 0.07685185185185185 0.09074074074074075
2 0.8379629629629629 0.30925925925925923 0.06666666666666667 0.08333333333333333
2 0.8657407407407407 0.6129629629629629 0.062037037037037036 0.09351851851851851