0 0.13240740740740742 0.06759259259259259 0.06944444444444445 0.07962962962962963
0 0.0787037037037037 0.549074074074074 0.06944444444444445 0.08055555555555556
0 0.12962962962962962 0.20555555555555555 0.06944444444444445 0.09351851851851851
0 0.11296296296296296 0.3611111111111111 0.06944444444444445 0.08425925925925926
0 0.07037037037037037 0.7453703703703703 0.07222222222222222 0.08981481481481482
0 0.2611111111111111 0.09259259259259259 0.0712962962962963 0.09351851851851851
0 0.22962962962962963 0.38055555555555554 0.0712962962962963 0.10092592592592593
0 0.21481481481481482 0.5611111111111111 0.06944444444444445 0.09074074074074075
0 0.262037037037037 0.22592592592592592 0.06759259259259259 0.0824074074074074
0 0.20185185185185187 0.7657407407407407 0.07685185185185185 0.09814814814814815
0 0.387037037037037 0.10462962962962963 0.07685185185185185 0.09351851851851851
0 0.38055555555555554 0.25462962962962965 0.06944444444444445 0.08888888888888889
0 0.34629629629629627 0.5712962962962963 0.0787037037037037 0.10092592592592593
0 0.3675925925925926 0.4064814814814815 0.06944444444444445 0.08888888888888889
0 0.3314814814814815 0.7648148148148148 0.06944444444444445 0.09537037037037037
2 0.5037037037037037 0.10462962962962963 0.08148148148148149 0.08888888888888889
2 0.5 0.23703703703703705 0.07685185185185185 0.09351851851851851
2 0.48703703703703705 0.4027777777777778 0.08333333333333333 0.10740740740740741
2 0.44907407407407407 0.7342592592592593 0.0787037037037037 0.10092592592592593
2 0.4787037037037037 0.5722222222222222 0.0787037037037037 0.10092592592592593
2 0.5981481481481481 0.25833333333333336 0.0787037037037037 0.10092592592592593
2 0.6157407407407407 0.1398148148148148 0.07685185185185185 0.08888888888888889
2 0.5898148148148148 0.4074074074074074 0.08333333333333333 0.09814814814814815
2 0.6046296296296296 0.5925925925925926 0.08888888888888889 0.10277777777777777
2 0.5833333333333334 0.7675925925925926 0.0787037037037037 0.10555555555555556
2 0.7175925925925926 0.1287037037037037 0.08148148148148149 0.09351851851851851
2 0.7166666666666667 0.28888888888888886 0.0787037037037037 0.10092592592592593
2 0.7037037037037037 0.4305555555555556 0.07962962962962963 0.08888888888888889
2 0.6805555555555556 0.7703703703703704 0.08333333333333333 0.10740740740740741
2 0.7055555555555556 0.6157407407407407 0.08333333333333333 0.10555555555555556
2 0.8277777777777777 0.2824074074074074 0.08148148148148149 0.08888888888888889
2 0.8518518518518519 0.13796296296296295 0.07685185185185185 0.08888888888888889
2 0.8111111111111111 0.6259259259259259 0.08333333333333333 0.10092592592592593
2 0.7805555555555556 0.9018518518518519 0.08611111111111111 0.09444444444444444
2 0.8009259259259259 0.7870370370370371 0.08148148148148149 0.09814814814814815
2 0.8555555555555555 0.4462962962962963 0.0787037037037037 0.10740740740740741