0 0.8833333333333333 0.14074074074074075 0.062037037037037036 0.08333333333333333
0 0.8583333333333333 0.5972222222222222 0.06481481481481481 0.09074074074074075
0 0.8675925925925926 0.26666666666666666 0.062037037037037036 0.08333333333333333
0 0.8592592592592593 0.4185185185185185 0.06666666666666667 0.08333333333333333
0 0.8379629629629629 0.7888888888888889 0.0712962962962963 0.09537037037037037
0 0.762962962962963 0.1398148148148148 0.06481481481481481 0.08333333333333333
0 0.7472222222222222 0.4148148148148148 0.062037037037037036 0.09074074074074075
0 0.7305555555555555 0.5851851851851851 0.062037037037037036 0.0787037037037037
0 0.7425925925925926 0.26944444444444443 0.06481481481481481 0.08333333333333333
0 0.7092592592592593 0.7768518518518519 0.06666666666666667 0.09074074074074075
0 0.6416666666666667 0.12962962962962962 0.06666666666666667 0.08611111111111111
0 0.6240740740740741 0.26944444444444443 0.062037037037037036 0.08148148148148149
0 0.6055555555555555 0.5796296296296296 0.06666666666666667 0.09074074074074075
0 0.612037037037037 0.41203703703703703 0.062037037037037036 0.0787037037037037
0 0.5851851851851851 0.7527777777777778 0.062037037037037036 0.08333333333333333
2 0.5361111111111111 0.11018518518518519 0.0712962962962963 0.0787037037037037
2 0.5166666666666667 0.2324074074074074 0.06666666666666667 0.08333333333333333
2 0.5037037037037037 0.38981481481481484 0.0712962962962963 0.09814814814814815
2 0.4824074074074074 0.7064814814814815 0.06666666666666667 0.09074074074074075
2 0.4842592592592593 0.5509259259259259 0.06666666666666667 0.09074074074074075
2 0.4222222222222222 0.23425925925925925 0.06666666666666667 0.09074074074074075
2 0.42592592592592593 0.12222222222222222 0.06666666666666667 0.0787037037037037
2 0.4064814814814815 0.37962962962962965 0.07407407407407407 0.08888888888888889
2 0.3592592592592593 0.5509259259259259 0.07685185185185185 0.09351851851851851
2 0.35 0.7166666666666667 0.06666666666666667 0.09537037037037037
2 0.3333333333333333 0.09537037037037037 0.0712962962962963 0.08611111111111111
2 0.30648148148148147 0.2462962962962963 0.06944444444444445 0.09074074074074075
2 0.29444444444444445 0.38796296296296295 0.0712962962962963 0.09074074074074075
2 0.25925925925925924 0.7018518518518518 0.0712962962962963 0.09537037037037037
2 0.262037037037037 0.5527777777777778 0.0712962962962963 0.09537037037037037
2 0.20185185185185187 0.2212962962962963 0.0712962962962963 0.0787037037037037
2 0.20462962962962963 0.08518518518518518 0.06666666666666667 0.0787037037037037
2 0.1648148148148148 0.5444444444444444 0.0712962962962963 0.09074074074074075
2 0.14166666666666666 0.8148148148148148 0.07685185185185185 0.09814814814814815
2 0.14814814814814814 0.6981481481481482 0.0712962962962963 0.09074074074074075
2 0.14907407407407408 0.36944444444444446 0.06666666666666667 0.09814814814814815