0 0.8833333333333333 0.8101851851851852 0.07407407407407407 0.09351851851851851
0 0.8148148148148148 0.3333333333333333 0.07685185185185185 0.10092592592592593
0 0.8546296296296296 0.6814814814814815 0.0712962962962963 0.09537037037037037
0 0.8314814814814815 0.5203703703703704 0.0787037037037037 0.09814814814814815
0 0.775 0.13240740740740742 0.08611111111111111 0.11018518518518519
0 0.7574074074074074 0.825925925925926 0.07407407407407407 0.09351851851851851
0 0.7111111111111111 0.5370370370370371 0.07407407407407407 0.10092592592592593
0 0.6777777777777778 0.3574074074074074 0.0712962962962963 0.08888888888888889
0 0.7231481481481481 0.6898148148148148 0.07407407407407407 0.09537037037037037
0 0.637962962962963 0.15648148148148147 0.0787037037037037 0.10277777777777777
0 0.6296296296296297 0.8472222222222222 0.0787037037037037 0.09814814814814815
0 0.5972222222222222 0.6981481481481482 0.0712962962962963 0.08888888888888889
0 0.5472222222222223 0.37592592592592594 0.0787037037037037 0.10277777777777777
0 0.5712962962962963 0.5481481481481482 0.0712962962962963 0.08888888888888889
0 0.5120370370370371 0.19074074074074074 0.07407407407407407 0.09537037037037037
2 0.5166666666666667 0.8777777777777778 0.08148148148148149 0.09074074074074075
2 0.48703703703703705 0.7462962962962963 0.0787037037037037 0.09814814814814815
2 0.45555555555555555 0.5833333333333334 0.08611111111111111 0.11018518518518519
2 0.4064814814814815 0.25092592592592594 0.0787037037037037 0.10277777777777777
2 0.4222222222222222 0.41574074074074074 0.0787037037037037 0.10277777777777777
2 0.38425925925925924 0.7527777777777778 0.0787037037037037 0.10277777777777777
2 0.3990740740740741 0.8712962962962963 0.07685185185185185 0.09074074074074075
2 0.35462962962962963 0.6055555555555555 0.08611111111111111 0.10092592592592593
2 0.2916666666666667 0.42777777777777776 0.08888888888888889 0.10277777777777777
2 0.2675925925925926 0.2537037037037037 0.08148148148148149 0.10740740740740741
2 0.3037037037037037 0.9101851851851852 0.08333333333333333 0.09814814814814815
2 0.26481481481481484 0.7537037037037037 0.0787037037037037 0.10277777777777777
2 0.23796296296296296 0.6055555555555555 0.08333333333333333 0.10277777777777777
2 0.17222222222222222 0.275 0.08611111111111111 0.11018518518518519
2 0.18981481481481483 0.43148148148148147 0.08611111111111111 0.11018518518518519
2 0.15648148148148147 0.7888888888888889 0.08148148148148149 0.09074074074074075
2 0.17037037037037037 0.9342592592592592 0.07685185185185185 0.09074074074074075
2 0.08333333333333333 0.44907407407407407 0.08333333333333333 0.10277777777777777
2 0.03981481481481482 0.17037037037037037 0.0787037037037037 0.11018518518518519
2 0.05185185185185185 0.2898148148148148 0.08333333333333333 0.10277777777777777
2 0.08796296296296297 0.637962962962963 0.08148148148148149 0.10740740740740741