0 0.2212962962962963 0.09166666666666666 0.05925925925925926 0.08148148148148149
0 0.18611111111111112 0.512962962962963 0.062037037037037036 0.08611111111111111
0 0.2212962962962963 0.20833333333333334 0.05925925925925926 0.08333333333333333
0 0.20925925925925926 0.35 0.06481481481481481 0.08148148148148149
0 0.1814814814814815 0.6944444444444444 0.06944444444444445 0.09074074074074075
0 0.3333333333333333 0.10462962962962963 0.062037037037037036 0.0787037037037037
0 0.3148148148148148 0.3592592592592593 0.05925925925925926 0.08611111111111111
0 0.3074074074074074 0.5194444444444445 0.05925925925925926 0.07685185185185185
0 0.33425925925925926 0.22685185185185186 0.062037037037037036 0.08148148148148149
0 0.30277777777777776 0.700925925925926 0.06481481481481481 0.08611111111111111
0 0.4462962962962963 0.11018518518518519 0.06481481481481481 0.08148148148148149
0 0.44351851851851853 0.24444444444444444 0.05925925925925926 0.07685185185185185
0 0.42407407407407405 0.5296296296296297 0.06481481481481481 0.08611111111111111
0 0.43703703703703706 0.37777777777777777 0.05925925925925926 0.07685185185185185
0 0.4166666666666667 0.6962962962962963 0.05925925925925926 0.08148148148148149
2 0.549074074074074 0.10740740740740741 0.06944444444444445 0.07685185185185185
2 0.5481481481481482 0.225 0.06481481481481481 0.08148148148148149
2 0.5416666666666666 0.3712962962962963 0.06944444444444445 0.09537037037037037
2 0.5194444444444445 0.6648148148148149 0.06481481481481481 0.08611111111111111
2 0.5398148148148149 0.5203703703703704 0.06481481481481481 0.08611111111111111
2 0.6370370370370371 0.2388888888888889 0.06481481481481481 0.08611111111111111
2 0.649074074074074 0.1361111111111111 0.06481481481481481 0.0787037037037037
2 0.6342592592592593 0.3712962962962963 0.07407407407407407 0.08611111111111111
2 0.6527777777777778 0.5351851851851852 0.07407407407407407 0.08611111111111111
2 0.6398148148148148 0.6898148148148148 0.06481481481481481 0.09074074074074075
2 0.7379629629629629 0.12129629629629629 0.06944444444444445 0.08148148148148149
2 0.7416666666666667 0.26296296296296295 0.06666666666666667 0.08611111111111111
2 0.7333333333333333 0.39444444444444443 0.06944444444444445 0.08611111111111111
2 0.725 0.6888888888888889 0.06944444444444445 0.09537037037037037
2 0.7416666666666667 0.5527777777777778 0.06944444444444445 0.09074074074074075
2 0.8416666666666667 0.25462962962962965 0.06944444444444445 0.07685185185185185
2 0.8574074074074074 0.12777777777777777 0.06481481481481481 0.0787037037037037
2 0.8361111111111111 0.5592592592592592 0.06944444444444445 0.08611111111111111
2 0.8212962962962963 0.8074074074074075 0.0787037037037037 0.09074074074074075
2 0.8314814814814815 0.700925925925926 0.06944444444444445 0.08611111111111111
2 0.8703703703703703 0.3962962962962963 0.06481481481481481 0.09537037037037037