0 0.7787037037037037 0.9083333333333333 0.05925925925925926 0.08148148148148149
0 0.8138888888888889 0.48703703703703705 0.062037037037037036 0.08611111111111111
0 0.7787037037037037 0.7916666666666666 0.05925925925925926 0.08333333333333333
0 0.7907407407407407 0.65 0.06481481481481481 0.08148148148148149
0 0.8185185185185185 0.3055555555555556 0.06944444444444445 0.09074074074074075
0 0.6666666666666666 0.8953703703703704 0.062037037037037036 0.0787037037037037
0 0.6851851851851852 0.6407407407407407 0.05925925925925926 0.08611111111111111
0 0.6925925925925925 0.48055555555555557 0.05925925925925926 0.07685185185185185
0 0.6657407407407407 0.7731481481481481 0.062037037037037036 0.08148148148148149
0 0.6972222222222222 0.29907407407407405 0.06481481481481481 0.08611111111111111
0 0.5537037037037037 0.8898148148148148 0.06481481481481481 0.08148148148148149
0 0.5564814814814815 0.7555555555555555 0.05925925925925926 0.07685185185185185
0 0.575925925925926 0.4703703703703704 0.06481481481481481 0.08611111111111111
0 0.562962962962963 0.6222222222222222 0.05925925925925926 0.07685185185185185
0 0.5833333333333334 0.3037037037037037 0.05925925925925926 0.08148148148148149
2 0.45092592592592595 0.8925925925925926 0.06944444444444445 0.07685185185185185
2 0.45185185185185184 0.775 0.06481481481481481 0.08148148148148149
2 0.4583333333333333 0.6287037037037037 0.06944444444444445 0.09537037037037037
2 0.48055555555555557 0.3351851851851852 0.06481481481481481 0.08611111111111111
2 0.4601851851851852 0.47962962962962963 0.06481481481481481 0.08611111111111111
2 0.362962962962963 0.7611111111111111 0.06481481481481481 0.08611111111111111
2 0.3509259259259259 0.8638888888888889 0.06481481481481481 0.0787037037037037
2 0.36574074074074076 0.6287037037037037 0.07407407407407407 0.08611111111111111
2 0.3472222222222222 0.4648148148148148 0.07407407407407407 0.08611111111111111
2 0.36018518518518516 0.3101851851851852 0.06481481481481481 0.09074074074074075
2 0.262037037037037 0.8787037037037037 0.06944444444444445 0.08148148148148149
2 0.25833333333333336 0.737037037037037 0.06666666666666667 0.08611111111111111
2 0.26666666666666666 0.6055555555555555 0.06944444444444445 0.08611111111111111
2 0.275 0.3111111111111111 0.06944444444444445 0.09537037037037037
2 0.25833333333333336 0.44722222222222224 0.06944444444444445 0.09074074074074075
2 0.15833333333333333 0.7453703703703703 0.06944444444444445 0.07685185185185185
2 0.1425925925925926 0.8722222222222222 0.06481481481481481 0.0787037037037037
2 0.1638888888888889 0.44074074074074077 0.06944444444444445 0.08611111111111111
2 0.1787037037037037 0.1925925925925926 0.0787037037037037 0.09074074074074075
2 0.1685185185185185 0.29907407407407405 0.06944444444444445 0.08611111111111111
2 0.12962962962962962 0.6037037037037037 0.06481481481481481 0.09537037037037037