0 0.7935185185185185 0.10462962962962963 0.05740740740740741 0.0787037037037037
0 0.8138888888888889 0.5268518518518519 0.05925925925925926 0.08333333333333333
0 0.7888888888888889 0.22037037037037038 0.05740740740740741 0.0787037037037037
0 0.7953703703703704 0.362962962962963 0.062037037037037036 0.08148148148148149
0 0.8111111111111111 0.7083333333333334 0.06666666666666667 0.08888888888888889
0 0.6805555555555556 0.11296296296296296 0.05925925925925926 0.0787037037037037
0 0.6898148148148148 0.36944444444444446 0.05740740740740741 0.08333333333333333
0 0.6907407407407408 0.5287037037037037 0.05740740740740741 0.07407407407407407
0 0.6759259259259259 0.2351851851851852 0.05925925925925926 0.0787037037037037
0 0.6898148148148148 0.7101851851851851 0.062037037037037036 0.08333333333333333
0 0.5675925925925925 0.11574074074074074 0.062037037037037036 0.08148148148148149
0 0.5648148148148148 0.2490740740740741 0.05740740740740741 0.07407407407407407
0 0.575925925925926 0.5351851851851852 0.062037037037037036 0.08333333333333333
0 0.5675925925925925 0.3824074074074074 0.05740740740740741 0.07407407407407407
0 0.5768518518518518 0.700925925925926 0.05740740740740741 0.0787037037037037
2 0.4648148148148148 0.10833333333333334 0.06666666666666667 0.07407407407407407
2 0.46111111111111114 0.225 0.062037037037037036 0.0787037037037037
2 0.46111111111111114 0.37222222222222223 0.06666666666666667 0.09351851851851851
2 0.475 0.6657407407407407 0.062037037037037036 0.08333333333333333
2 0.4601851851851852 0.5212962962962963 0.062037037037037036 0.08333333333333333
2 0.3712962962962963 0.23703703703703705 0.062037037037037036 0.08611111111111111
2 0.3638888888888889 0.13333333333333333 0.062037037037037036 0.07685185185185185
2 0.37037037037037035 0.36944444444444446 0.0712962962962963 0.08333333333333333
2 0.34629629629629627 0.5324074074074074 0.0712962962962963 0.08333333333333333
2 0.35462962962962963 0.687037037037037 0.062037037037037036 0.08888888888888889
2 0.275 0.11574074074074074 0.06666666666666667 0.08148148148148149
2 0.26666666666666666 0.2574074074074074 0.06481481481481481 0.08333333333333333
2 0.27037037037037037 0.38796296296296295 0.06666666666666667 0.08333333333333333
2 0.26944444444444443 0.6824074074074075 0.06666666666666667 0.09351851851851851
2 0.2574074074074074 0.5472222222222223 0.06666666666666667 0.08888888888888889
2 0.1685185185185185 0.24537037037037038 0.06666666666666667 0.07407407407407407
2 0.15648148148148147 0.1175925925925926 0.062037037037037036 0.07685185185185185
2 0.16203703703703703 0.549074074074074 0.06666666666666667 0.08333333333333333
2 0.16944444444444445 0.799074074074074 0.07685185185185185 0.09074074074074075
2 0.16203703703703703 0.6907407407407408 0.06666666666666667 0.08333333333333333
2 0.13425925925925927 0.387037037037037 0.062037037037037036 0.09351851851851851