0 0.8824074074074074 0.8462962962962963 0.08148148148148149 0.05925925925925926
0 0.4203703703703704 0.8361111111111111 0.08888888888888889 0.062037037037037036
0 0.7546296296296297 0.8342592592592593 0.08333333333333333 0.05925925925925926
0 0.6018518518518519 0.8314814814814815 0.08333333333333333 0.06481481481481481
0 0.22592592592592592 0.8212962962962963 0.09537037037037037 0.06944444444444445
0 0.8796296296296297 0.725 0.08148148148148149 0.062037037037037036
0 0.6018518518518519 0.7185185185185186 0.08888888888888889 0.05925925925925926
0 0.42777777777777776 0.7064814814814815 0.0787037037037037 0.05925925925925926
0 0.7462962962962963 0.7092592592592593 0.08333333333333333 0.062037037037037036
0 0.23333333333333334 0.6925925925925925 0.08888888888888889 0.06481481481481481
0 0.8861111111111111 0.6018518518518519 0.08333333333333333 0.06481481481481481
0 0.7444444444444445 0.5888888888888889 0.0787037037037037 0.05925925925925926
0 0.4305555555555556 0.5805555555555556 0.08888888888888889 0.06481481481481481
0 0.5981481481481481 0.5805555555555556 0.0787037037037037 0.05925925925925926
0 0.2537037037037037 0.5657407407407408 0.08333333333333333 0.05925925925925926
2 0.9 0.49444444444444446 0.0787037037037037 0.06944444444444445
2 0.7768518518518519 0.4787037037037037 0.08333333333333333 0.06481481481481481
2 0.6166666666666667 0.47129629629629627 0.09537037037037037 0.06944444444444445
2 0.2953703703703704 0.45925925925925926 0.08888888888888889 0.06481481481481481
2 0.4546296296296296 0.4564814814814815 0.08888888888888889 0.06481481481481481
2 0.7703703703703704 0.38333333333333336 0.08888888888888889 0.06481481481481481
2 0.8833333333333333 0.38333333333333336 0.0787037037037037 0.06481481481481481
2 0.625 0.37222222222222223 0.08888888888888889 0.07407407407407407
2 0.44907407407407407 0.33055555555555555 0.09074074074074075 0.07407407407407407
2 0.2814814814814815 0.3277777777777778 0.09537037037037037 0.06481481481481481
2 0.9083333333333333 0.28888888888888886 0.08333333333333333 0.06944444444444445
2 0.7537037037037037 0.26666666666666666 0.08888888888888889 0.06944444444444445
2 0.612037037037037 0.2611111111111111 0.08888888888888889 0.06944444444444445
2 0.29444444444444445 0.2351851851851852 0.09537037037037037 0.06944444444444445
2 0.4444444444444444 0.23333333333333334 0.09537037037037037 0.06944444444444445
2 0.7777777777777778 0.16018518518518518 0.0787037037037037 0.06944444444444445
2 0.9138888888888889 0.1574074074074074 0.0787037037037037 0.06481481481481481
2 0.44814814814814813 0.13333333333333333 0.08888888888888889 0.06944444444444445
2 0.17407407407407408 0.12037037037037036 0.09814814814814815 0.07407407407407407
2 0.2935185185185185 0.12222222222222222 0.08888888888888889 0.06944444444444445
2 0.6277777777777778 0.11296296296296296 0.09537037037037037 0.06481481481481481