0 0.8148148148148148 0.125 0.05462962962962963 0.07685185185185185
0 0.8064814814814815 0.5537037037037037 0.05925925925925926 0.08148148148148149
0 0.8037037037037037 0.24259259259259258 0.05462962962962963 0.07685185185185185
0 0.8018518518518518 0.38425925925925924 0.05925925925925926 0.07685185185185185
0 0.799074074074074 0.725925925925926 0.062037037037037036 0.08611111111111111
0 0.700925925925926 0.12777777777777777 0.05925925925925926 0.07685185185185185
0 0.6962962962962963 0.3861111111111111 0.05462962962962963 0.08148148148148149
0 0.6851851851851852 0.5481481481481482 0.05462962962962963 0.0712962962962963
0 0.687037037037037 0.25092592592592594 0.05925925925925926 0.07685185185185185
0 0.6777777777777778 0.7203703703703703 0.05925925925925926 0.08148148148148149
0 0.5879629629629629 0.12129629629629629 0.05925925925925926 0.07685185185185185
0 0.575925925925926 0.2537037037037037 0.05740740740740741 0.0712962962962963
0 0.5722222222222222 0.5370370370370371 0.05925925925925926 0.08148148148148149
0 0.5722222222222222 0.3861111111111111 0.06111111111111111 0.07592592592592592
0 0.5601851851851852 0.7092592592592593 0.06388888888888888 0.07685185185185185
2 0.487962962962963 0.10833333333333334 0.06481481481481481 0.0712962962962963
2 0.4722222222222222 0.22314814814814815 0.062037037037037036 0.07685185185185185
2 0.4648148148148148 0.37037037037037035 0.06481481481481481 0.09074074074074075
2 0.462037037037037 0.6703703703703704 0.05925925925925926 0.08148148148148149
2 0.45740740740740743 0.5157407407407407 0.05925925925925926 0.08148148148148149
2 0.39166666666666666 0.22407407407407406 0.062037037037037036 0.08148148148148149
2 0.38981481481481484 0.11851851851851852 0.05925925925925926 0.0712962962962963
2 0.37407407407407406 0.3638888888888889 0.06944444444444445 0.08148148148148149
2 0.3351851851851852 0.5268518518518519 0.06944444444444445 0.08148148148148149
2 0.3398148148148148 0.6814814814814815 0.06666666666666667 0.08888888888888889
2 0.2972222222222222 0.1 0.06481481481481481 0.07685185185185185
2 0.275 0.24444444444444444 0.06481481481481481 0.08148148148148149
2 0.26944444444444443 0.37592592592592594 0.06481481481481481 0.08148148148148149
2 0.2462962962962963 0.6722222222222223 0.06481481481481481 0.08888888888888889
2 0.24444444444444444 0.5324074074074074 0.06481481481481481 0.08888888888888889
2 0.1814814814814815 0.21574074074074073 0.06666666666666667 0.0712962962962963
2 0.18333333333333332 0.09074074074074075 0.05925925925925926 0.0712962962962963
2 0.15185185185185185 0.5287037037037037 0.06481481481481481 0.08148148148148149
2 0.1398148148148148 0.7833333333333333 0.0712962962962963 0.08888888888888889
2 0.14074074074074075 0.6731481481481482 0.06481481481481481 0.08148148148148149
2 0.13425925925925927 0.362962962962963 0.06388888888888888 0.09074074074074075