0 0.9324074074074075 0.13240740740740742 0.07962962962962963 0.06944444444444445
0 0.45092592592592595 0.0787037037037037 0.08055555555555556 0.06944444444444445
0 0.7944444444444444 0.12962962962962962 0.09351851851851851 0.06944444444444445
0 0.6388888888888888 0.11296296296296296 0.08425925925925926 0.06944444444444445
0 0.25462962962962965 0.07037037037037037 0.08981481481481482 0.07222222222222222
0 0.9074074074074074 0.2611111111111111 0.09351851851851851 0.0712962962962963
0 0.6194444444444445 0.22962962962962963 0.10092592592592593 0.0712962962962963
0 0.4388888888888889 0.21481481481481482 0.09074074074074075 0.06944444444444445
0 0.774074074074074 0.262037037037037 0.0824074074074074 0.06759259259259259
0 0.23425925925925925 0.20185185185185187 0.09814814814814815 0.07685185185185185
0 0.8953703703703704 0.387037037037037 0.09351851851851851 0.07685185185185185
0 0.7453703703703703 0.38055555555555554 0.08888888888888889 0.06944444444444445
0 0.4287037037037037 0.34629629629629627 0.10092592592592593 0.0787037037037037
0 0.5935185185185186 0.3675925925925926 0.08888888888888889 0.06944444444444445
0 0.2351851851851852 0.3314814814814815 0.09537037037037037 0.06944444444444445
2 0.8953703703703704 0.5037037037037037 0.08888888888888889 0.08148148148148149
2 0.762962962962963 0.5 0.09351851851851851 0.07685185185185185
2 0.5972222222222222 0.48703703703703705 0.10740740740740741 0.08333333333333333
2 0.2657407407407407 0.44907407407407407 0.10092592592592593 0.0787037037037037
2 0.42777777777777776 0.4787037037037037 0.10092592592592593 0.0787037037037037
2 0.7416666666666667 0.5981481481481481 0.10092592592592593 0.0787037037037037
2 0.8601851851851852 0.6157407407407407 0.08888888888888889 0.07685185185185185
2 0.5925925925925926 0.5898148148148148 0.09814814814814815 0.08333333333333333
2 0.4074074074074074 0.6046296296296296 0.10277777777777777 0.08888888888888889
2 0.2324074074074074 0.5833333333333334 0.10555555555555556 0.0787037037037037
2 0.8712962962962963 0.7175925925925926 0.09351851851851851 0.08148148148148149
2 0.7111111111111111 0.7166666666666667 0.10092592592592593 0.0787037037037037
2 0.5694444444444444 0.7037037037037037 0.08888888888888889 0.07962962962962963
2 0.22962962962962963 0.6805555555555556 0.10740740740740741 0.08333333333333333
2 0.38425925925925924 0.7055555555555556 0.10555555555555556 0.08333333333333333
2 0.7175925925925926 0.8277777777777777 0.08888888888888889 0.08148148148148149
2 0.862037037037037 0.8518518518518519 0.08888888888888889 0.07685185185185185
2 0.37407407407407406 0.8111111111111111 0.10092592592592593 0.08333333333333333
2 0.09814814814814815 0.7805555555555556 0.09444444444444444 0.08611111111111111
2 0.21296296296296297 0.8009259259259259 0.09814814814814815 0.08148148148148149
2 0.5537037037037037 0.8555555555555555 0.10740740740740741 0.0787037037037037