0 0.1537037037037037 0.8824074074074074 0.05925925925925926 0.08148148148148149
0 0.1638888888888889 0.4203703703703704 0.062037037037037036 0.08888888888888889
0 0.16574074074074074 0.7546296296296297 0.05925925925925926 0.08333333333333333
0 0.1685185185185185 0.6018518518518519 0.06481481481481481 0.08333333333333333
0 0.1787037037037037 0.22592592592592592 0.06944444444444445 0.09537037037037037
0 0.275 0.8796296296296297 0.062037037037037036 0.08148148148148149
0 0.2814814814814815 0.6018518518518519 0.05925925925925926 0.08888888888888889
0 0.2935185185185185 0.42777777777777776 0.05925925925925926 0.0787037037037037
0 0.29074074074074074 0.7462962962962963 0.062037037037037036 0.08333333333333333
0 0.3074074074074074 0.23333333333333334 0.06481481481481481 0.08888888888888889
0 0.39814814814814814 0.8861111111111111 0.06481481481481481 0.08333333333333333
0 0.4111111111111111 0.7444444444444445 0.05925925925925926 0.0787037037037037
0 0.41944444444444445 0.4305555555555556 0.06481481481481481 0.08888888888888889
0 0.41944444444444445 0.5981481481481481 0.05925925925925926 0.0787037037037037
0 0.43425925925925923 0.2537037037037037 0.05925925925925926 0.08333333333333333
2 0.5055555555555555 0.9 0.06944444444444445 0.0787037037037037
2 0.5212962962962963 0.7768518518518519 0.06481481481481481 0.08333333333333333
2 0.5287037037037037 0.6166666666666667 0.06944444444444445 0.09537037037037037
2 0.5407407407407407 0.2953703703703704 0.06481481481481481 0.08888888888888889
2 0.5435185185185185 0.4546296296296296 0.06481481481481481 0.08888888888888889
2 0.6166666666666667 0.7703703703703704 0.06481481481481481 0.08888888888888889
2 0.6166666666666667 0.8833333333333333 0.06481481481481481 0.0787037037037037
2 0.6277777777777778 0.625 0.07407407407407407 0.08888888888888889
2 0.6694444444444444 0.44907407407407407 0.07407407407407407 0.09074074074074075
2 0.6722222222222223 0.2814814814814815 0.06481481481481481 0.09537037037037037
2 0.7111111111111111 0.9083333333333333 0.06944444444444445 0.08333333333333333
2 0.7333333333333333 0.7537037037037037 0.06944444444444445 0.08888888888888889
2 0.7388888888888889 0.612037037037037 0.06944444444444445 0.08888888888888889
2 0.7648148148148148 0.29444444444444445 0.06944444444444445 0.09537037037037037
2 0.7666666666666667 0.4444444444444444 0.06944444444444445 0.09537037037037037
2 0.8398148148148148 0.7777777777777778 0.06944444444444445 0.0787037037037037
2 0.8425925925925926 0.9138888888888889 0.06481481481481481 0.0787037037037037
2 0.8666666666666667 0.44814814814814813 0.06944444444444445 0.08888888888888889
2 0.8796296296296297 0.17407407407407408 0.07407407407407407 0.09814814814814815
2 0.8777777777777778 0.2935185185185185 0.06944444444444445 0.08888888888888889
2 0.8870370370370371 0.6277777777777778 0.06481481481481481 0.09537037037037037