0 0.14074074074074075 0.11666666666666667 0.08333333333333333 0.062037037037037036
0 0.5972222222222222 0.14166666666666666 0.09074074074074075 0.06481481481481481
0 0.26666666666666666 0.13240740740740742 0.08333333333333333 0.062037037037037036
0 0.4185185185185185 0.14074074074074075 0.08333333333333333 0.06666666666666667
0 0.7888888888888889 0.16203703703703703 0.09537037037037037 0.0712962962962963
0 0.1398148148148148 0.23703703703703705 0.08333333333333333 0.06481481481481481
0 0.4148148148148148 0.25277777777777777 0.09074074074074075 0.062037037037037036
0 0.5851851851851851 0.26944444444444443 0.0787037037037037 0.062037037037037036
0 0.26944444444444443 0.2574074074074074 0.08333333333333333 0.06481481481481481
0 0.7768518518518519 0.29074074074074074 0.09074074074074075 0.06666666666666667
0 0.12962962962962962 0.35833333333333334 0.08611111111111111 0.06666666666666667
0 0.26944444444444443 0.37592592592592594 0.08148148148148149 0.062037037037037036
0 0.5796296296296296 0.39444444444444443 0.09074074074074075 0.06666666666666667
0 0.41203703703703703 0.38796296296296295 0.0787037037037037 0.062037037037037036
0 0.7527777777777778 0.4148148148148148 0.08333333333333333 0.062037037037037036
2 0.11018518518518519 0.4638888888888889 0.0787037037037037 0.0712962962962963
2 0.2324074074074074 0.48333333333333334 0.08333333333333333 0.06666666666666667
2 0.38981481481481484 0.4962962962962963 0.09814814814814815 0.0712962962962963
2 0.7064814814814815 0.5175925925925926 0.09074074074074075 0.06666666666666667
2 0.5509259259259259 0.5157407407407407 0.09074074074074075 0.06666666666666667
2 0.23425925925925925 0.5777777777777777 0.09074074074074075 0.06666666666666667
2 0.12222222222222222 0.5740740740740741 0.0787037037037037 0.06666666666666667
2 0.37962962962962965 0.5935185185185186 0.08888888888888889 0.07407407407407407
2 0.5509259259259259 0.6407407407407407 0.09351851851851851 0.07685185185185185
2 0.7166666666666667 0.65 0.09537037037037037 0.06666666666666667
2 0.09537037037037037 0.6666666666666666 0.08611111111111111 0.0712962962962963
2 0.2462962962962963 0.6935185185185185 0.09074074074074075 0.06944444444444445
2 0.38796296296296295 0.7055555555555556 0.09074074074074075 0.0712962962962963
2 0.7018518518518518 0.7407407407407407 0.09537037037037037 0.0712962962962963
2 0.5527777777777778 0.7379629629629629 0.09537037037037037 0.0712962962962963
2 0.2212962962962963 0.7981481481481482 0.0787037037037037 0.0712962962962963
2 0.08518518518518518 0.7953703703703704 0.0787037037037037 0.06666666666666667
2 0.5444444444444444 0.8351851851851851 0.09074074074074075 0.0712962962962963
2 0.8148148148148148 0.8583333333333333 0.09814814814814815 0.07685185185185185
2 0.6981481481481482 0.8518518518518519 0.09074074074074075 0.0712962962962963
2 0.36944444444444446 0.850925925925926 0.09814814814814815 0.06666666666666667