0 0.125 0.18518518518518517 0.07685185185185185 0.05462962962962963
0 0.5537037037037037 0.1935185185185185 0.08148148148148149 0.05925925925925926
0 0.24259259259259258 0.1962962962962963 0.07685185185185185 0.05462962962962963
0 0.38425925925925924 0.19814814814814816 0.07685185185185185 0.05925925925925926
0 0.725925925925926 0.20092592592592592 0.08611111111111111 0.062037037037037036
0 0.12777777777777777 0.29907407407407405 0.07685185185185185 0.05925925925925926
0 0.3861111111111111 0.3037037037037037 0.08148148148148149 0.05462962962962963
0 0.5481481481481482 0.3148148148148148 0.0712962962962963 0.05462962962962963
0 0.25092592592592594 0.31296296296296294 0.07685185185185185 0.05925925925925926
0 0.7203703703703703 0.32222222222222224 0.08148148148148149 0.05925925925925926
0 0.12129629629629629 0.41203703703703703 0.07685185185185185 0.05925925925925926
0 0.2537037037037037 0.42407407407407405 0.0712962962962963 0.05740740740740741
0 0.5370370370370371 0.42777777777777776 0.08148148148148149 0.05925925925925926
0 0.3861111111111111 0.42777777777777776 0.07592592592592592 0.06111111111111111
0 0.7092592592592593 0.4398148148148148 0.07685185185185185 0.06388888888888888
2 0.10833333333333334 0.5120370370370371 0.0712962962962963 0.06481481481481481
2 0.22314814814814815 0.5277777777777778 0.07685185185185185 0.062037037037037036
2 0.37037037037037035 0.5351851851851852 0.09074074074074075 0.06481481481481481
2 0.6703703703703704 0.537962962962963 0.08148148148148149 0.05925925925925926
2 0.5157407407407407 0.5425925925925926 0.08148148148148149 0.05925925925925926
2 0.22407407407407406 0.6083333333333333 0.08148148148148149 0.062037037037037036
2 0.11851851851851852 0.6101851851851852 0.0712962962962963 0.05925925925925926
2 0.3638888888888889 0.6259259259259259 0.08148148148148149 0.06944444444444445
2 0.5268518518518519 0.6648148148148149 0.08148148148148149 0.06944444444444445
2 0.6814814814814815 0.6601851851851852 0.08888888888888889 0.06666666666666667
2 0.1 0.7027777777777777 0.07685185185185185 0.06481481481481481
2 0.24444444444444444 0.725 0.08148148148148149 0.06481481481481481
2 0.37592592592592594 0.7305555555555555 0.08148148148148149 0.06481481481481481
2 0.6722222222222223 0.7537037037037037 0.08888888888888889 0.06481481481481481
2 0.5324074074074074 0.7555555555555555 0.08888888888888889 0.06481481481481481
2 0.21574074074074073 0.8185185185185185 0.0712962962962963 0.06666666666666667
2 0.09074074074074075 0.8166666666666667 0.0712962962962963 0.05925925925925926
2 0.5287037037037037 0.8481481481481481 0.08148148148148149 0.06481481481481481
2 0.7833333333333333 0.8601851851851852 0.08888888888888889 0.0712962962962963
2 0.6731481481481482 0.8592592592592593 0.08148148148148149 0.06481481481481481
2 0.362962962962963 0.8657407407407407 0.09074074074074075 0.06388888888888888