0 0.8675925925925926 0.9324074074074075 0.06944444444444445 0.07962962962962963
0 0.9212962962962963 0.45092592592592595 0.06944444444444445 0.08055555555555556
0 0.8703703703703703 0.7944444444444444 0.06944444444444445 0.09351851851851851
0 0.8870370370370371 0.6388888888888888 0.06944444444444445 0.08425925925925926
0 0.9296296296296296 0.25462962962962965 0.07222222222222222 0.08981481481481482
0 0.7388888888888889 0.9074074074074074 0.0712962962962963 0.09351851851851851
0 0.7703703703703704 0.6194444444444445 0.0712962962962963 0.10092592592592593
0 0.7851851851851852 0.4388888888888889 0.06944444444444445 0.09074074074074075
0 0.7379629629629629 0.774074074074074 0.06759259259259259 0.0824074074074074
0 0.7981481481481482 0.23425925925925925 0.07685185185185185 0.09814814814814815
0 0.6129629629629629 0.8953703703703704 0.07685185185185185 0.09351851851851851
0 0.6194444444444445 0.7453703703703703 0.06944444444444445 0.08888888888888889
0 0.6537037037037037 0.4287037037037037 0.0787037037037037 0.10092592592592593
0 0.6324074074074074 0.5935185185185186 0.06944444444444445 0.08888888888888889
0 0.6685185185185185 0.2351851851851852 0.06944444444444445 0.09537037037037037
2 0.4962962962962963 0.8953703703703704 0.08148148148148149 0.08888888888888889
2 0.5 0.762962962962963 0.07685185185185185 0.09351851851851851
2 0.512962962962963 0.5972222222222222 0.08333333333333333 0.10740740740740741
2 0.5509259259259259 0.2657407407407407 0.0787037037037037 0.10092592592592593
2 0.5212962962962963 0.42777777777777776 0.0787037037037037 0.10092592592592593
2 0.40185185185185185 0.7416666666666667 0.0787037037037037 0.10092592592592593
2 0.38425925925925924 0.8601851851851852 0.07685185185185185 0.08888888888888889
2 0.4101851851851852 0.5925925925925926 0.08333333333333333 0.09814814814814815
2 0.39537037037037037 0.4074074074074074 0.08888888888888889 0.10277777777777777
2 0.4166666666666667 0.2324074074074074 0.0787037037037037 0.10555555555555556
2 0.2824074074074074 0.8712962962962963 0.08148148148148149 0.09351851851851851
2 0.2833333333333333 0.7111111111111111 0.0787037037037037 0.10092592592592593
2 0.2962962962962963 0.5694444444444444 0.07962962962962963 0.08888888888888889
2 0.3194444444444444 0.22962962962962963 0.08333333333333333 0.10740740740740741
2 0.29444444444444445 0.38425925925925924 0.08333333333333333 0.10555555555555556
2 0.17222222222222222 0.7175925925925926 0.08148148148148149 0.08888888888888889
2 0.14814814814814814 0.862037037037037 0.07685185185185185 0.08888888888888889
2 0.18888888888888888 0.37407407407407406 0.08333333333333333 0.10092592592592593
2 0.21944444444444444 0.09814814814814815 0.08611111111111111 0.09444444444444444
2 0.19907407407407407 0.21296296296296297 0.08148148148148149 0.09814814814814815
2 0.14444444444444443 0.5537037037037037 0.0787037037037037 0.10740740740740741