0 0.8462962962962963 0.1175925925925926 0.05925925925925926 0.08148148148148149
0 0.8361111111111111 0.5796296296296296 0.062037037037037036 0.08888888888888889
0 0.8342592592592593 0.24537037037037038 0.05925925925925926 0.08333333333333333
0 0.8314814814814815 0.39814814814814814 0.06481481481481481 0.08333333333333333
0 0.8212962962962963 0.774074074074074 0.06944444444444445 0.09537037037037037
0 0.725 0.12037037037037036 0.062037037037037036 0.08148148148148149
0 0.7185185185185186 0.39814814814814814 0.05925925925925926 0.08888888888888889
0 0.7064814814814815 0.5722222222222222 0.05925925925925926 0.0787037037037037
0 0.7092592592592593 0.2537037037037037 0.062037037037037036 0.08333333333333333
0 0.6925925925925925 0.7666666666666667 0.06481481481481481 0.08888888888888889
0 0.6018518518518519 0.11388888888888889 0.06481481481481481 0.08333333333333333
0 0.5888888888888889 0.25555555555555554 0.05925925925925926 0.0787037037037037
0 0.5805555555555556 0.5694444444444444 0.06481481481481481 0.08888888888888889
0 0.5805555555555556 0.40185185185185185 0.05925925925925926 0.0787037037037037
0 0.5657407407407408 0.7462962962962963 0.05925925925925926 0.08333333333333333
2 0.49444444444444446 0.1 0.06944444444444445 0.0787037037037037
2 0.4787037037037037 0.22314814814814815 0.06481481481481481 0.08333333333333333
2 0.47129629629629627 0.38333333333333336 0.06944444444444445 0.09537037037037037
2 0.45925925925925926 0.7046296296296296 0.06481481481481481 0.08888888888888889
2 0.4564814814814815 0.5453703703703704 0.06481481481481481 0.08888888888888889
2 0.38333333333333336 0.22962962962962963 0.06481481481481481 0.08888888888888889
2 0.38333333333333336 0.11666666666666667 0.06481481481481481 0.0787037037037037
2 0.37222222222222223 0.375 0.07407407407407407 0.08888888888888889
2 0.33055555555555555 0.5509259259259259 0.07407407407407407 0.09074074074074075
2 0.3277777777777778 0.7185185185185186 0.06481481481481481 0.09537037037037037
2 0.28888888888888886 0.09166666666666666 0.06944444444444445 0.08333333333333333
2 0.26666666666666666 0.2462962962962963 0.06944444444444445 0.08888888888888889
2 0.2611111111111111 0.38796296296296295 0.06944444444444445 0.08888888888888889
2 0.2351851851851852 0.7055555555555556 0.06944444444444445 0.09537037037037037
2 0.23333333333333334 0.5555555555555556 0.06944444444444445 0.09537037037037037
2 0.16018518518518518 0.2222222222222222 0.06944444444444445 0.0787037037037037
2 0.1574074074074074 0.08611111111111111 0.06481481481481481 0.0787037037037037
2 0.13333333333333333 0.5518518518518518 0.06944444444444445 0.08888888888888889
2 0.12037037037037036 0.825925925925926 0.07407407407407407 0.09814814814814815
2 0.12222222222222222 0.7064814814814815 0.06944444444444445 0.08888888888888889
2 0.11296296296296296 0.37222222222222223 0.06481481481481481 0.09537037037037037