0 0.6157407407407407 0.08981481481481482 0.08888888888888889 0.07407407407407407
0 0.13425925925925927 0.14074074074074075 0.07407407407407407 0.06944444444444445
0 0.2675925925925926 0.13425925925925927 0.09814814814814815 0.0712962962962963
0 0.4287037037037037 0.12129629629629629 0.10555555555555556 0.0712962962962963
0 0.812962962962963 0.08148148148148149 0.09351851851851851 0.08148148148148149
0 0.4388888888888889 0.23703703703703705 0.09074074074074075 0.07685185185185185
0 0.15648148148148147 0.26666666666666666 0.08333333333333333 0.07407407407407407
0 0.6222222222222222 0.22592592592592592 0.09351851851851851 0.07685185185185185
0 0.2916666666666667 0.26481481481481484 0.09537037037037037 0.07407407407407407
0 0.8231481481481482 0.21388888888888888 0.10740740740740741 0.08148148148148149
0 0.1574074074074074 0.3925925925925926 0.08888888888888889 0.06944444444444445
0 0.3055555555555556 0.3861111111111111 0.09351851851851851 0.0712962962962963
0 0.6333333333333333 0.35185185185185186 0.09351851851851851 0.0712962962962963
0 0.45925925925925926 0.37407407407407406 0.09537037037037037 0.0712962962962963
0 0.8212962962962963 0.3435185185185185 0.09814814814814815 0.07685185185185185
2 0.15833333333333333 0.5055555555555555 0.08888888888888889 0.07407407407407407
2 0.2916666666666667 0.5027777777777778 0.10092592592592593 0.08148148148148149
2 0.4546296296296296 0.49166666666666664 0.10092592592592593 0.08148148148148149
2 0.7953703703703704 0.45925925925925926 0.10740740740740741 0.08333333333333333
2 0.6222222222222222 0.48055555555555557 0.09537037037037037 0.07685185185185185
2 0.3055555555555556 0.600925925925926 0.09537037037037037 0.07685185185185185
2 0.18888888888888888 0.6194444444444445 0.09351851851851851 0.07407407407407407
2 0.46296296296296297 0.5953703703703703 0.10092592592592593 0.07685185185185185
2 0.8268518518518518 0.5935185185185186 0.10092592592592593 0.07685185185185185
2 0.6444444444444445 0.6129629629629629 0.10092592592592593 0.08148148148148149
2 0.1787037037037037 0.7222222222222222 0.10092592592592593 0.07685185185185185
2 0.33611111111111114 0.7222222222222222 0.09351851851851851 0.08148148148148149
2 0.48333333333333334 0.7129629629629629 0.10092592592592593 0.08611111111111111
2 0.825925925925926 0.6925925925925925 0.10740740740740741 0.08333333333333333
2 0.6731481481481482 0.7175925925925926 0.10740740740740741 0.08611111111111111
2 0.32314814814814813 0.8379629629629629 0.10740740740740741 0.08611111111111111
2 0.1824074074074074 0.8574074074074074 0.10740740740740741 0.08333333333333333
2 0.674074074074074 0.8277777777777777 0.10740740740740741 0.08611111111111111
2 0.9592592592592593 0.7953703703703704 0.08148148148148149 0.08611111111111111
2 0.8462962962962963 0.8185185185185185 0.10740740740740741 0.09074074074074075
2 0.49722222222222223 0.8703703703703703 0.10740740740740741 0.08611111111111111