0 0.8009259259259259 0.5453703703703704 0.06481481481481481 0.0787037037037037
0 0.7851851851851852 0.0962962962962963 0.05925925925925926 0.06481481481481481
0 0.7814814814814814 0.22314814814814815 0.05925925925925926 0.08888888888888889
0 0.7833333333333333 0.37037037037037035 0.05925925925925926 0.09814814814814815
0 0.7972222222222223 0.7305555555555555 0.06944444444444445 0.08148148148148149
0 0.6759259259259259 0.375 0.06481481481481481 0.0787037037037037
0 0.6666666666666666 0.10925925925925926 0.06481481481481481 0.07407407407407407
0 0.674074074074074 0.5444444444444444 0.06481481481481481 0.08148148148148149
0 0.6583333333333333 0.23333333333333334 0.05925925925925926 0.08333333333333333
0 0.6731481481481482 0.7305555555555555 0.06944444444444445 0.09351851851851851
0 0.5509259259259259 0.1037037037037037 0.05925925925925926 0.0787037037037037
0 0.5472222222222223 0.24259259259259258 0.05925925925925926 0.08148148148148149
0 0.5564814814814815 0.5453703703703704 0.05925925925925926 0.08148148148148149
0 0.5481481481481482 0.3861111111111111 0.05925925925925926 0.08333333333333333
0 0.5518518518518518 0.725 0.06481481481481481 0.08888888888888889
2 0.4444444444444444 0.09351851851851851 0.06481481481481481 0.0787037037037037
2 0.4388888888888889 0.2212962962962963 0.06944444444444445 0.08888888888888889
2 0.4388888888888889 0.37407407407407406 0.06944444444444445 0.08888888888888889
2 0.44722222222222224 0.6907407407407408 0.0712962962962963 0.09351851851851851
2 0.4361111111111111 0.5277777777777778 0.06481481481481481 0.08333333333333333
2 0.34629629629629627 0.22314814814814815 0.06481481481481481 0.08333333333333333
2 0.33796296296296297 0.11574074074074074 0.06481481481481481 0.08148148148148149
2 0.3416666666666667 0.375 0.06666666666666667 0.08888888888888889
2 0.31851851851851853 0.7129629629629629 0.06481481481481481 0.08888888888888889
2 0.31296296296296294 0.5416666666666666 0.06944444444444445 0.08888888888888889
2 0.24074074074074073 0.09814814814814815 0.06481481481481481 0.08888888888888889
2 0.22962962962962963 0.24537037037037038 0.06944444444444445 0.08148148148148149
2 0.23055555555555557 0.3861111111111111 0.07407407407407407 0.08888888888888889
2 0.22685185185185186 0.7027777777777777 0.0712962962962963 0.09351851851851851
2 0.21388888888888888 0.5611111111111111 0.07407407407407407 0.09351851851851851
2 0.125 0.22870370370370371 0.07407407407407407 0.09814814814814815
2 0.11574074074074074 0.09259259259259259 0.0712962962962963 0.09351851851851851
2 0.10925925925925926 0.5527777777777778 0.07407407407407407 0.09814814814814815
2 0.11944444444444445 0.8314814814814815 0.07407407407407407 0.09814814814814815
2 0.10833333333333334 0.7138888888888889 0.0787037037037037 0.09351851851851851
2 0.08425925925925926 0.38796296296296295 0.07407407407407407 0.09351851851851851