0 0.4148148148148148 0.1925925925925926 0.0787037037037037 0.06666666666666667
0 0.85 0.15462962962962962 0.06481481481481481 0.05925925925925926
0 0.7268518518518519 0.17592592592592593 0.08611111111111111 0.062037037037037036
0 0.5861111111111111 0.18888888888888888 0.09537037037037037 0.062037037037037036
0 0.2388888888888889 0.21851851851851853 0.08148148148148149 0.0712962962962963
0 0.5935185185185186 0.2916666666666667 0.0787037037037037 0.06666666666666667
0 0.85 0.2712962962962963 0.07407407407407407 0.06481481481481481
0 0.4324074074074074 0.3138888888888889 0.08148148148148149 0.06666666666666667
0 0.7324074074074074 0.2916666666666667 0.08333333333333333 0.06481481481481481
0 0.2537037037037037 0.33611111111111114 0.09537037037037037 0.0712962962962963
0 0.8703703703703703 0.3824074074074074 0.0787037037037037 0.06481481481481481
0 0.7379629629629629 0.4027777777777778 0.08148148148148149 0.06481481481481481
0 0.4462962962962963 0.4287037037037037 0.08148148148148149 0.06481481481481481
0 0.6 0.41574074074074074 0.08333333333333333 0.062037037037037036
0 0.275 0.4546296296296296 0.08611111111111111 0.06666666666666667
2 0.8907407407407407 0.48333333333333334 0.0787037037037037 0.06666666666666667
2 0.7703703703703704 0.5037037037037037 0.08888888888888889 0.0712962962962963
2 0.6240740740740741 0.5212962962962963 0.08888888888888889 0.0712962962962963
2 0.3194444444444444 0.549074074074074 0.09537037037037037 0.07407407407407407
2 0.4759259259259259 0.5398148148148149 0.08333333333333333 0.06666666666666667
2 0.7777777777777778 0.5898148148148148 0.08333333333333333 0.06666666666666667
2 0.8833333333333333 0.5888888888888889 0.08148148148148149 0.06666666666666667
2 0.6342592592592593 0.6157407407407407 0.08888888888888889 0.06944444444444445
2 0.31296296296296294 0.6731481481481482 0.08888888888888889 0.06666666666666667
2 0.47685185185185186 0.6611111111111111 0.08888888888888889 0.0712962962962963
2 0.9101851851851852 0.6787037037037037 0.08888888888888889 0.06666666666666667
2 0.7712962962962963 0.7027777777777777 0.08148148148148149 0.0712962962962963
2 0.6361111111111111 0.7203703703703703 0.08888888888888889 0.07685185185185185
2 0.3333333333333333 0.7611111111111111 0.09537037037037037 0.07407407407407407
2 0.47129629629629627 0.7592592592592593 0.09537037037037037 0.07685185185185185
2 0.8009259259259259 0.8055555555555556 0.09537037037037037 0.07685185185185185
2 0.9305555555555556 0.7981481481481482 0.09537037037037037 0.07407407407407407
2 0.49074074074074076 0.8555555555555555 0.09537037037037037 0.07685185185185185
2 0.2222222222222222 0.8805555555555555 0.09537037037037037 0.07685185185185185
2 0.3351851851851852 0.8759259259259259 0.09814814814814815 0.08148148148148149
2 0.6518518518518519 0.8638888888888889 0.09537037037037037 0.07685185185185185