0 0.5166666666666667 0.8175925925925925 0.08611111111111111 0.0712962962962963
0 0.06666666666666667 0.7611111111111111 0.07407407407407407 0.06481481481481481
0 0.18888888888888888 0.7675925925925926 0.09351851851851851 0.06666666666666667
0 0.33796296296296297 0.7833333333333333 0.10277777777777777 0.06944444444444445
0 0.7064814814814815 0.8296296296296296 0.08888888888888889 0.07685185185185185
0 0.35462962962962963 0.6731481481481482 0.08611111111111111 0.0712962962962963
0 0.08333333333333333 0.6407407407407407 0.08148148148148149 0.0712962962962963
0 0.5268518518518519 0.687037037037037 0.08888888888888889 0.0712962962962963
0 0.2101851851851852 0.6444444444444445 0.09074074074074075 0.0712962962962963
0 0.7175925925925926 0.7018518518518518 0.10277777777777777 0.0787037037037037
0 0.08611111111111111 0.5194444444444445 0.08611111111111111 0.0712962962962963
0 0.22870370370370371 0.5296296296296297 0.08888888888888889 0.0712962962962963
0 0.5388888888888889 0.5675925925925925 0.08888888888888889 0.0712962962962963
0 0.375 0.5435185185185185 0.09074074074074075 0.06666666666666667
0 0.7203703703703703 0.5777777777777777 0.09351851851851851 0.0712962962962963
2 0.08611111111111111 0.41203703703703703 0.08611111111111111 0.0712962962962963
2 0.2175925925925926 0.4166666666666667 0.09814814814814815 0.07685185185185185
2 0.37222222222222223 0.43148148148148147 0.09814814814814815 0.07685185185185185
2 0.6962962962962963 0.4675925925925926 0.10277777777777777 0.08333333333333333
2 0.5314814814814814 0.4425925925925926 0.09074074074074075 0.0712962962962963
2 0.22870370370370371 0.32222222222222224 0.09074074074074075 0.0712962962962963
2 0.11666666666666667 0.3037037037037037 0.08888888888888889 0.0712962962962963
2 0.3824074074074074 0.3314814814814815 0.09814814814814815 0.07685185185185185
2 0.7305555555555555 0.3388888888888889 0.09814814814814815 0.0712962962962963
2 0.5574074074074075 0.31851851851851853 0.09814814814814815 0.07685185185185185
2 0.11018518518518519 0.20462962962962963 0.09814814814814815 0.0712962962962963
2 0.25925925925925924 0.2064814814814815 0.08888888888888889 0.07685185185185185
2 0.40370370370370373 0.21851851851851853 0.09814814814814815 0.08333333333333333
2 0.7287037037037037 0.24537037037037038 0.10277777777777777 0.08333333333333333
2 0.5851851851851851 0.2175925925925926 0.10277777777777777 0.08611111111111111
2 0.25277777777777777 0.0962962962962963 0.10277777777777777 0.08611111111111111
2 0.11574074074074074 0.07592592592592592 0.10277777777777777 0.08333333333333333
2 0.5861111111111111 0.11018518518518519 0.10277777777777777 0.08611111111111111
2 0.8703703703703703 0.14537037037037037 0.10555555555555556 0.08611111111111111
2 0.7509259259259259 0.12222222222222222 0.10277777777777777 0.09074074074074075
2 0.41944444444444445 0.06851851851851852 0.10277777777777777 0.08611111111111111