0 0.4546296296296296 0.8009259259259259 0.0787037037037037 0.06481481481481481
0 0.9037037037037037 0.7851851851851852 0.06481481481481481 0.05925925925925926
0 0.7768518518518519 0.7814814814814814 0.08888888888888889 0.05925925925925926
0 0.6296296296296297 0.7833333333333333 0.09814814814814815 0.05925925925925926
0 0.26944444444444443 0.7972222222222223 0.08148148148148149 0.06944444444444445
0 0.625 0.6759259259259259 0.0787037037037037 0.06481481481481481
0 0.8907407407407407 0.6666666666666666 0.07407407407407407 0.06481481481481481
0 0.45555555555555555 0.674074074074074 0.08148148148148149 0.06481481481481481
0 0.7666666666666667 0.6583333333333333 0.08333333333333333 0.05925925925925926
0 0.26944444444444443 0.6731481481481482 0.09351851851851851 0.06944444444444445
0 0.8962962962962963 0.5509259259259259 0.0787037037037037 0.05925925925925926
0 0.7574074074074074 0.5472222222222223 0.08148148148148149 0.05925925925925926
0 0.4546296296296296 0.5564814814814815 0.08148148148148149 0.05925925925925926
0 0.6138888888888889 0.5481481481481482 0.08333333333333333 0.05925925925925926
0 0.275 0.5518518518518518 0.08888888888888889 0.06481481481481481
2 0.9064814814814814 0.4444444444444444 0.0787037037037037 0.06481481481481481
2 0.7787037037037037 0.4388888888888889 0.08888888888888889 0.06944444444444445
2 0.6259259259259259 0.4388888888888889 0.08888888888888889 0.06944444444444445
2 0.30925925925925923 0.44722222222222224 0.09351851851851851 0.0712962962962963
2 0.4722222222222222 0.4361111111111111 0.08333333333333333 0.06481481481481481
2 0.7768518518518519 0.34629629629629627 0.08333333333333333 0.06481481481481481
2 0.8842592592592593 0.33796296296296297 0.08148148148148149 0.06481481481481481
2 0.625 0.3416666666666667 0.08888888888888889 0.06666666666666667
2 0.28703703703703703 0.31851851851851853 0.08888888888888889 0.06481481481481481
2 0.4583333333333333 0.31296296296296294 0.08888888888888889 0.06944444444444445
2 0.9018518518518519 0.24074074074074073 0.08888888888888889 0.06481481481481481
2 0.7546296296296297 0.22962962962962963 0.08148148148148149 0.06944444444444445
2 0.6138888888888889 0.23055555555555557 0.08888888888888889 0.07407407407407407
2 0.2972222222222222 0.22685185185185186 0.09351851851851851 0.0712962962962963
2 0.4388888888888889 0.21388888888888888 0.09351851851851851 0.07407407407407407
2 0.7712962962962963 0.125 0.09814814814814815 0.07407407407407407
2 0.9074074074074074 0.11574074074074074 0.09351851851851851 0.0712962962962963
2 0.44722222222222224 0.10925925925925926 0.09814814814814815 0.07407407407407407
2 0.1685185185185185 0.11944444444444445 0.09814814814814815 0.07407407407407407
2 0.2861111111111111 0.10833333333333334 0.09351851851851851 0.0787037037037037
2 0.612037037037037 0.08425925925925926 0.09351851851851851 0.07407407407407407