0 0.8175925925925925 0.48333333333333334 0.0712962962962963 0.08611111111111111
0 0.7611111111111111 0.9333333333333333 0.06481481481481481 0.07407407407407407
0 0.7675925925925926 0.8111111111111111 0.06666666666666667 0.09351851851851851
0 0.7833333333333333 0.6620370370370371 0.06944444444444445 0.10277777777777777
0 0.8296296296296296 0.2935185185185185 0.07685185185185185 0.08888888888888889
0 0.6731481481481482 0.6453703703703704 0.0712962962962963 0.08611111111111111
0 0.6407407407407407 0.9166666666666666 0.0712962962962963 0.08148148148148149
0 0.687037037037037 0.47314814814814815 0.0712962962962963 0.08888888888888889
0 0.6444444444444445 0.7898148148148149 0.0712962962962963 0.09074074074074075
0 0.7018518518518518 0.2824074074074074 0.0787037037037037 0.10277777777777777
0 0.5194444444444445 0.9138888888888889 0.0712962962962963 0.08611111111111111
0 0.5296296296296297 0.7712962962962963 0.0712962962962963 0.08888888888888889
0 0.5675925925925925 0.46111111111111114 0.0712962962962963 0.08888888888888889
0 0.5435185185185185 0.625 0.06666666666666667 0.09074074074074075
0 0.5777777777777777 0.2796296296296296 0.0712962962962963 0.09351851851851851
2 0.41203703703703703 0.9138888888888889 0.0712962962962963 0.08611111111111111
2 0.4166666666666667 0.7824074074074074 0.07685185185185185 0.09814814814814815
2 0.43148148148148147 0.6277777777777778 0.07685185185185185 0.09814814814814815
2 0.4675925925925926 0.3037037037037037 0.08333333333333333 0.10277777777777777
2 0.4425925925925926 0.4685185185185185 0.0712962962962963 0.09074074074074075
2 0.32222222222222224 0.7712962962962963 0.0712962962962963 0.09074074074074075
2 0.3037037037037037 0.8833333333333333 0.0712962962962963 0.08888888888888889
2 0.3314814814814815 0.6175925925925926 0.07685185185185185 0.09814814814814815
2 0.3388888888888889 0.26944444444444443 0.0712962962962963 0.09814814814814815
2 0.31851851851851853 0.4425925925925926 0.07685185185185185 0.09814814814814815
2 0.20462962962962963 0.8898148148148148 0.0712962962962963 0.09814814814814815
2 0.2064814814814815 0.7407407407407407 0.07685185185185185 0.08888888888888889
2 0.21851851851851853 0.5962962962962963 0.08333333333333333 0.09814814814814815
2 0.24537037037037038 0.2712962962962963 0.08333333333333333 0.10277777777777777
2 0.2175925925925926 0.4148148148148148 0.08611111111111111 0.10277777777777777
2 0.0962962962962963 0.7472222222222222 0.08611111111111111 0.10277777777777777
2 0.07592592592592592 0.8842592592592593 0.08333333333333333 0.10277777777777777
2 0.11018518518518519 0.41388888888888886 0.08611111111111111 0.10277777777777777
2 0.14537037037037037 0.12962962962962962 0.08611111111111111 0.10555555555555556
2 0.12222222222222222 0.2490740740740741 0.09074074074074075 0.10277777777777777
2 0.06851851851851852 0.5805555555555556 0.08611111111111111 0.10277777777777777