0 0.18888888888888888 0.4351851851851852 0.06481481481481481 0.0787037037037037
0 0.17314814814814813 0.8824074074074074 0.05925925925925926 0.06481481481481481
0 0.18611111111111112 0.7555555555555555 0.05925925925925926 0.08611111111111111
0 0.1925925925925926 0.6101851851851852 0.05925925925925926 0.09814814814814815
0 0.20462962962962963 0.2537037037037037 0.06944444444444445 0.08148148148148149
0 0.30092592592592593 0.6129629629629629 0.06481481481481481 0.0787037037037037
0 0.2935185185185185 0.875 0.06481481481481481 0.07407407407407407
0 0.31296296296296294 0.44722222222222224 0.06481481481481481 0.08148148148148149
0 0.30648148148148147 0.7527777777777778 0.05925925925925926 0.08333333333333333
0 0.32685185185185184 0.262037037037037 0.06944444444444445 0.09351851851851851
0 0.4064814814814815 0.8898148148148148 0.05925925925925926 0.0787037037037037
0 0.4222222222222222 0.7537037037037037 0.05925925925925926 0.08148148148148149
0 0.43148148148148147 0.4527777777777778 0.05925925925925926 0.08148148148148149
0 0.42777777777777776 0.6129629629629629 0.05925925925925926 0.08333333333333333
0 0.44814814814814813 0.27685185185185185 0.06481481481481481 0.08611111111111111
2 0.5111111111111111 0.9064814814814814 0.06481481481481481 0.0787037037037037
2 0.5268518518518519 0.7814814814814814 0.06944444444444445 0.08888888888888889
2 0.5361111111111111 0.6305555555555555 0.06944444444444445 0.08888888888888889
2 0.5481481481481482 0.3175925925925926 0.06944444444444445 0.09351851851851851
2 0.5472222222222223 0.4787037037037037 0.06481481481481481 0.08333333333333333
2 0.6157407407407407 0.7833333333333333 0.06481481481481481 0.08333333333333333
2 0.6194444444444445 0.8944444444444445 0.06481481481481481 0.08148148148148149
2 0.6324074074074074 0.6370370370370371 0.06481481481481481 0.08888888888888889
2 0.6759259259259259 0.3037037037037037 0.06481481481481481 0.08888888888888889
2 0.6722222222222223 0.4722222222222222 0.06944444444444445 0.08888888888888889
2 0.7129629629629629 0.9157407407407407 0.06481481481481481 0.08888888888888889
2 0.7305555555555555 0.7731481481481481 0.06944444444444445 0.08148148148148149
2 0.7407407407407407 0.6333333333333333 0.07407407407407407 0.08888888888888889
2 0.7648148148148148 0.3212962962962963 0.06944444444444445 0.09351851851851851
2 0.7712962962962963 0.46111111111111114 0.07407407407407407 0.09351851851851851
2 0.8379629629629629 0.7972222222222223 0.07407407407407407 0.09814814814814815
2 0.8361111111111111 0.9305555555555556 0.06944444444444445 0.09351851851851851
2 0.8712962962962963 0.4759259259259259 0.07407407407407407 0.09814814814814815
2 0.8833333333333333 0.20092592592592592 0.07407407407407407 0.09814814814814815
2 0.8833333333333333 0.3175925925925926 0.0787037037037037 0.09351851851851851
2 0.887962962962963 0.6407407407407407 0.07407407407407407 0.09351851851851851