0 0.9101851851851852 0.6157407407407407 0.07407407407407407 0.08888888888888889
0 0.8592592592592593 0.13425925925925927 0.06944444444444445 0.07407407407407407
0 0.8657407407407407 0.2675925925925926 0.0712962962962963 0.09814814814814815
0 0.8787037037037037 0.4287037037037037 0.0712962962962963 0.10555555555555556
0 0.9185185185185185 0.812962962962963 0.08148148148148149 0.09351851851851851
0 0.762962962962963 0.4388888888888889 0.07685185185185185 0.09074074074074075
0 0.7333333333333333 0.15648148148148147 0.07407407407407407 0.08333333333333333
0 0.774074074074074 0.6222222222222222 0.07685185185185185 0.09351851851851851
0 0.7351851851851852 0.2916666666666667 0.07407407407407407 0.09537037037037037
0 0.7861111111111111 0.8231481481481482 0.08148148148148149 0.10740740740740741
0 0.6074074074074074 0.1574074074074074 0.06944444444444445 0.08888888888888889
0 0.6138888888888889 0.3055555555555556 0.0712962962962963 0.09351851851851851
0 0.6481481481481481 0.6333333333333333 0.0712962962962963 0.09351851851851851
0 0.6259259259259259 0.45925925925925926 0.0712962962962963 0.09537037037037037
0 0.6564814814814814 0.8212962962962963 0.07685185185185185 0.09814814814814815
2 0.49444444444444446 0.15833333333333333 0.07407407407407407 0.08888888888888889
2 0.49722222222222223 0.2916666666666667 0.08148148148148149 0.10092592592592593
2 0.5083333333333333 0.4546296296296296 0.08148148148148149 0.10092592592592593
2 0.5407407407407407 0.7953703703703704 0.08333333333333333 0.10740740740740741
2 0.5194444444444445 0.6222222222222222 0.07685185185185185 0.09537037037037037
2 0.3990740740740741 0.3055555555555556 0.07685185185185185 0.09537037037037037
2 0.38055555555555554 0.18888888888888888 0.07407407407407407 0.09351851851851851
2 0.4046296296296296 0.46296296296296297 0.07685185185185185 0.10092592592592593
2 0.4064814814814815 0.8268518518518518 0.07685185185185185 0.10092592592592593
2 0.387037037037037 0.6444444444444445 0.08148148148148149 0.10092592592592593
2 0.2777777777777778 0.1787037037037037 0.07685185185185185 0.10092592592592593
2 0.2777777777777778 0.33611111111111114 0.08148148148148149 0.09351851851851851
2 0.28703703703703703 0.48333333333333334 0.08611111111111111 0.10092592592592593
2 0.3074074074074074 0.825925925925926 0.08333333333333333 0.10740740740740741
2 0.2824074074074074 0.6731481481481482 0.08611111111111111 0.10740740740740741
2 0.16203703703703703 0.32314814814814813 0.08611111111111111 0.10740740740740741
2 0.1425925925925926 0.1824074074074074 0.08333333333333333 0.10740740740740741
2 0.17222222222222222 0.674074074074074 0.08611111111111111 0.10740740740740741
2 0.20462962962962963 0.9592592592592593 0.08611111111111111 0.08148148148148149
2 0.1814814814814815 0.8462962962962963 0.09074074074074075 0.10740740740740741
2 0.12962962962962962 0.49722222222222223 0.08611111111111111 0.10740740740740741