0 0.8074074074074075 0.4148148148148148 0.06666666666666667 0.0787037037037037
0 0.8453703703703703 0.85 0.05925925925925926 0.06481481481481481
0 0.8240740740740741 0.7268518518518519 0.062037037037037036 0.08611111111111111
0 0.8111111111111111 0.5861111111111111 0.062037037037037036 0.09537037037037037
0 0.7814814814814814 0.2388888888888889 0.0712962962962963 0.08148148148148149
0 0.7083333333333334 0.5935185185185186 0.06666666666666667 0.0787037037037037
0 0.7287037037037037 0.85 0.06481481481481481 0.07407407407407407
0 0.6861111111111111 0.4324074074074074 0.06666666666666667 0.08148148148148149
0 0.7083333333333334 0.7324074074074074 0.06481481481481481 0.08333333333333333
0 0.6638888888888889 0.2537037037037037 0.0712962962962963 0.09537037037037037
0 0.6175925925925926 0.8703703703703703 0.06481481481481481 0.0787037037037037
0 0.5972222222222222 0.7379629629629629 0.06481481481481481 0.08148148148148149
0 0.5712962962962963 0.4462962962962963 0.06481481481481481 0.08148148148148149
0 0.5842592592592593 0.6 0.062037037037037036 0.08333333333333333
0 0.5453703703703704 0.275 0.06666666666666667 0.08611111111111111
2 0.5166666666666667 0.8907407407407407 0.06666666666666667 0.0787037037037037
2 0.4962962962962963 0.7703703703703704 0.0712962962962963 0.08888888888888889
2 0.4787037037037037 0.6240740740740741 0.0712962962962963 0.08888888888888889
2 0.45092592592592595 0.3194444444444444 0.07407407407407407 0.09537037037037037
2 0.4601851851851852 0.4759259259259259 0.06666666666666667 0.08333333333333333
2 0.4101851851851852 0.7777777777777778 0.06666666666666667 0.08333333333333333
2 0.4111111111111111 0.8833333333333333 0.06666666666666667 0.08148148148148149
2 0.38425925925925924 0.6342592592592593 0.06944444444444445 0.08888888888888889
2 0.32685185185185184 0.31296296296296294 0.06666666666666667 0.08888888888888889
2 0.3388888888888889 0.47685185185185186 0.0712962962962963 0.08888888888888889
2 0.3212962962962963 0.9101851851851852 0.06666666666666667 0.08888888888888889
2 0.2972222222222222 0.7712962962962963 0.0712962962962963 0.08148148148148149
2 0.2796296296296296 0.6361111111111111 0.07685185185185185 0.08888888888888889
2 0.2388888888888889 0.3333333333333333 0.07407407407407407 0.09537037037037037
2 0.24074074074074073 0.47129629629629627 0.07685185185185185 0.09537037037037037
2 0.19444444444444445 0.8009259259259259 0.07685185185185185 0.09537037037037037
2 0.20185185185185187 0.9305555555555556 0.07407407407407407 0.09537037037037037
2 0.14444444444444443 0.49074074074074076 0.07685185185185185 0.09537037037037037
2 0.11944444444444445 0.2222222222222222 0.07685185185185185 0.09537037037037037
2 0.12407407407407407 0.3351851851851852 0.08148148148148149 0.09814814814814815
2 0.1361111111111111 0.6518518518518519 0.07685185185185185 0.09537037037037037