0 0.8111111111111111 0.5648148148148148 0.06481481481481481 0.0787037037037037
0 0.8268518518518518 0.1175925925925926 0.05925925925925926 0.06481481481481481
0 0.8138888888888889 0.24444444444444444 0.05925925925925926 0.08611111111111111
0 0.8074074074074075 0.38981481481481484 0.05925925925925926 0.09814814814814815
0 0.7953703703703704 0.7462962962962963 0.06944444444444445 0.08148148148148149
0 0.6990740740740741 0.387037037037037 0.06481481481481481 0.0787037037037037
0 0.7064814814814815 0.125 0.06481481481481481 0.07407407407407407
0 0.687037037037037 0.5527777777777778 0.06481481481481481 0.08148148148148149
0 0.6935185185185185 0.24722222222222223 0.05925925925925926 0.08333333333333333
0 0.6731481481481482 0.7379629629629629 0.06944444444444445 0.09351851851851851
0 0.5935185185185186 0.11018518518518519 0.05925925925925926 0.0787037037037037
0 0.5777777777777777 0.2462962962962963 0.05925925925925926 0.08148148148148149
0 0.5685185185185185 0.5472222222222223 0.05925925925925926 0.08148148148148149
0 0.5722222222222222 0.387037037037037 0.05925925925925926 0.08333333333333333
0 0.5518518518518518 0.7231481481481481 0.06481481481481481 0.08611111111111111
2 0.4888888888888889 0.09351851851851851 0.06481481481481481 0.0787037037037037
2 0.47314814814814815 0.21851851851851853 0.06944444444444445 0.08888888888888889
2 0.4638888888888889 0.36944444444444446 0.06944444444444445 0.08888888888888889
2 0.45185185185185184 0.6824074074074075 0.06944444444444445 0.09351851851851851
2 0.4527777777777778 0.5212962962962963 0.06481481481481481 0.08333333333333333
2 0.38425925925925924 0.21666666666666667 0.06481481481481481 0.08333333333333333
2 0.38055555555555554 0.10555555555555556 0.06481481481481481 0.08148148148148149
2 0.3675925925925926 0.362962962962963 0.06481481481481481 0.08888888888888889
2 0.32407407407407407 0.6962962962962963 0.06481481481481481 0.08888888888888889
2 0.3277777777777778 0.5277777777777778 0.06944444444444445 0.08888888888888889
2 0.28703703703703703 0.08425925925925926 0.06481481481481481 0.08888888888888889
2 0.26944444444444443 0.22685185185185186 0.06944444444444445 0.08148148148148149
2 0.25925925925925924 0.36666666666666664 0.07407407407407407 0.08888888888888889
2 0.2351851851851852 0.6787037037037037 0.06944444444444445 0.09351851851851851
2 0.22870370370370371 0.5388888888888889 0.07407407407407407 0.09351851851851851
2 0.16203703703703703 0.20277777777777778 0.07407407407407407 0.09814814814814815
2 0.1638888888888889 0.06944444444444445 0.06944444444444445 0.09351851851851851
2 0.1287037037037037 0.524074074074074 0.07407407407407407 0.09814814814814815
2 0.11666666666666667 0.799074074074074 0.07407407407407407 0.09814814814814815
2 0.11666666666666667 0.6824074074074075 0.0787037037037037 0.09351851851851851
2 0.11203703703703703 0.3592592592592593 0.07407407407407407 0.09351851851851851