0 0.38425925925925924 0.9101851851851852 0.08888888888888889 0.07407407407407407
0 0.8657407407407407 0.8592592592592593 0.07407407407407407 0.06944444444444445
0 0.7324074074074074 0.8657407407407407 0.09814814814814815 0.0712962962962963
0 0.5712962962962963 0.8787037037037037 0.10555555555555556 0.0712962962962963
0 0.18703703703703703 0.9185185185185185 0.09351851851851851 0.08148148148148149
0 0.5611111111111111 0.762962962962963 0.09074074074074075 0.07685185185185185
0 0.8435185185185186 0.7333333333333333 0.08333333333333333 0.07407407407407407
0 0.37777777777777777 0.774074074074074 0.09351851851851851 0.07685185185185185
0 0.7083333333333334 0.7351851851851852 0.09537037037037037 0.07407407407407407
0 0.17685185185185184 0.7861111111111111 0.10740740740740741 0.08148148148148149
0 0.8425925925925926 0.6074074074074074 0.08888888888888889 0.06944444444444445
0 0.6944444444444444 0.6138888888888889 0.09351851851851851 0.0712962962962963
0 0.36666666666666664 0.6481481481481481 0.09351851851851851 0.0712962962962963
0 0.5407407407407407 0.6259259259259259 0.09537037037037037 0.0712962962962963
0 0.1787037037037037 0.6564814814814814 0.09814814814814815 0.07685185185185185
2 0.8416666666666667 0.49444444444444446 0.08888888888888889 0.07407407407407407
2 0.7083333333333334 0.49722222222222223 0.10092592592592593 0.08148148148148149
2 0.5453703703703704 0.5083333333333333 0.10092592592592593 0.08148148148148149
2 0.20462962962962963 0.5407407407407407 0.10740740740740741 0.08333333333333333
2 0.37777777777777777 0.5194444444444445 0.09537037037037037 0.07685185185185185
2 0.6944444444444444 0.3990740740740741 0.09537037037037037 0.07685185185185185
2 0.8111111111111111 0.38055555555555554 0.09351851851851851 0.07407407407407407
2 0.5370370370370371 0.4046296296296296 0.10092592592592593 0.07685185185185185
2 0.17314814814814813 0.4064814814814815 0.10092592592592593 0.07685185185185185
2 0.35555555555555557 0.387037037037037 0.10092592592592593 0.08148148148148149
2 0.8212962962962963 0.2777777777777778 0.10092592592592593 0.07685185185185185
2 0.6638888888888889 0.2777777777777778 0.09351851851851851 0.08148148148148149
2 0.5166666666666667 0.28703703703703703 0.10092592592592593 0.08611111111111111
2 0.17407407407407408 0.3074074074074074 0.10740740740740741 0.08333333333333333
2 0.32685185185185184 0.2824074074074074 0.10740740740740741 0.08611111111111111
2 0.6768518518518518 0.16203703703703703 0.10740740740740741 0.08611111111111111
2 0.8175925925925925 0.1425925925925926 0.10740740740740741 0.08333333333333333
2 0.32592592592592595 0.17222222222222222 0.10740740740740741 0.08611111111111111
2 0.040740740740740744 0.20462962962962963 0.08148148148148149 0.08611111111111111
2 0.1537037037037037 0.1814814814814815 0.10740740740740741 0.09074074074074075
2 0.5027777777777778 0.12962962962962962 0.10740740740740741 0.08611111111111111