0 0.5453703703703704 0.19907407407407407 0.0787037037037037 0.06481481481481481
0 0.0962962962962963 0.21481481481481482 0.06481481481481481 0.05925925925925926
0 0.22314814814814815 0.21851851851851853 0.08888888888888889 0.05925925925925926
0 0.37037037037037035 0.21666666666666667 0.09814814814814815 0.05925925925925926
0 0.7305555555555555 0.20277777777777778 0.08148148148148149 0.06944444444444445
0 0.375 0.32407407407407407 0.0787037037037037 0.06481481481481481
0 0.10925925925925926 0.3333333333333333 0.07407407407407407 0.06481481481481481
0 0.5444444444444444 0.32592592592592595 0.08148148148148149 0.06481481481481481
0 0.23333333333333334 0.3416666666666667 0.08333333333333333 0.05925925925925926
0 0.7305555555555555 0.32685185185185184 0.09351851851851851 0.06944444444444445
0 0.1037037037037037 0.44907407407407407 0.0787037037037037 0.05925925925925926
0 0.24259259259259258 0.4527777777777778 0.08148148148148149 0.05925925925925926
0 0.5453703703703704 0.44351851851851853 0.08148148148148149 0.05925925925925926
0 0.3861111111111111 0.45185185185185184 0.08333333333333333 0.05925925925925926
0 0.725 0.44814814814814813 0.08888888888888889 0.06481481481481481
2 0.09351851851851851 0.5555555555555556 0.0787037037037037 0.06481481481481481
2 0.2212962962962963 0.5611111111111111 0.08888888888888889 0.06944444444444445
2 0.37407407407407406 0.5611111111111111 0.08888888888888889 0.06944444444444445
2 0.6907407407407408 0.5527777777777778 0.09351851851851851 0.0712962962962963
2 0.5277777777777778 0.5638888888888889 0.08333333333333333 0.06481481481481481
2 0.22314814814814815 0.6537037037037037 0.08333333333333333 0.06481481481481481
2 0.11574074074074074 0.6620370370370371 0.08148148148148149 0.06481481481481481
2 0.375 0.6583333333333333 0.08888888888888889 0.06666666666666667
2 0.7129629629629629 0.6814814814814815 0.08888888888888889 0.06481481481481481
2 0.5416666666666666 0.687037037037037 0.08888888888888889 0.06944444444444445
2 0.09814814814814815 0.7592592592592593 0.08888888888888889 0.06481481481481481
2 0.24537037037037038 0.7703703703703704 0.08148148148148149 0.06944444444444445
2 0.3861111111111111 0.7694444444444445 0.08888888888888889 0.07407407407407407
2 0.7027777777777777 0.7731481481481481 0.09351851851851851 0.0712962962962963
2 0.5611111111111111 0.7861111111111111 0.09351851851851851 0.07407407407407407
2 0.22870370370370371 0.875 0.09814814814814815 0.07407407407407407
2 0.09259259259259259 0.8842592592592593 0.09351851851851851 0.0712962962962963
2 0.5527777777777778 0.8907407407407407 0.09814814814814815 0.07407407407407407
2 0.8314814814814815 0.8805555555555555 0.09814814814814815 0.07407407407407407
2 0.7138888888888889 0.8916666666666667 0.09351851851851851 0.0787037037037037
2 0.38796296296296295 0.9157407407407407 0.09351851851851851 0.07407407407407407