2 0.12222222222222222 0.3435185185185185 0.08148148148148149 0.10555555555555556
2 0.1527777777777778 0.8703703703703703 0.07685185185185185 0.11018518518518519
2 0.14907407407407408 0.6620370370370371 0.07685185185185185 0.10555555555555556
0 0.12407407407407407 0.1685185185185185 0.0712962962962963 0.08611111111111111
2 0.15185185185185185 0.512962962962963 0.08148148148148149 0.11481481481481481
2 0.24074074074074073 0.3472222222222222 0.08148148148148149 0.10740740740740741
2 0.25833333333333336 0.5 0.08611111111111111 0.11481481481481481
2 0.2796296296296296 0.850925925925926 0.07685185185185185 0.11018518518518519
0 0.25092592592592594 0.16944444444444445 0.08148148148148149 0.09814814814814815
2 0.28703703703703703 0.6787037037037037 0.07685185185185185 0.11018518518518519
2 0.3907407407407407 0.49722222222222223 0.07685185185185185 0.10555555555555556
2 0.38425925925925924 0.3472222222222222 0.08148148148148149 0.10555555555555556
0 0.38796296296296295 0.16111111111111112 0.08148148148148149 0.10092592592592593
2 0.41574074074074074 0.6787037037037037 0.09074074074074075 0.12222222222222222
2 0.42777777777777776 0.9138888888888889 0.08148148148148149 0.11944444444444445
2 0.5324074074074074 0.33796296296296297 0.08611111111111111 0.11018518518518519
2 0.5574074074074075 0.5398148148148149 0.08888888888888889 0.11018518518518519
0 0.5388888888888889 0.1398148148148148 0.07685185185185185 0.09814814814814815
2 0.5740740740740741 0.6935185185185185 0.09074074074074075 0.1175925925925926
2 0.5842592592592593 0.8555555555555555 0.08888888888888889 0.11018518518518519
2 0.6814814814814815 0.3148148148148148 0.09351851851851851 0.10555555555555556
2 0.7092592592592593 0.6694444444444444 0.08888888888888889 0.11481481481481481
2 0.725 0.8555555555555555 0.09814814814814815 0.125
2 0.7083333333333334 0.524074074074074 0.08888888888888889 0.11018518518518519
0 0.7064814814814815 0.14074074074074075 0.09351851851851851 0.09814814814814815
2 0.8296296296296296 0.8351851851851851 0.10092592592592593 0.12222222222222222