2 0.8055555555555556 0.3055555555555556 0.0712962962962963 0.09074074074074075
2 0.8027777777777778 0.7953703703703704 0.06666666666666667 0.09537037037037037
2 0.7972222222222223 0.6046296296296296 0.06666666666666667 0.09074074074074075
0 0.7953703703703704 0.14537037037037037 0.062037037037037036 0.07685185185185185
2 0.7861111111111111 0.4666666666666667 0.0712962962962963 0.10092592592592593
2 0.6972222222222222 0.3175925925925926 0.0712962962962963 0.09537037037037037
2 0.6888888888888889 0.4564814814814815 0.07685185185185185 0.10092592592592593
2 0.6842592592592592 0.7824074074074074 0.06666666666666667 0.10092592592592593
0 0.6768518518518518 0.1527777777777778 0.0712962962962963 0.08611111111111111
2 0.6694444444444444 0.625 0.06666666666666667 0.10092592592592593
2 0.5657407407407408 0.4638888888888889 0.06666666666666667 0.09074074074074075
2 0.5638888888888889 0.32222222222222224 0.0712962962962963 0.09537037037037037
0 0.5509259259259259 0.15185185185185185 0.0712962962962963 0.09074074074074075
2 0.5509259259259259 0.6324074074074074 0.07685185185185185 0.11018518518518519
2 0.5509259259259259 0.8472222222222222 0.0712962962962963 0.10555555555555556
2 0.42592592592592593 0.3212962962962963 0.07685185185185185 0.09537037037037037
2 0.41203703703703703 0.5092592592592593 0.07685185185185185 0.09537037037037037
0 0.4101851851851852 0.13796296296296295 0.06666666666666667 0.08611111111111111
2 0.40370370370370373 0.6537037037037037 0.08148148148148149 0.10555555555555556
2 0.4027777777777778 0.8037037037037037 0.07685185185185185 0.10092592592592593
2 0.2861111111111111 0.3074074074074074 0.08148148148148149 0.09074074074074075
2 0.27870370370370373 0.6361111111111111 0.07685185185185185 0.10092592592592593
2 0.27314814814814814 0.8101851851851852 0.08611111111111111 0.11018518518518519
2 0.2712962962962963 0.5009259259259259 0.07685185185185185 0.10092592592592593
0 0.25462962962962965 0.14629629629629629 0.08148148148148149 0.09074074074074075
2 0.17407407407407408 0.7944444444444444 0.08888888888888889 0.11018518518518519