2 0.6944444444444444 0.8055555555555556 0.09074074074074075 0.0712962962962963
2 0.20462962962962963 0.8027777777777778 0.09537037037037037 0.06666666666666667
2 0.39537037037037037 0.7972222222222223 0.09074074074074075 0.06666666666666667
0 0.8546296296296296 0.7953703703703704 0.07685185185185185 0.062037037037037036
2 0.5333333333333333 0.7861111111111111 0.10092592592592593 0.0712962962962963
2 0.6824074074074075 0.6972222222222222 0.09537037037037037 0.0712962962962963
2 0.5435185185185185 0.6888888888888889 0.10092592592592593 0.07685185185185185
2 0.2175925925925926 0.6842592592592592 0.10092592592592593 0.06666666666666667
0 0.8472222222222222 0.6768518518518518 0.08611111111111111 0.0712962962962963
2 0.375 0.6694444444444444 0.10092592592592593 0.06666666666666667
2 0.5361111111111111 0.5657407407407408 0.09074074074074075 0.06666666666666667
2 0.6777777777777778 0.5638888888888889 0.09537037037037037 0.0712962962962963
0 0.8481481481481481 0.5509259259259259 0.09074074074074075 0.0712962962962963
2 0.3675925925925926 0.5509259259259259 0.11018518518518519 0.07685185185185185
2 0.1527777777777778 0.5509259259259259 0.10555555555555556 0.0712962962962963
2 0.6787037037037037 0.42592592592592593 0.09537037037037037 0.07685185185185185
2 0.49074074074074076 0.41203703703703703 0.09537037037037037 0.07685185185185185
0 0.862037037037037 0.4101851851851852 0.08611111111111111 0.06666666666666667
2 0.34629629629629627 0.40370370370370373 0.10555555555555556 0.08148148148148149
2 0.1962962962962963 0.4027777777777778 0.10092592592592593 0.07685185185185185
2 0.6925925925925925 0.2861111111111111 0.09074074074074075 0.08148148148148149
2 0.3638888888888889 0.27870370370370373 0.10092592592592593 0.07685185185185185
2 0.18981481481481483 0.27314814814814814 0.11018518518518519 0.08611111111111111
2 0.49907407407407406 0.2712962962962963 0.10092592592592593 0.07685185185185185
0 0.8537037037037037 0.25462962962962965 0.09074074074074075 0.08148148148148149
2 0.20555555555555555 0.17407407407407408 0.11018518518518519 0.08888888888888889