2 0.6564814814814814 0.12222222222222222 0.10555555555555556 0.08148148148148149
2 0.12962962962962962 0.1527777777777778 0.11018518518518519 0.07685185185185185
2 0.33796296296296297 0.14907407407407408 0.10555555555555556 0.07685185185185185
0 0.8314814814814815 0.12407407407407407 0.08611111111111111 0.0712962962962963
2 0.48703703703703705 0.15185185185185185 0.11481481481481481 0.08148148148148149
2 0.6527777777777778 0.24074074074074073 0.10740740740740741 0.08148148148148149
2 0.5 0.25833333333333336 0.11481481481481481 0.08611111111111111
2 0.14907407407407408 0.2796296296296296 0.11018518518518519 0.07685185185185185
0 0.8305555555555556 0.25092592592592594 0.09814814814814815 0.08148148148148149
2 0.3212962962962963 0.28703703703703703 0.11018518518518519 0.07685185185185185
2 0.5027777777777778 0.3907407407407407 0.10555555555555556 0.07685185185185185
2 0.6527777777777778 0.38425925925925924 0.10555555555555556 0.08148148148148149
0 0.8388888888888889 0.38796296296296295 0.10092592592592593 0.08148148148148149
2 0.3212962962962963 0.41574074074074074 0.12222222222222222 0.09074074074074075
2 0.08611111111111111 0.42777777777777776 0.11944444444444445 0.08148148148148149
2 0.6620370370370371 0.5324074074074074 0.11018518518518519 0.08611111111111111
2 0.4601851851851852 0.5574074074074075 0.11018518518518519 0.08888888888888889
0 0.8601851851851852 0.5388888888888889 0.09814814814814815 0.07685185185185185
2 0.30648148148148147 0.5740740740740741 0.1175925925925926 0.09074074074074075
2 0.14444444444444443 0.5842592592592593 0.11018518518518519 0.08888888888888889
2 0.6851851851851852 0.6814814814814815 0.10555555555555556 0.09351851851851851
2 0.33055555555555555 0.7092592592592593 0.11481481481481481 0.08888888888888889
2 0.14444444444444443 0.725 0.125 0.09814814814814815
2 0.4759259259259259 0.7083333333333334 0.11018518518518519 0.08888888888888889
0 0.8592592592592593 0.7064814814814815 0.09814814814814815 0.09351851851851851
2 0.1648148148148148 0.8296296296296296 0.12222222222222222 0.10092592592592593