2 0.8388888888888889 0.7935185185185185 0.06944444444444445 0.10092592592592593
1 0.8425925925925926 0.9481481481481482 0.06481481481481481 0.09074074074074075
2 0.8157407407407408 0.47314814814814815 0.07407407407407407 0.11944444444444445
2 0.8101851851851852 0.26666666666666666 0.07407407407407407 0.11296296296296296
2 0.812962962962963 0.6305555555555555 0.06944444444444445 0.11481481481481481
2 0.7407407407407407 0.8148148148148148 0.06944444444444445 0.09537037037037037
1 0.7305555555555555 0.9712962962962963 0.0712962962962963 0.05277777777777778
2 0.7222222222222222 0.6611111111111111 0.06944444444444445 0.09537037037037037
2 0.6962962962962963 0.29074074074074074 0.0787037037037037 0.13148148148148148
2 0.6935185185185185 0.4787037037037037 0.0787037037037037 0.11944444444444445
2 0.6074074074074074 0.8537037037037037 0.07685185185185185 0.11296296296296296
2 0.5953703703703703 0.6925925925925925 0.0787037037037037 0.11296296296296296
2 0.5638888888888889 0.5083333333333333 0.08888888888888889 0.125
2 0.5453703703703704 0.24444444444444444 0.08888888888888889 0.13425925925925927
2 0.4546296296296296 0.9037037037037037 0.08611111111111111 0.125
2 0.42407407407407405 0.687037037037037 0.08888888888888889 0.125
2 0.3990740740740741 0.5055555555555555 0.10277777777777777 0.12962962962962962
2 0.37407407407407406 0.32222222222222224 0.09814814814814815 0.1361111111111111
2 0.28703703703703703 0.9583333333333334 0.09814814814814815 0.08333333333333333
2 0.24166666666666667 0.75 0.10277777777777777 0.12962962962962962
2 0.2324074074074074 0.5740740740740741 0.10740740740740741 0.13148148148148148
2 0.19907407407407407 0.3416666666666667 0.10740740740740741 0.14629629629629629
2 0.05925925925925926 0.38333333333333336 0.1175925925925926 0.15092592592592594