2 0.16111111111111112 0.2064814814814815 0.06944444444444445 0.10092592592592593
1 0.1574074074074074 0.05185185185185185 0.06481481481481481 0.09074074074074075
2 0.18425925925925926 0.5268518518518519 0.07407407407407407 0.11944444444444445
2 0.18981481481481483 0.7333333333333333 0.07407407407407407 0.11296296296296296
2 0.18703703703703703 0.36944444444444446 0.06944444444444445 0.11481481481481481
2 0.25925925925925924 0.18518518518518517 0.06944444444444445 0.09537037037037037
1 0.26944444444444443 0.028703703703703703 0.0712962962962963 0.05277777777777778
2 0.2777777777777778 0.3388888888888889 0.06944444444444445 0.09537037037037037
2 0.3037037037037037 0.7092592592592593 0.0787037037037037 0.13148148148148148
2 0.30648148148148147 0.5212962962962963 0.0787037037037037 0.11944444444444445
2 0.3925925925925926 0.14629629629629629 0.07685185185185185 0.11296296296296296
2 0.4046296296296296 0.3074074074074074 0.0787037037037037 0.11296296296296296
2 0.4361111111111111 0.49166666666666664 0.08888888888888889 0.125
2 0.4546296296296296 0.7555555555555555 0.08888888888888889 0.13425925925925927
2 0.5453703703703704 0.0962962962962963 0.08611111111111111 0.125
2 0.575925925925926 0.31296296296296294 0.08888888888888889 0.125
2 0.600925925925926 0.49444444444444446 0.10277777777777777 0.12962962962962962
2 0.6259259259259259 0.6777777777777778 0.09814814814814815 0.1361111111111111
2 0.7129629629629629 0.041666666666666664 0.09814814814814815 0.08333333333333333
2 0.7583333333333333 0.25 0.10277777777777777 0.12962962962962962
2 0.7675925925925926 0.42592592592592593 0.10740740740740741 0.13148148148148148
2 0.8009259259259259 0.6583333333333333 0.10740740740740741 0.14629629629629629
2 0.9407407407407408 0.6166666666666667 0.1175925925925926 0.15092592592592594