2 0.2064814814814815 0.8388888888888889 0.10092592592592593 0.06944444444444445
1 0.05185185185185185 0.8425925925925926 0.09074074074074075 0.06481481481481481
2 0.5268518518518519 0.8157407407407408 0.11944444444444445 0.07407407407407407
2 0.7333333333333333 0.8101851851851852 0.11296296296296296 0.07407407407407407
2 0.36944444444444446 0.812962962962963 0.11481481481481481 0.06944444444444445
2 0.18518518518518517 0.7407407407407407 0.09537037037037037 0.06944444444444445
1 0.028703703703703703 0.7305555555555555 0.05277777777777778 0.0712962962962963
2 0.3388888888888889 0.7222222222222222 0.09537037037037037 0.06944444444444445
2 0.7092592592592593 0.6962962962962963 0.13148148148148148 0.0787037037037037
2 0.5212962962962963 0.6935185185185185 0.11944444444444445 0.0787037037037037
2 0.14629629629629629 0.6074074074074074 0.11296296296296296 0.07685185185185185
2 0.3074074074074074 0.5953703703703703 0.11296296296296296 0.0787037037037037
2 0.49166666666666664 0.5638888888888889 0.125 0.08888888888888889
2 0.7555555555555555 0.5453703703703704 0.13425925925925927 0.08888888888888889
2 0.0962962962962963 0.4546296296296296 0.125 0.08611111111111111
2 0.31296296296296294 0.42407407407407405 0.125 0.08888888888888889
2 0.49444444444444446 0.3990740740740741 0.12962962962962962 0.10277777777777777
2 0.6777777777777778 0.37407407407407406 0.1361111111111111 0.09814814814814815
2 0.041666666666666664 0.28703703703703703 0.08333333333333333 0.09814814814814815
2 0.25 0.24166666666666667 0.12962962962962962 0.10277777777777777
2 0.42592592592592593 0.2324074074074074 0.13148148148148148 0.10740740740740741
2 0.6583333333333333 0.19907407407407407 0.14629629629629629 0.10740740740740741
2 0.6166666666666667 0.05925925925925926 0.15092592592592594 0.1175925925925926