2 0.09814814814814815 0.7083333333333334 0.08148148148148149 0.10555555555555556
1 0.07222222222222222 0.8601851851851852 0.07407407407407407 0.11018518518518519
2 0.17037037037037037 0.40185185185185185 0.08888888888888889 0.125
2 0.20833333333333334 0.20555555555555555 0.08611111111111111 0.11481481481481481
2 0.15 0.5555555555555556 0.08611111111111111 0.11944444444444445
2 0.19074074074074074 0.7416666666666667 0.0787037037037037 0.10277777777777777
1 0.17407407407407408 0.9083333333333333 0.08148148148148149 0.09351851851851851
2 0.2324074074074074 0.5935185185185186 0.0787037037037037 0.10092592592592593
2 0.3138888888888889 0.24537037037037038 0.09537037037037037 0.1361111111111111
2 0.28703703703703703 0.42685185185185187 0.09351851851851851 0.12685185185185185
1 0.2824074074074074 0.950925925925926 0.06944444444444445 0.04537037037037037
2 0.31296296296296294 0.8009259259259259 0.08888888888888889 0.1175925925925926
2 0.34814814814814815 0.6462962962962963 0.09351851851851851 0.12222222222222222
2 0.4064814814814815 0.4759259259259259 0.10277777777777777 0.13148148148148148
2 0.46296296296296297 0.225 0.10555555555555556 0.14166666666666666
2 0.45092592592592595 0.8694444444444445 0.10092592592592593 0.13148148148148148
2 0.512962962962963 0.6685185185185185 0.10277777777777777 0.13148148148148148
2 0.5648148148148148 0.4962962962962963 0.11481481481481481 0.1388888888888889
2 0.6166666666666667 0.32314814814814813 0.11481481481481481 0.14351851851851852
2 0.5981481481481481 0.9481481481481482 0.11018518518518519 0.10277777777777777
2 0.6787037037037037 0.7527777777777778 0.1175925925925926 0.1388888888888889
2 0.7138888888888889 0.5861111111111111 0.11944444444444445 0.14166666666666666
2 0.7814814814814814 0.37037037037037035 0.125 0.15555555555555556
2 0.9111111111111111 0.43148148148148147 0.14351851851851852 0.16574074074074074