2 0.7083333333333334 0.9018518518518519 0.10555555555555556 0.08148148148148149
1 0.8601851851851852 0.9277777777777778 0.11018518518518519 0.07407407407407407
2 0.40185185185185185 0.8296296296296296 0.125 0.08888888888888889
2 0.20555555555555555 0.7916666666666666 0.11481481481481481 0.08611111111111111
2 0.5555555555555556 0.85 0.11944444444444445 0.08611111111111111
2 0.7416666666666667 0.8092592592592592 0.10277777777777777 0.0787037037037037
1 0.9083333333333333 0.825925925925926 0.09351851851851851 0.08148148148148149
2 0.5935185185185186 0.7675925925925926 0.10092592592592593 0.0787037037037037
2 0.24537037037037038 0.6861111111111111 0.1361111111111111 0.09537037037037037
2 0.42685185185185187 0.7129629629629629 0.12685185185185185 0.09351851851851851
1 0.950925925925926 0.7175925925925926 0.04537037037037037 0.06944444444444445
2 0.8009259259259259 0.687037037037037 0.1175925925925926 0.08888888888888889
2 0.6462962962962963 0.6518518518518519 0.12222222222222222 0.09351851851851851
2 0.4759259259259259 0.5935185185185186 0.13148148148148148 0.10277777777777777
2 0.225 0.5370370370370371 0.14166666666666666 0.10555555555555556
2 0.8694444444444445 0.549074074074074 0.13148148148148148 0.10092592592592593
2 0.6685185185185185 0.48703703703703705 0.13148148148148148 0.10277777777777777
2 0.4962962962962963 0.4351851851851852 0.1388888888888889 0.11481481481481481
2 0.32314814814814813 0.38333333333333336 0.14351851851851852 0.11481481481481481
2 0.9481481481481482 0.40185185185185185 0.10277777777777777 0.11018518518518519
2 0.7527777777777778 0.3212962962962963 0.1388888888888889 0.1175925925925926
2 0.5861111111111111 0.2861111111111111 0.14166666666666666 0.11944444444444445
2 0.37037037037037035 0.21851851851851853 0.15555555555555556 0.125
2 0.43148148148148147 0.08888888888888889 0.16574074074074074 0.14351851851851852