2 0.8472222222222222 0.6907407407407408 0.08888888888888889 0.09537037037037037
2 0.8277777777777777 0.5407407407407407 0.07407407407407407 0.06666666666666667
2 0.8296296296296296 0.44814814814814813 0.07407407407407407 0.062037037037037036
2 0.8296296296296296 0.36666666666666664 0.06944444444444445 0.05740740740740741
2 0.7287037037037037 0.8064814814814815 0.08333333333333333 0.10092592592592593
2 0.7425925925925926 0.6731481481481482 0.08333333333333333 0.09351851851851851
2 0.7305555555555555 0.5370370370370371 0.06944444444444445 0.06481481481481481
2 0.7333333333333333 0.45185185185185184 0.05925925925925926 0.05462962962962963
2 0.7268518518518519 0.3592592592592593 0.05740740740740741 0.05740740740740741
2 0.6333333333333333 0.799074074074074 0.08333333333333333 0.10092592592592593
2 0.6527777777777778 0.6518518518518519 0.07685185185185185 0.08611111111111111
2 0.6333333333333333 0.5212962962962963 0.062037037037037036 0.06481481481481481
2 0.6407407407407407 0.42685185185185187 0.05925925925925926 0.05925925925925926
2 0.649074074074074 0.3638888888888889 0.05925925925925926 0.05462962962962963
2 0.524074074074074 0.7546296296296297 0.07685185185185185 0.08796296296296297
2 0.5638888888888889 0.41574074074074074 0.062037037037037036 0.05925925925925926
2 0.5537037037037037 0.5101851851851852 0.06018518518518518 0.05555555555555555
2 0.5712962962962963 0.3435185185185185 0.05925925925925926 0.05925925925925926
2 0.5305555555555556 0.6185185185185185 0.06296296296296296 0.06666666666666667
1 0.48333333333333334 0.32685185185185184 0.05925925925925926 0.05925925925925926
1 0.4648148148148148 0.3990740740740741 0.05925925925925926 0.05925925925925926
1 0.4361111111111111 0.6083333333333333 0.06666666666666667 0.07314814814814814
1 0.4398148148148148 0.49907407407407406 0.0712962962962963 0.07407407407407407
1 0.39351851851851855 0.7787037037037037 0.07685185185185185 0.09259259259259259
1 0.39814814814814814 0.3194444444444444 0.05925925925925926 0.05925925925925926
1 0.3861111111111111 0.38425925925925924 0.05925925925925926 0.05740740740740741
1 0.3685185185185185 0.4759259259259259 0.06111111111111111 0.06018518518518518
1 0.325 0.6064814814814815 0.06666666666666667 0.06944444444444445
1 0.287962962962963 0.7574074074074074 0.0787037037037037 0.08703703703703704
1 0.32222222222222224 0.3787037037037037 0.05925925925925926 0.06481481481481481
1 0.27870370370370373 0.487962962962963 0.06944444444444445 0.06944444444444445
1 0.22962962962962963 0.5953703703703703 0.06944444444444445 0.08148148148148149
1 0.18981481481481483 0.7277777777777777 0.08055555555555556 0.08425925925925926
1 0.08981481481481482 0.7111111111111111 0.07592592592592592 0.08425925925925926
2 0.850925925925926 0.8305555555555556 0.08888888888888889 0.10277777777777777
1 0.1361111111111111 0.5972222222222222 0.06759259259259259 0.075
1 0.19907407407407407 0.47685185185185186 0.06296296296296296 0.058333333333333334
1 0.24074074074074073 0.387037037037037 0.05555555555555555 0.04814814814814815
1 0.2759259259259259 0.3074074074074074 0.05925925925925926 0.049074074074074076
1 0.3398148148148148 0.30925925925925923 0.05092592592592592 0.04351851851851852