2 0.1527777777777778 0.30925925925925923 0.08888888888888889 0.09537037037037037
2 0.17222222222222222 0.45925925925925926 0.07407407407407407 0.06666666666666667
2 0.17037037037037037 0.5518518518518518 0.07407407407407407 0.062037037037037036
2 0.17037037037037037 0.6333333333333333 0.06944444444444445 0.05740740740740741
2 0.2712962962962963 0.1935185185185185 0.08333333333333333 0.10092592592592593
2 0.2574074074074074 0.32685185185185184 0.08333333333333333 0.09351851851851851
2 0.26944444444444443 0.46296296296296297 0.06944444444444445 0.06481481481481481
2 0.26666666666666666 0.5481481481481482 0.05925925925925926 0.05462962962962963
2 0.27314814814814814 0.6407407407407407 0.05740740740740741 0.05740740740740741
2 0.36666666666666664 0.20092592592592592 0.08333333333333333 0.10092592592592593
2 0.3472222222222222 0.34814814814814815 0.07685185185185185 0.08611111111111111
2 0.36666666666666664 0.4787037037037037 0.062037037037037036 0.06481481481481481
2 0.3592592592592593 0.5731481481481482 0.05925925925925926 0.05925925925925926
2 0.3509259259259259 0.6361111111111111 0.05925925925925926 0.05462962962962963
2 0.4759259259259259 0.24537037037037038 0.07685185185185185 0.08796296296296297
2 0.4361111111111111 0.5842592592592593 0.062037037037037036 0.05925925925925926
2 0.4462962962962963 0.4898148148148148 0.06018518518518518 0.05555555555555555
2 0.4287037037037037 0.6564814814814814 0.05925925925925926 0.05925925925925926
2 0.46944444444444444 0.3814814814814815 0.06296296296296296 0.06666666666666667
1 0.5166666666666667 0.6731481481481482 0.05925925925925926 0.05925925925925926
1 0.5351851851851852 0.600925925925926 0.05925925925925926 0.05925925925925926
1 0.5638888888888889 0.39166666666666666 0.06666666666666667 0.07314814814814814
1 0.5601851851851852 0.5009259259259259 0.0712962962962963 0.07407407407407407
1 0.6064814814814815 0.2212962962962963 0.07685185185185185 0.09259259259259259
1 0.6018518518518519 0.6805555555555556 0.05925925925925926 0.05925925925925926
1 0.6138888888888889 0.6157407407407407 0.05925925925925926 0.05740740740740741
1 0.6314814814814815 0.524074074074074 0.06111111111111111 0.06018518518518518
1 0.675 0.39351851851851855 0.06666666666666667 0.06944444444444445
1 0.712037037037037 0.24259259259259258 0.0787037037037037 0.08703703703703704
1 0.6777777777777778 0.6212962962962963 0.05925925925925926 0.06481481481481481
1 0.7212962962962963 0.5120370370370371 0.06944444444444445 0.06944444444444445
1 0.7703703703703704 0.4046296296296296 0.06944444444444445 0.08148148148148149
1 0.8101851851851852 0.2722222222222222 0.08055555555555556 0.08425925925925926
1 0.9101851851851852 0.28888888888888886 0.07592592592592592 0.08425925925925926
2 0.14907407407407408 0.16944444444444445 0.08888888888888889 0.10277777777777777
1 0.8638888888888889 0.4027777777777778 0.06759259259259259 0.075
1 0.8009259259259259 0.5231481481481481 0.06296296296296296 0.058333333333333334
1 0.7592592592592593 0.6129629629629629 0.05555555555555555 0.04814814814814815
1 0.7240740740740741 0.6925925925925925 0.05925925925925926 0.049074074074074076
1 0.6601851851851852 0.6907407407407408 0.05092592592592592 0.04351851851851852