1 0.7972222222222223 0.5277777777777778 0.10092592592592593 0.1388888888888889
2 0.7935185185185185 0.049074074074074076 0.09166666666666666 0.09814814814814815
1 0.7953703703703704 0.3212962962962963 0.10555555555555556 0.14351851851851852
1 0.7796296296296297 0.7027777777777777 0.10277777777777777 0.1388888888888889
1 0.7407407407407407 0.8962962962962963 0.10555555555555556 0.13425925925925927
1 0.6203703703703703 0.4962962962962963 0.1 0.13518518518518519
2 0.612037037037037 0.03888888888888889 0.10555555555555556 0.07685185185185185
1 0.6074074074074074 0.29259259259259257 0.1 0.13796296296296295
1 0.5833333333333334 0.7055555555555556 0.10740740740740741 0.1388888888888889
1 0.5722222222222222 0.899074074074074 0.10092592592592593 0.1388888888888889
1 0.9435185185185185 0.3333333333333333 0.10092592592592593 0.14351851851851852
2 0.43425925925925923 0.032407407407407406 0.10555555555555556 0.06481481481481481
1 0.42314814814814816 0.2222222222222222 0.11018518518518519 0.14629629629629629
1 0.3962962962962963 0.49074074074074076 0.11296296296296296 0.13796296296296295
1 0.39444444444444443 0.7129629629629629 0.11296296296296296 0.1388888888888889
1 0.3712962962962963 0.9203703703703704 0.11481481481481481 0.14166666666666666
2 0.9305555555555556 0.07592592592592592 0.09351851851851851 0.12962962962962962
1 0.19907407407407407 0.6888888888888889 0.12222222222222222 0.14629629629629629
1 0.19814814814814816 0.9185185185185185 0.11944444444444445 0.1388888888888889
1 0.17685185185185184 0.44907407407407407 0.12037037037037036 0.15
1 0.9166666666666666 0.5555555555555556 0.09351851851851851 0.13425925925925927
1 0.16574074074074074 0.19814814814814816 0.12685185185185185 0.16296296296296298
1 0.9157407407407407 0.7212962962962963 0.09537037037037037 0.13425925925925927
1 0.8981481481481481 0.8925925925925926 0.10555555555555556 0.13148148148148148