1 0.5675925925925925 0.1648148148148148 0.1675925925925926 0.13148148148148148
2 0.07592592592592592 0.1037037037037037 0.06944444444444445 0.11296296296296296
1 0.3388888888888889 0.1361111111111111 0.17222222222222222 0.1361111111111111
1 0.7620370370370371 0.20555555555555555 0.1675925925925926 0.13425925925925927
1 0.9435185185185185 0.2740740740740741 0.11296296296296296 0.13425925925925927
1 0.5046296296296297 0.3574074074074074 0.1824074074074074 0.14351851851851852
2 0.03148148148148148 0.30648148148148147 0.03518518518518519 0.11944444444444445
1 0.2851851851851852 0.3388888888888889 0.16574074074074074 0.12314814814814815
1 0.7388888888888889 0.42314814814814816 0.15648148148148147 0.12962962962962962
1 0.9324074074074075 0.46111111111111114 0.13425925925925927 0.12962962962962962
1 0.36666666666666664 0.020370370370370372 0.16574074074074074 0.040740740740740744
1 0.17962962962962964 0.5398148148148149 0.17037037037037037 0.12777777777777777
1 0.4685185185185185 0.5981481481481481 0.1638888888888889 0.1259259259259259
1 0.7222222222222222 0.6351851851851852 0.1638888888888889 0.13055555555555556
1 0.924074074074074 0.687037037037037 0.12685185185185185 0.14166666666666666
2 0.10555555555555556 0.008333333333333333 0.10092592592592593 0.016666666666666666
1 0.6657407407407407 0.8453703703703703 0.16203703703703703 0.13796296296296295
1 0.899074074074074 0.8796296296296297 0.12962962962962962 0.14629629629629629
1 0.39814814814814814 0.8425925925925926 0.17777777777777778 0.14537037037037037
1 0.612037037037037 0.04722222222222222 0.15555555555555556 0.09074074074074075
1 0.12129629629629629 0.8175925925925925 0.1814814814814815 0.14722222222222223
1 0.7944444444444444 0.0712962962962963 0.15555555555555556 0.09351851851851851
1 0.9527777777777777 0.10925925925925926 0.09351851851851851 0.12222222222222222