1 0.8351851851851851 0.5675925925925925 0.13148148148148148 0.1675925925925926
2 0.8962962962962963 0.07592592592592592 0.11296296296296296 0.06944444444444445
1 0.8638888888888889 0.3388888888888889 0.1361111111111111 0.17222222222222222
1 0.7944444444444444 0.7620370370370371 0.13425925925925927 0.1675925925925926
1 0.725925925925926 0.9435185185185185 0.13425925925925927 0.11296296296296296
1 0.6425925925925926 0.5046296296296297 0.14351851851851852 0.1824074074074074
2 0.6935185185185185 0.03148148148148148 0.11944444444444445 0.03518518518518519
1 0.6611111111111111 0.2851851851851852 0.12314814814814815 0.16574074074074074
1 0.5768518518518518 0.7388888888888889 0.12962962962962962 0.15648148148148147
1 0.5388888888888889 0.9324074074074075 0.12962962962962962 0.13425925925925927
1 0.9796296296296296 0.36666666666666664 0.040740740740740744 0.16574074074074074
1 0.4601851851851852 0.17962962962962964 0.12777777777777777 0.17037037037037037
1 0.40185185185185185 0.4685185185185185 0.1259259259259259 0.1638888888888889
1 0.3648148148148148 0.7222222222222222 0.13055555555555556 0.1638888888888889
1 0.31296296296296294 0.924074074074074 0.14166666666666666 0.12685185185185185
2 0.9916666666666667 0.10555555555555556 0.016666666666666666 0.10092592592592593
1 0.15462962962962962 0.6657407407407407 0.13796296296296295 0.16203703703703703
1 0.12037037037037036 0.899074074074074 0.14629629629629629 0.12962962962962962
1 0.1574074074074074 0.39814814814814814 0.14537037037037037 0.17777777777777778
1 0.9527777777777777 0.612037037037037 0.09074074074074075 0.15555555555555556
1 0.1824074074074074 0.12129629629629629 0.14722222222222223 0.1814814814814815
1 0.9287037037037037 0.7944444444444444 0.09351851851851851 0.15555555555555556
1 0.8907407407407407 0.9527777777777777 0.12222222222222222 0.09351851851851851