1 0.4324074074074074 0.8351851851851851 0.1675925925925926 0.13148148148148148
2 0.924074074074074 0.8962962962962963 0.06944444444444445 0.11296296296296296
1 0.6611111111111111 0.8638888888888889 0.17222222222222222 0.1361111111111111
1 0.23796296296296296 0.7944444444444444 0.1675925925925926 0.13425925925925927
1 0.05648148148148148 0.725925925925926 0.11296296296296296 0.13425925925925927
1 0.49537037037037035 0.6425925925925926 0.1824074074074074 0.14351851851851852
2 0.9685185185185186 0.6935185185185185 0.03518518518518519 0.11944444444444445
1 0.7148148148148148 0.6611111111111111 0.16574074074074074 0.12314814814814815
1 0.2611111111111111 0.5768518518518518 0.15648148148148147 0.12962962962962962
1 0.06759259259259259 0.5388888888888889 0.13425925925925927 0.12962962962962962
1 0.6333333333333333 0.9796296296296296 0.16574074074074074 0.040740740740740744
1 0.8203703703703704 0.4601851851851852 0.17037037037037037 0.12777777777777777
1 0.5314814814814814 0.40185185185185185 0.1638888888888889 0.1259259259259259
1 0.2777777777777778 0.3648148148148148 0.1638888888888889 0.13055555555555556
1 0.07592592592592592 0.31296296296296294 0.12685185185185185 0.14166666666666666
2 0.8944444444444445 0.9916666666666667 0.10092592592592593 0.016666666666666666
1 0.33425925925925926 0.15462962962962962 0.16203703703703703 0.13796296296296295
1 0.10092592592592593 0.12037037037037036 0.12962962962962962 0.14629629629629629
1 0.6018518518518519 0.1574074074074074 0.17777777777777778 0.14537037037037037
1 0.38796296296296295 0.9527777777777777 0.15555555555555556 0.09074074074074075
1 0.8787037037037037 0.1824074074074074 0.1814814814814815 0.14722222222222223
1 0.20555555555555555 0.9287037037037037 0.15555555555555556 0.09351851851851851
1 0.04722222222222222 0.8907407407407407 0.09351851851851851 0.12222222222222222