1 0.5277777777777778 0.20277777777777778 0.1388888888888889 0.10092592592592593
2 0.049074074074074076 0.2064814814814815 0.09814814814814815 0.09166666666666666
1 0.3212962962962963 0.20462962962962963 0.14351851851851852 0.10555555555555556
1 0.7027777777777777 0.22037037037037038 0.1388888888888889 0.10277777777777777
1 0.8962962962962963 0.25925925925925924 0.13425925925925927 0.10555555555555556
1 0.4962962962962963 0.37962962962962965 0.13518518518518519 0.1
2 0.03888888888888889 0.38796296296296295 0.07685185185185185 0.10555555555555556
1 0.29259259259259257 0.3925925925925926 0.13796296296296295 0.1
1 0.7055555555555556 0.4166666666666667 0.1388888888888889 0.10740740740740741
1 0.899074074074074 0.42777777777777776 0.1388888888888889 0.10092592592592593
1 0.3333333333333333 0.05648148148148148 0.14351851851851852 0.10092592592592593
2 0.032407407407407406 0.5657407407407408 0.06481481481481481 0.10555555555555556
1 0.2222222222222222 0.5768518518518518 0.14629629629629629 0.11018518518518519
1 0.49074074074074076 0.6037037037037037 0.13796296296296295 0.11296296296296296
1 0.7129629629629629 0.6055555555555555 0.1388888888888889 0.11296296296296296
1 0.9203703703703704 0.6287037037037037 0.14166666666666666 0.11481481481481481
2 0.07592592592592592 0.06944444444444445 0.12962962962962962 0.09351851851851851
1 0.6888888888888889 0.8009259259259259 0.14629629629629629 0.12222222222222222
1 0.9185185185185185 0.8018518518518518 0.1388888888888889 0.11944444444444445
1 0.44907407407407407 0.8231481481481482 0.15 0.12037037037037036
1 0.5555555555555556 0.08333333333333333 0.13425925925925927 0.09351851851851851
1 0.19814814814814816 0.8342592592592593 0.16296296296296298 0.12685185185185185
1 0.7212962962962963 0.08425925925925926 0.13425925925925927 0.09537037037037037
1 0.8925925925925926 0.10185185185185185 0.13148148148148148 0.10555555555555556