1 0.30277777777777776 0.9185185185185185 0.14537037037037037 0.12222222222222222
1 0.5537037037037037 0.8833333333333333 0.15092592592592594 0.11944444444444445
1 0.8314814814814815 0.6935185185185185 0.15185185185185185 0.12314814814814815
1 0.2638888888888889 0.7620370370370371 0.15 0.11666666666666667
1 0.549074074074074 0.7148148148148148 0.1537037037037037 0.11851851851851852
1 0.7851851851851852 0.5064814814814815 0.14537037037037037 0.11851851851851852
1 0.5083333333333333 0.5305555555555556 0.14166666666666666 0.11203703703703703
1 0.2564814814814815 0.5638888888888889 0.14722222222222223 0.12129629629629629
1 0.7620370370370371 0.29814814814814816 0.1398148148148148 0.12037037037037036
1 0.5166666666666667 0.33055555555555555 0.1398148148148148 0.11666666666666667
1 0.24166666666666667 0.3731481481481482 0.1425925925925926 0.11666666666666667
1 0.7351851851851852 0.07592592592592592 0.14074074074074075 0.11388888888888889
1 0.4685185185185185 0.10833333333333334 0.1398148148148148 0.11851851851851852
1 0.21851851851851853 0.13333333333333333 0.13796296296296295 0.10462962962962963
1 0.8740740740740741 0.8416666666666667 0.15185185185185185 0.1259259259259259