1 0.2833333333333333 0.9194444444444444 0.19166666666666668 0.16018518518518518
1 0.5731481481481482 0.8907407407407407 0.20185185185185187 0.16296296296296298
1 0.9 0.687037037037037 0.18425925925925926 0.1537037037037037
1 0.2490740740740741 0.7416666666666667 0.1824074074074074 0.14814814814814814
1 0.5768518518518518 0.7018518518518518 0.175 0.14814814814814814
1 0.8574074074074074 0.47962962962962963 0.1962962962962963 0.15555555555555556
1 0.5453703703703704 0.4842592592592593 0.19907407407407407 0.15092592592592594
1 0.24444444444444444 0.5157407407407407 0.18981481481481483 0.1537037037037037
1 0.8361111111111111 0.23425925925925925 0.175 0.14166666666666666
1 0.5555555555555556 0.262037037037037 0.17037037037037037 0.14814814814814814
1 0.2388888888888889 0.2935185185185185 0.1824074074074074 0.1537037037037037
1 0.8148148148148148 0.025 0.1824074074074074 0.05
1 0.5055555555555555 0.03981481481481482 0.16574074074074074 0.0787037037037037
1 0.22592592592592592 0.06111111111111111 0.175 0.08333333333333333
1 0.9268518518518518 0.8583333333333333 0.14629629629629629 0.1537037037037037