1 0.24537037037037038 0.1175925925925926 0.14444444444444443 0.11481481481481481
1 0.49444444444444446 0.12129629629629629 0.14074074074074075 0.11388888888888889
1 0.8 0.27037037037037037 0.14444444444444443 0.11203703703703703
1 0.22592592592592592 0.27870370370370373 0.14814814814814814 0.11481481481481481
1 0.5148148148148148 0.2833333333333333 0.14351851851851852 0.11481481481481481
1 0.7777777777777778 0.4583333333333333 0.14814814814814814 0.10648148148148148
1 0.5009259259259259 0.4787037037037037 0.13240740740740742 0.11481481481481481
1 0.24814814814814815 0.4777777777777778 0.14351851851851852 0.11574074074074074
1 0.7833333333333333 0.6685185185185185 0.14351851851851852 0.10462962962962963
1 0.5361111111111111 0.6685185185185185 0.1388888888888889 0.11481481481481481
1 0.2601851851851852 0.6712962962962963 0.14166666666666666 0.1037037037037037
1 0.7888888888888889 0.8953703703703704 0.1388888888888889 0.10462962962962963
1 0.5148148148148148 0.899074074074074 0.1388888888888889 0.10092592592592593
1 0.26851851851851855 0.9092592592592592 0.1388888888888889 0.09907407407407408
1 0.8194444444444444 0.11574074074074074 0.1425925925925926 0.11388888888888889