1 0.11574074074074074 0.7583333333333333 0.12962962962962962 0.15555555555555556
1 0.11666666666666667 0.5046296296296297 0.12685185185185185 0.16296296296296298
1 0.26481481481481484 0.20185185185185187 0.11944444444444445 0.14814814814814814
1 0.27685185185185185 0.774074074074074 0.11481481481481481 0.14814814814814814
1 0.2833333333333333 0.48333333333333334 0.11481481481481481 0.14351851851851852
1 0.45185185185185184 0.21851851851851853 0.11944444444444445 0.15833333333333333
1 0.47314814814814815 0.4925925925925926 0.11481481481481481 0.16296296296296298
1 0.47314814814814815 0.7546296296296297 0.11944444444444445 0.1537037037037037
1 0.6657407407407407 0.21666666666666667 0.11018518518518519 0.14351851851851852
1 0.6657407407407407 0.46111111111111114 0.11481481481481481 0.1388888888888889
1 0.6703703703703704 0.7388888888888889 0.11944444444444445 0.14629629629629629
1 0.8916666666666667 0.2111111111111111 0.11481481481481481 0.1537037037037037
1 0.8944444444444445 0.48333333333333334 0.11018518518518519 0.1388888888888889
1 0.9018518518518519 0.7296296296296296 0.11481481481481481 0.14629629629629629
1 0.11018518518518519 0.17777777777777778 0.11944444444444445 0.14814814814814814