1 0.08796296296296297 0.2064814814814815 0.13333333333333333 0.16944444444444445
1 0.10925925925925926 0.49166666666666664 0.13796296296296295 0.16944444444444445
1 0.30092592592592593 0.8240740740740741 0.13055555555555556 0.17037037037037037
1 0.26944444444444443 0.17685185185185184 0.13425925925925927 0.17314814814814813
1 0.29814814814814816 0.5 0.13240740740740742 0.1685185185185185
1 0.5185185185185185 0.7861111111111111 0.13518518518518519 0.16944444444444445
1 0.5111111111111111 0.4703703703703704 0.12777777777777777 0.16574074074074074
1 0.49444444444444446 0.1824074074074074 0.13055555555555556 0.1685185185185185
1 0.7564814814814815 0.7787037037037037 0.12129629629629629 0.1638888888888889
1 0.7388888888888889 0.49722222222222223 0.13240740740740742 0.16111111111111112
1 0.712037037037037 0.1814814814814815 0.1259259259259259 0.16203703703703703
1 0.9740740740740741 0.7648148148148148 0.05092592592592592 0.17777777777777778
1 0.9685185185185186 0.4564814814814815 0.06296296296296296 0.16296296296296298
1 0.9537037037037037 0.17314814814814813 0.06018518518518518 0.16574074074074074
1 0.12962962962962962 0.8611111111111112 0.13333333333333333 0.17314814814814813