1 0.7583333333333333 0.8842592592592593 0.15555555555555556 0.12962962962962962
1 0.5046296296296297 0.8833333333333333 0.16296296296296298 0.12685185185185185
1 0.20185185185185187 0.7351851851851852 0.14814814814814814 0.11944444444444445
1 0.774074074074074 0.7231481481481481 0.14814814814814814 0.11481481481481481
1 0.48333333333333334 0.7166666666666667 0.14351851851851852 0.11481481481481481
1 0.21851851851851853 0.5481481481481482 0.15833333333333333 0.11944444444444445
1 0.4925925925925926 0.5268518518518519 0.16296296296296298 0.11481481481481481
1 0.7546296296296297 0.5268518518518519 0.1537037037037037 0.11944444444444445
1 0.21666666666666667 0.33425925925925926 0.14351851851851852 0.11018518518518519
1 0.46111111111111114 0.33425925925925926 0.1388888888888889 0.11481481481481481
1 0.7388888888888889 0.3296296296296296 0.14629629629629629 0.11944444444444445
1 0.2111111111111111 0.10833333333333334 0.1537037037037037 0.11481481481481481
1 0.48333333333333334 0.10555555555555556 0.1388888888888889 0.11018518518518519
1 0.7296296296296296 0.09814814814814815 0.14629629629629629 0.11481481481481481
1 0.17777777777777778 0.8898148148148148 0.14814814814814814 0.11944444444444445