1 0.7111111111111111 0.07592592592592592 0.16666666666666666 0.13333333333333333
1 0.4351851851851852 0.10092592592592593 0.1712962962962963 0.1398148148148148
1 0.11296296296296296 0.2962962962962963 0.1685185185185185 0.13703703703703704
1 0.7472222222222222 0.25092592592592594 0.17222222222222222 0.14166666666666666
1 0.42777777777777776 0.28888888888888886 0.1675925925925926 0.14166666666666666
1 0.15462962962962962 0.5055555555555555 0.1648148148148148 0.13333333333333333
1 0.46111111111111114 0.49537037037037035 0.1648148148148148 0.12777777777777777
1 0.7416666666666667 0.47129629629629627 0.1638888888888889 0.1287037037037037
1 0.17037037037037037 0.7342592592592593 0.1675925925925926 0.1361111111111111
1 0.44074074074074077 0.7101851851851851 0.16296296296296298 0.1388888888888889
1 0.7462962962962963 0.687962962962963 0.1638888888888889 0.12129629629629629
1 0.18888888888888888 0.9564814814814815 0.17962962962962964 0.08611111111111111
1 0.487962962962963 0.9472222222222222 0.16296296296296298 0.10555555555555556
1 0.7583333333333333 0.9305555555555556 0.17037037037037037 0.11296296296296296
1 0.08148148148148149 0.12777777777777777 0.16296296296296298 0.14814814814814814