1 0.924074074074074 0.7111111111111111 0.13333333333333333 0.16666666666666666
1 0.899074074074074 0.4351851851851852 0.1398148148148148 0.1712962962962963
1 0.7037037037037037 0.11296296296296296 0.13703703703703704 0.1685185185185185
1 0.7490740740740741 0.7472222222222222 0.14166666666666666 0.17222222222222222
1 0.7111111111111111 0.42777777777777776 0.14166666666666666 0.1675925925925926
1 0.49444444444444446 0.15462962962962962 0.13333333333333333 0.1648148148148148
1 0.5046296296296297 0.46111111111111114 0.12777777777777777 0.1648148148148148
1 0.5287037037037037 0.7416666666666667 0.1287037037037037 0.1638888888888889
1 0.2657407407407407 0.17037037037037037 0.1361111111111111 0.1675925925925926
1 0.2898148148148148 0.44074074074074077 0.1388888888888889 0.16296296296296298
1 0.31203703703703706 0.7462962962962963 0.12129629629629629 0.1638888888888889
1 0.04351851851851852 0.18888888888888888 0.08611111111111111 0.17962962962962964
1 0.05277777777777778 0.487962962962963 0.10555555555555556 0.16296296296296298
1 0.06944444444444445 0.7583333333333333 0.11296296296296296 0.17037037037037037
1 0.8722222222222222 0.08148148148148149 0.14814814814814814 0.16296296296296298