1 0.9462962962962963 0.32685185185185184 0.10740740740740741 0.17222222222222222
1 0.9259259259259259 0.6018518518518519 0.14074074074074075 0.17222222222222222
1 0.7166666666666667 0.9157407407407407 0.13796296296296295 0.1685185185185185
1 0.775 0.2814814814814815 0.14814814814814814 0.17962962962962964
1 0.7268518518518519 0.600925925925926 0.14814814814814814 0.175
1 0.5092592592592593 0.8675925925925926 0.13148148148148148 0.16944444444444445
1 0.5296296296296297 0.5638888888888889 0.13055555555555556 0.17407407407407408
1 0.5592592592592592 0.2833333333333333 0.1287037037037037 0.1685185185185185
1 0.27685185185185185 0.8481481481481481 0.1259259259259259 0.1638888888888889
1 0.30185185185185187 0.5722222222222222 0.14629629629629629 0.1675925925925926
1 0.3453703703703704 0.2675925925925926 0.1287037037037037 0.1638888888888889
1 0.04537037037037037 0.8157407407407408 0.09074074074074075 0.18425925925925926
1 0.06111111111111111 0.5166666666666667 0.12222222222222222 0.1675925925925926
1 0.08518518518518518 0.24537037037037038 0.13425925925925927 0.175
1 0.8777777777777778 0.9351851851851852 0.1537037037037037 0.12962962962962962