1 0.9120370370370371 0.7935185185185185 0.13333333333333333 0.16944444444444445
1 0.8907407407407407 0.5083333333333333 0.13796296296296295 0.16944444444444445
1 0.6990740740740741 0.17592592592592593 0.13055555555555556 0.17037037037037037
1 0.7305555555555555 0.8231481481481482 0.13425925925925927 0.17314814814814813
1 0.7018518518518518 0.5 0.13240740740740742 0.1685185185185185
1 0.48148148148148145 0.21388888888888888 0.13518518518518519 0.16944444444444445
1 0.4888888888888889 0.5296296296296297 0.12777777777777777 0.16574074074074074
1 0.5055555555555555 0.8175925925925925 0.13055555555555556 0.1685185185185185
1 0.24351851851851852 0.2212962962962963 0.12129629629629629 0.1638888888888889
1 0.2611111111111111 0.5027777777777778 0.13240740740740742 0.16111111111111112
1 0.287962962962963 0.8185185185185185 0.1259259259259259 0.16203703703703703
1 0.025925925925925925 0.2351851851851852 0.05092592592592592 0.17777777777777778
1 0.03148148148148148 0.5435185185185185 0.06296296296296296 0.16296296296296298
1 0.046296296296296294 0.8268518518518518 0.06018518518518518 0.16574074074074074
1 0.8703703703703703 0.1388888888888889 0.13333333333333333 0.17314814814814813