1 0.9314814814814815 0.19722222222222222 0.1361111111111111 0.1824074074074074
1 0.9185185185185185 0.4759259259259259 0.1537037037037037 0.18981481481481483
1 0.7324074074074074 0.799074074074074 0.14629629629629629 0.175
1 0.762962962962963 0.16666666666666666 0.1388888888888889 0.17222222222222222
1 0.7333333333333333 0.487962962962963 0.1388888888888889 0.17037037037037037
1 0.5277777777777778 0.7657407407407407 0.14629629629629629 0.18425925925925926
1 0.524074074074074 0.46111111111111114 0.1388888888888889 0.18981481481481483
1 0.5444444444444444 0.17314814814814813 0.14629629629629629 0.17962962962962964
1 0.29074074074074074 0.7509259259259259 0.13148148148148148 0.16574074074074074
1 0.3101851851851852 0.4824074074074074 0.1361111111111111 0.16296296296296298
1 0.32592592592592595 0.17407407407407408 0.14629629629629629 0.17222222222222222
1 0.05555555555555555 0.7407407407407407 0.11018518518518519 0.17777777777777778
1 0.06296296296296296 0.4398148148148148 0.125 0.16018518518518518
1 0.07685185185185185 0.16666666666666666 0.12222222222222222 0.17037037037037037
1 0.9 0.8379629629629629 0.14629629629629629 0.17222222222222222