1 0.2064814814814815 0.9120370370370371 0.16944444444444445 0.13333333333333333
1 0.49166666666666664 0.8907407407407407 0.16944444444444445 0.13796296296296295
1 0.8240740740740741 0.6990740740740741 0.17037037037037037 0.13055555555555556
1 0.17685185185185184 0.7305555555555555 0.17314814814814813 0.13425925925925927
1 0.5 0.7018518518518518 0.1685185185185185 0.13240740740740742
1 0.7861111111111111 0.48148148148148145 0.16944444444444445 0.13518518518518519
1 0.4703703703703704 0.4888888888888889 0.16574074074074074 0.12777777777777777
1 0.1824074074074074 0.5055555555555555 0.1685185185185185 0.13055555555555556
1 0.7787037037037037 0.24351851851851852 0.1638888888888889 0.12129629629629629
1 0.49722222222222223 0.2611111111111111 0.16111111111111112 0.13240740740740742
1 0.1814814814814815 0.287962962962963 0.16203703703703703 0.1259259259259259
1 0.7648148148148148 0.025925925925925925 0.17777777777777778 0.05092592592592592
1 0.4564814814814815 0.03148148148148148 0.16296296296296298 0.06296296296296296
1 0.17314814814814813 0.046296296296296294 0.16574074074074074 0.06018518518518518
1 0.8611111111111112 0.8703703703703703 0.17314814814814813 0.13333333333333333