1 0.08148148148148149 0.30277777777777776 0.12222222222222222 0.14537037037037037
1 0.11666666666666667 0.5537037037037037 0.11944444444444445 0.15092592592592594
1 0.30648148148148147 0.8314814814814815 0.12314814814814815 0.15185185185185185
1 0.23796296296296296 0.2638888888888889 0.11666666666666667 0.15
1 0.2851851851851852 0.549074074074074 0.11851851851851852 0.1537037037037037
1 0.4935185185185185 0.7851851851851852 0.11851851851851852 0.14537037037037037
1 0.46944444444444444 0.5083333333333333 0.11203703703703703 0.14166666666666666
1 0.4361111111111111 0.2564814814814815 0.12129629629629629 0.14722222222222223
1 0.7018518518518518 0.7620370370370371 0.12037037037037036 0.1398148148148148
1 0.6694444444444444 0.5166666666666667 0.11666666666666667 0.1398148148148148
1 0.6268518518518519 0.24166666666666667 0.11666666666666667 0.1425925925925926
1 0.924074074074074 0.7351851851851852 0.11388888888888889 0.14074074074074075
1 0.8916666666666667 0.4685185185185185 0.11851851851851852 0.1398148148148148
1 0.8666666666666667 0.21851851851851853 0.10462962962962963 0.13796296296296295
1 0.15833333333333333 0.8740740740740741 0.1259259259259259 0.15185185185185185