1 0.08055555555555556 0.2833333333333333 0.16018518518518518 0.19166666666666668
1 0.10925925925925926 0.5731481481481482 0.16296296296296298 0.20185185185185187
1 0.31296296296296294 0.9 0.1537037037037037 0.18425925925925926
1 0.25833333333333336 0.2490740740740741 0.14814814814814814 0.1824074074074074
1 0.29814814814814816 0.5768518518518518 0.14814814814814814 0.175
1 0.5203703703703704 0.8574074074074074 0.15555555555555556 0.1962962962962963
1 0.5157407407407407 0.5453703703703704 0.15092592592592594 0.19907407407407407
1 0.4842592592592593 0.24444444444444444 0.1537037037037037 0.18981481481481483
1 0.7657407407407407 0.8361111111111111 0.14166666666666666 0.175
1 0.7379629629629629 0.5555555555555556 0.14814814814814814 0.17037037037037037
1 0.7064814814814815 0.2388888888888889 0.1537037037037037 0.1824074074074074
1 0.975 0.8148148148148148 0.05 0.1824074074074074
1 0.9601851851851851 0.5055555555555555 0.0787037037037037 0.16574074074074074
1 0.9388888888888889 0.22592592592592592 0.08333333333333333 0.175
1 0.14166666666666666 0.9268518518518518 0.1537037037037037 0.14629629629629629