1 0.23796296296296296 0.9342592592592592 0.1824074074074074 0.11481481481481481
1 0.5314814814814814 0.9462962962962963 0.19166666666666668 0.10740740740740741
1 0.887962962962963 0.8185185185185185 0.17777777777777778 0.14814814814814814
1 0.2324074074074074 0.7712962962962963 0.17777777777777778 0.14166666666666666
1 0.562962962962963 0.7824074074074074 0.17222222222222222 0.14166666666666666
1 0.8759259259259259 0.6046296296296296 0.18981481481481483 0.14814814814814814
1 0.5648148148148148 0.5611111111111111 0.19444444444444445 0.14166666666666666
1 0.26296296296296295 0.5453703703703704 0.18425925925925926 0.14814814814814814
1 0.8953703703703704 0.36018518518518516 0.17222222222222222 0.1361111111111111
1 0.6101851851851852 0.3425925925925926 0.16574074074074074 0.1388888888888889
1 0.2916666666666667 0.32314814814814813 0.175 0.14814814814814814
1 0.9101851851851852 0.1 0.17962962962962964 0.14166666666666666
1 0.5981481481481481 0.08148148148148149 0.16574074074074074 0.13425925925925927
1 0.31851851851851853 0.06481481481481481 0.175 0.12962962962962962
1 0.899074074074074 0.9611111111111111 0.15833333333333333 0.07685185185185185