1 0.32685185185185184 0.053703703703703705 0.17222222222222222 0.10740740740740741
1 0.6018518518518519 0.07407407407407407 0.17222222222222222 0.14074074074074075
1 0.9157407407407407 0.2833333333333333 0.1685185185185185 0.13796296296296295
1 0.2814814814814815 0.225 0.17962962962962964 0.14814814814814814
1 0.600925925925926 0.27314814814814814 0.175 0.14814814814814814
1 0.8675925925925926 0.49074074074074076 0.16944444444444445 0.13148148148148148
1 0.5638888888888889 0.4703703703703704 0.17407407407407408 0.13055555555555556
1 0.2833333333333333 0.44074074074074077 0.1685185185185185 0.1287037037037037
1 0.8481481481481481 0.7231481481481481 0.1638888888888889 0.1259259259259259
1 0.5722222222222222 0.6981481481481482 0.1675925925925926 0.14629629629629629
1 0.2675925925925926 0.6546296296296297 0.1638888888888889 0.1287037037037037
1 0.8157407407407408 0.9546296296296296 0.18425925925925926 0.09074074074074075
1 0.5166666666666667 0.9388888888888889 0.1675925925925926 0.12222222222222222
1 0.24537037037037038 0.9148148148148149 0.175 0.13425925925925927
1 0.9351851851851852 0.12222222222222222 0.12962962962962962 0.1537037037037037