1 0.06574074074074074 0.23796296296296296 0.11481481481481481 0.1824074074074074
1 0.053703703703703705 0.5314814814814814 0.10740740740740741 0.19166666666666668
1 0.1814814814814815 0.887962962962963 0.14814814814814814 0.17777777777777778
1 0.22870370370370371 0.2324074074074074 0.14166666666666666 0.17777777777777778
1 0.2175925925925926 0.562962962962963 0.14166666666666666 0.17222222222222222
1 0.39537037037037037 0.8759259259259259 0.14814814814814814 0.18981481481481483
1 0.4388888888888889 0.5648148148148148 0.14166666666666666 0.19444444444444445
1 0.4546296296296296 0.26296296296296295 0.14814814814814814 0.18425925925925926
1 0.6398148148148148 0.8953703703703704 0.1361111111111111 0.17222222222222222
1 0.6574074074074074 0.6101851851851852 0.1388888888888889 0.16574074074074074
1 0.6768518518518518 0.2916666666666667 0.14814814814814814 0.175
1 0.9 0.9101851851851852 0.14166666666666666 0.17962962962962964
1 0.9185185185185185 0.5981481481481481 0.13425925925925927 0.16574074074074074
1 0.9351851851851852 0.31851851851851853 0.12962962962962962 0.175
1 0.03888888888888889 0.899074074074074 0.07685185185185185 0.15833333333333333