1 0.6972222222222222 0.08148148148148149 0.14537037037037037 0.12222222222222222
1 0.4462962962962963 0.11666666666666667 0.15092592592592594 0.11944444444444445
1 0.1685185185185185 0.30648148148148147 0.15185185185185185 0.12314814814814815
1 0.7361111111111112 0.23796296296296296 0.15 0.11666666666666667
1 0.45092592592592595 0.2851851851851852 0.1537037037037037 0.11851851851851852
1 0.21481481481481482 0.4935185185185185 0.14537037037037037 0.11851851851851852
1 0.49166666666666664 0.46944444444444444 0.14166666666666666 0.11203703703703703
1 0.7435185185185185 0.4361111111111111 0.14722222222222223 0.12129629629629629
1 0.23796296296296296 0.7018518518518518 0.1398148148148148 0.12037037037037036
1 0.48333333333333334 0.6694444444444444 0.1398148148148148 0.11666666666666667
1 0.7583333333333333 0.6268518518518519 0.1425925925925926 0.11666666666666667
1 0.26481481481481484 0.924074074074074 0.14074074074074075 0.11388888888888889
1 0.5314814814814814 0.8916666666666667 0.1398148148148148 0.11851851851851852
1 0.7814814814814814 0.8666666666666667 0.13796296296296295 0.10462962962962963
1 0.1259259259259259 0.15833333333333333 0.15185185185185185 0.1259259259259259