1 0.07777777777777778 0.20092592592592592 0.13425925925925927 0.17962962962962964
1 0.06481481481481481 0.4842592592592593 0.12962962962962962 0.18981481481481483
1 0.19907407407407407 0.8314814814814815 0.14351851851851852 0.175
1 0.2462962962962963 0.1935185185185185 0.1388888888888889 0.175
1 0.23796296296296296 0.5194444444444445 0.1361111111111111 0.1675925925925926
1 0.4111111111111111 0.8231481481481482 0.14351851851851852 0.18425925925925926
1 0.45092592592592595 0.5194444444444445 0.1388888888888889 0.18981481481481483
1 0.4666666666666667 0.22592592592592592 0.14351851851851852 0.17962962962962964
1 0.649074074074074 0.8388888888888889 0.13148148148148148 0.1675925925925926
1 0.6638888888888889 0.5648148148148148 0.1361111111111111 0.16296296296296298
1 0.6851851851851852 0.25555555555555554 0.14166666666666666 0.17037037037037037
1 0.9018518518518519 0.8583333333333333 0.1388888888888889 0.17962962962962964
1 0.9194444444444444 0.5537037037037037 0.13148148148148148 0.16296296296296298
1 0.9361111111111111 0.2796296296296296 0.12685185185185185 0.17037037037037037
1 0.049074074074074076 0.850925925925926 0.09814814814814815 0.17222222222222222