1 0.7166666666666667 0.08055555555555556 0.19166666666666668 0.16018518518518518
1 0.42685185185185187 0.10925925925925926 0.20185185185185187 0.16296296296296298
1 0.1 0.31296296296296294 0.18425925925925926 0.1537037037037037
1 0.7509259259259259 0.25833333333333336 0.1824074074074074 0.14814814814814814
1 0.42314814814814816 0.29814814814814816 0.175 0.14814814814814814
1 0.1425925925925926 0.5203703703703704 0.1962962962962963 0.15555555555555556
1 0.4546296296296296 0.5157407407407407 0.19907407407407407 0.15092592592592594
1 0.7555555555555555 0.4842592592592593 0.18981481481481483 0.1537037037037037
1 0.1638888888888889 0.7657407407407407 0.175 0.14166666666666666
1 0.4444444444444444 0.7379629629629629 0.17037037037037037 0.14814814814814814
1 0.7611111111111111 0.7064814814814815 0.1824074074074074 0.1537037037037037
1 0.18518518518518517 0.975 0.1824074074074074 0.05
1 0.49444444444444446 0.9601851851851851 0.16574074074074074 0.0787037037037037
1 0.774074074074074 0.9388888888888889 0.175 0.08333333333333333
1 0.07314814814814814 0.14166666666666666 0.14629629629629629 0.1537037037037037