1 0.06851851851851852 0.8027777777777778 0.1361111111111111 0.1824074074074074
1 0.08148148148148149 0.524074074074074 0.1537037037037037 0.18981481481481483
1 0.2675925925925926 0.20092592592592592 0.14629629629629629 0.175
1 0.23703703703703705 0.8333333333333334 0.1388888888888889 0.17222222222222222
1 0.26666666666666666 0.5120370370370371 0.1388888888888889 0.17037037037037037
1 0.4722222222222222 0.23425925925925925 0.14629629629629629 0.18425925925925926
1 0.4759259259259259 0.5388888888888889 0.1388888888888889 0.18981481481481483
1 0.45555555555555555 0.8268518518518518 0.14629629629629629 0.17962962962962964
1 0.7092592592592593 0.2490740740740741 0.13148148148148148 0.16574074074074074
1 0.6898148148148148 0.5175925925925926 0.1361111111111111 0.16296296296296298
1 0.674074074074074 0.825925925925926 0.14629629629629629 0.17222222222222222
1 0.9444444444444444 0.25925925925925924 0.11018518518518519 0.17777777777777778
1 0.937037037037037 0.5601851851851852 0.125 0.16018518518518518
1 0.9231481481481482 0.8333333333333334 0.12222222222222222 0.17037037037037037
1 0.1 0.16203703703703703 0.14629629629629629 0.17222222222222222