1 0.20092592592592592 0.9222222222222223 0.17962962962962964 0.13425925925925927
1 0.4842592592592593 0.9351851851851852 0.18981481481481483 0.12962962962962962
1 0.8314814814814815 0.8009259259259259 0.175 0.14351851851851852
1 0.1935185185185185 0.7537037037037037 0.175 0.1388888888888889
1 0.5194444444444445 0.7620370370370371 0.1675925925925926 0.1361111111111111
1 0.8231481481481482 0.5888888888888889 0.18425925925925926 0.14351851851851852
1 0.5194444444444445 0.549074074074074 0.18981481481481483 0.1388888888888889
1 0.22592592592592592 0.5333333333333333 0.17962962962962964 0.14351851851851852
1 0.8388888888888889 0.3509259259259259 0.1675925925925926 0.13148148148148148
1 0.5648148148148148 0.33611111111111114 0.16296296296296298 0.1361111111111111
1 0.25555555555555554 0.3148148148148148 0.17037037037037037 0.14166666666666666
1 0.8583333333333333 0.09814814814814815 0.17962962962962964 0.1388888888888889
1 0.5537037037037037 0.08055555555555556 0.16296296296296298 0.13148148148148148
1 0.2796296296296296 0.06388888888888888 0.17037037037037037 0.12685185185185185
1 0.850925925925926 0.950925925925926 0.17222222222222222 0.09814814814814815