1 0.7212962962962963 0.1648148148148148 0.12222222222222222 0.08333333333333333
0 0.4305555555555556 0.1925925925925926 0.10555555555555556 0.06666666666666667
1 0.5833333333333334 0.1787037037037037 0.1175925925925926 0.08333333333333333
0 0.32314814814814813 0.20462962962962963 0.10092592592592593 0.06944444444444445
1 0.8592592592592593 0.16296296296296298 0.12222222222222222 0.08425925925925926
2 0.03981481481481482 0.23796296296296296 0.0787037037037037 0.07685185185185185
0 0.18888888888888888 0.22685185185185186 0.10555555555555556 0.0712962962962963
1 0.5962962962962963 0.2657407407407407 0.1175925925925926 0.08333333333333333
1 0.7203703703703703 0.2657407407407407 0.12685185185185185 0.08888888888888889
2 0.040740740740740744 0.3351851851851852 0.08148148148148149 0.08796296296296297
0 0.3148148148148148 0.31296296296296294 0.11296296296296296 0.0712962962962963
0 0.4351851851851852 0.30925925925925923 0.10740740740740741 0.08333333333333333
0 0.17777777777777778 0.33425925925925926 0.10740740740740741 0.08333333333333333
1 0.8888888888888888 0.2796296296296296 0.11574074074074074 0.08888888888888889
0 0.16018518518518518 0.42592592592592593 0.11296296296296296 0.08333333333333333
0 0.3037037037037037 0.41574074074074074 0.1175925925925926 0.08333333333333333
0 0.4351851851851852 0.4166666666666667 0.11296296296296296 0.08333333333333333
1 0.5768518518518518 0.4111111111111111 0.12314814814814815 0.09166666666666666
2 0.023148148148148147 0.4666666666666667 0.04537037037037037 0.09537037037037037
1 0.7527777777777778 0.4185185185185185 0.12314814814814815 0.08796296296296297
1 0.9231481481481482 0.4111111111111111 0.12037037037037036 0.09351851851851851
0 0.1388888888888889 0.5425925925925926 0.12962962962962962 0.09166666666666666
0 0.2861111111111111 0.5398148148148149 0.1175925925925926 0.09074074074074075
0 0.4388888888888889 0.5351851851851852 0.12222222222222222 0.08888888888888889
1 0.6 0.5879629629629629 0.13055555555555556 0.10185185185185185
1 0.7972222222222223 0.5740740740740741 0.13518518518518519 0.09907407407407408
1 0.9601851851851851 0.5685185185185185 0.0787037037037037 0.11296296296296296
0 0.11296296296296296 0.6962962962962963 0.13425925925925927 0.10092592592592593
0 0.27870370370370373 0.6898148148148148 0.12685185185185185 0.10092592592592593
0 0.4361111111111111 0.6814814814814815 0.1175925925925926 0.09814814814814815
1 0.8148148148148148 0.7305555555555555 0.1361111111111111 0.1111111111111111
1 0.6175925925925926 0.7583333333333333 0.1398148148148148 0.1175925925925926
1 0.9703703703703703 0.7203703703703703 0.05925925925925926 0.1175925925925926
0 0.42314814814814816 0.8231481481481482 0.12777777777777777 0.1037037037037037
0 0.26851851851851855 0.8472222222222222 0.12962962962962962 0.10833333333333334
0 0.08611111111111111 0.8574074074074074 0.12685185185185185 0.11018518518518519