1 0.8111111111111111 0.6537037037037037 0.0787037037037037 0.11296296296296296
0 0.7824074074074074 0.38333333333333336 0.06481481481481481 0.10092592592592593
1 0.7972222222222223 0.524074074074074 0.0787037037037037 0.11296296296296296
0 0.7694444444444445 0.2796296296296296 0.06944444444444445 0.09537037037037037
1 0.8175925925925925 0.7870370370370371 0.08611111111111111 0.12222222222222222
2 0.7333333333333333 0.026851851851851852 0.0712962962962963 0.05277777777777778
0 0.7444444444444445 0.1537037037037037 0.06944444444444445 0.10092592592592593
1 0.7166666666666667 0.5398148148148149 0.0787037037037037 0.11296296296296296
1 0.7203703703703703 0.6564814814814814 0.08611111111111111 0.1175925925925926
2 0.6416666666666667 0.032407407407407406 0.08148148148148149 0.06481481481481481
0 0.6657407407407407 0.2740740740740741 0.06944444444444445 0.10555555555555556
0 0.6703703703703704 0.38981481481481484 0.0787037037037037 0.10277777777777777
0 0.6425925925925926 0.14537037037037037 0.0787037037037037 0.10277777777777777
1 0.7092592592592593 0.8148148148148148 0.09351851851851851 0.1175925925925926
0 0.5564814814814815 0.13055555555555556 0.0787037037037037 0.10740740740740741
0 0.5712962962962963 0.2657407407407407 0.0787037037037037 0.11296296296296296
0 0.5685185185185185 0.38796296296296295 0.0787037037037037 0.10740740740740741
1 0.5824074074074074 0.524074074074074 0.08703703703703704 0.11574074074074074
2 0.5175925925925926 0.012962962962962963 0.08888888888888889 0.025925925925925925
1 0.575 0.6935185185185185 0.08333333333333333 0.11851851851851852
1 0.5861111111111111 0.8462962962962963 0.09537037037037037 0.12222222222222222
0 0.45185185185185184 0.11018518518518519 0.09537037037037037 0.12685185185185185
0 0.4546296296296296 0.25277777777777777 0.08611111111111111 0.11296296296296296
0 0.46111111111111114 0.3962962962962963 0.08611111111111111 0.1175925925925926
1 0.4148148148148148 0.5481481481481482 0.09722222222222222 0.12314814814814815
1 0.43148148148148147 0.7324074074074074 0.10092592592592593 0.1259259259259259
1 0.4361111111111111 0.9111111111111111 0.09722222222222222 0.125
0 0.30185185185185187 0.08981481481481482 0.09537037037037037 0.12685185185185185
0 0.3138888888888889 0.24722222222222223 0.09537037037037037 0.1175925925925926
0 0.32314814814814813 0.3962962962962963 0.10277777777777777 0.125
1 0.28703703703703703 0.7564814814814815 0.10833333333333334 0.1398148148148148
1 0.2574074074074074 0.5685185185185185 0.11296296296296296 0.13055555555555556
1 0.29444444444444445 0.9398148148148148 0.1037037037037037 0.12037037037037036
0 0.19074074074074074 0.387037037037037 0.10740740740740741 0.12962962962962962
0 0.17037037037037037 0.24074074074074073 0.1175925925925926 0.12962962962962962
0 0.1527777777777778 0.08055555555555556 0.10277777777777777 0.10277777777777777