1 0.2212962962962963 0.6990740740740741 0.0712962962962963 0.11018518518518519
0 0.2212962962962963 0.4166666666666667 0.05740740740740741 0.09814814814814815
1 0.2212962962962963 0.5648148148148148 0.0712962962962963 0.10740740740740741
0 0.225 0.30925925925925923 0.062037037037037036 0.09074074074074075
1 0.22870370370370371 0.8305555555555556 0.0787037037037037 0.10648148148148148
2 0.23425925925925925 0.03518518518518519 0.06666666666666667 0.06944444444444445
0 0.23333333333333334 0.17407407407407408 0.06851851851851852 0.10277777777777777
1 0.30648148148148147 0.5722222222222222 0.0712962962962963 0.10740740740740741
1 0.3175925925925926 0.6925925925925925 0.07685185185185185 0.11481481481481481
2 0.325 0.03148148148148148 0.07222222222222222 0.06296296296296296
0 0.32592592592592595 0.28888888888888886 0.06851851851851852 0.09814814814814815
0 0.33796296296296297 0.41203703703703703 0.0712962962962963 0.09537037037037037
0 0.3398148148148148 0.1574074074074074 0.0712962962962963 0.09537037037037037
1 0.3435185185185185 0.8555555555555555 0.08611111111111111 0.11296296296296296
0 0.42592592592592593 0.13055555555555556 0.0712962962962963 0.10277777777777777
0 0.42777777777777776 0.27314814814814814 0.0712962962962963 0.10740740740740741
0 0.44351851851851853 0.3990740740740741 0.0712962962962963 0.10277777777777777
1 0.44166666666666665 0.5361111111111111 0.08148148148148149 0.11574074074074074
2 0.4527777777777778 0.008333333333333333 0.08888888888888889 0.016666666666666666
1 0.46296296296296297 0.7083333333333334 0.08888888888888889 0.1175925925925926
1 0.475 0.8740740740740741 0.08611111111111111 0.11944444444444445
0 0.5333333333333333 0.10185185185185185 0.08611111111111111 0.125
0 0.5370370370370371 0.24074074074074073 0.0787037037037037 0.10740740740740741
0 0.5537037037037037 0.3925925925925926 0.07685185185185185 0.1037037037037037
1 0.6175925925925926 0.5435185185185185 0.0962962962962963 0.12962962962962962
1 0.6166666666666667 0.7333333333333333 0.08888888888888889 0.12777777777777777
1 0.6324074074074074 0.9212962962962963 0.09351851851851851 0.12037037037037036
0 0.6824074074074075 0.06481481481481481 0.09259259259259259 0.125
0 0.6842592592592592 0.2175925925925926 0.08888888888888889 0.11481481481481481
0 0.6916666666666667 0.37777777777777777 0.08611111111111111 0.11296296296296296
1 0.7722222222222223 0.7407407407407407 0.10277777777777777 0.13518518518518519
1 0.7833333333333333 0.5472222222222223 0.11296296296296296 0.1388888888888889
1 0.7833333333333333 0.9351851851851852 0.10740740740740741 0.12962962962962962
0 0.825925925925926 0.35185185185185186 0.09814814814814815 0.12222222222222222
0 0.8379629629629629 0.20462962962962963 0.10740740740740741 0.125
0 0.8388888888888889 0.04351851851851852 0.09537037037037037 0.08611111111111111