1 0.6962962962962963 0.7777777777777778 0.10555555555555556 0.06944444444444445
0 0.4287037037037037 0.7824074074074074 0.09074074074074075 0.05462962962962963
1 0.5685185185185185 0.7796296296296297 0.10092592592592593 0.06944444444444445
0 0.3277777777777778 0.7824074074074074 0.08611111111111111 0.05925925925925926
1 0.825925925925926 0.7675925925925926 0.11296296296296296 0.07685185185185185
2 0.053703703703703705 0.7787037037037037 0.09814814814814815 0.06666666666666667
0 0.20462962962962963 0.7712962962962963 0.09074074074074075 0.05925925925925926
1 0.5740740740740741 0.700925925925926 0.10092592592592593 0.06944444444444445
1 0.6861111111111111 0.6888888888888889 0.11296296296296296 0.07407407407407407
2 0.04814814814814815 0.6907407407407408 0.09166666666666666 0.07407407407407407
0 0.3101851851851852 0.6824074074074075 0.10092592592592593 0.05925925925925926
0 0.42314814814814816 0.6731481481481482 0.09074074074074075 0.06944444444444445
0 0.1824074074074074 0.6759259259259259 0.09351851851851851 0.0712962962962963
1 0.8398148148148148 0.6601851851851852 0.10740740740740741 0.08148148148148149
0 0.15833333333333333 0.5935185185185186 0.09537037037037037 0.06944444444444445
0 0.2898148148148148 0.5916666666666667 0.10092592592592593 0.06944444444444445
0 0.4083333333333333 0.5740740740740741 0.09537037037037037 0.06944444444444445
1 0.5416666666666666 0.5694444444444444 0.1175925925925926 0.08888888888888889
2 0.024074074074074074 0.5694444444444444 0.04722222222222222 0.08611111111111111
1 0.7027777777777777 0.5472222222222223 0.1175925925925926 0.09351851851851851
1 0.8555555555555555 0.5370370370370371 0.11296296296296296 0.08333333333333333
0 0.12777777777777777 0.49444444444444446 0.12222222222222222 0.08333333333333333
0 0.26481481481481484 0.48055555555555557 0.10277777777777777 0.0787037037037037
0 0.4046296296296296 0.4703703703703704 0.10740740740740741 0.07407407407407407
1 0.5462962962962963 0.4083333333333333 0.11296296296296296 0.08888888888888889
1 0.7268518518518519 0.40555555555555556 0.13148148148148148 0.09351851851851851
1 0.8981481481481481 0.38333333333333336 0.1175925925925926 0.09814814814814815
0 0.08981481481481482 0.35185185185185186 0.1175925925925926 0.08333333333333333
0 0.24444444444444444 0.3453703703703704 0.11296296296296296 0.08333333333333333
0 0.38796296296296295 0.33796296296296297 0.11296296296296296 0.08888888888888889
1 0.7287037037037037 0.2611111111111111 0.1361111111111111 0.10277777777777777
1 0.5407407407407407 0.25092592592592594 0.13148148148148148 0.10740740740740741
1 0.9111111111111111 0.25 0.13148148148148148 0.10277777777777777
0 0.3638888888888889 0.20925925925925926 0.1175925925925926 0.09351851851851851
0 0.22037037037037038 0.2064814814814815 0.12222222222222222 0.10277777777777777
0 0.053703703703703705 0.2064814814814815 0.10740740740740741 0.09537037037037037