1 0.6925925925925925 0.7796296296296297 0.10277777777777777 0.06666666666666667
0 0.42777777777777776 0.7787037037037037 0.09074074074074075 0.05277777777777778
1 0.5657407407407408 0.7787037037037037 0.10092592592592593 0.06666666666666667
0 0.3277777777777778 0.7768518518518519 0.08611111111111111 0.05740740740740741
1 0.8194444444444444 0.7731481481481481 0.11018518518518519 0.0712962962962963
2 0.05555555555555555 0.7675925925925926 0.09537037037037037 0.062037037037037036
0 0.20555555555555555 0.7657407407407407 0.09074074074074075 0.05740740740740741
1 0.5722222222222222 0.6990740740740741 0.10092592592592593 0.06666666666666667
1 0.6842592592592592 0.6898148148148148 0.10740740740740741 0.0712962962962963
2 0.05277777777777778 0.6814814814814815 0.10555555555555556 0.06944444444444445
0 0.31296296296296294 0.6787037037037037 0.09814814814814815 0.05740740740740741
0 0.42314814814814816 0.6722222222222223 0.09074074074074075 0.06666666666666667
0 0.18611111111111112 0.6694444444444444 0.09074074074074075 0.06666666666666667
1 0.8361111111111111 0.6648148148148149 0.09537037037037037 0.06666666666666667
0 0.1638888888888889 0.5879629629629629 0.09537037037037037 0.06666666666666667
0 0.29444444444444445 0.5861111111111111 0.10092592592592593 0.06666666666666667
0 0.41203703703703703 0.5731481481481482 0.09537037037037037 0.06666666666666667
1 0.5444444444444444 0.5722222222222222 0.1 0.0787037037037037
2 0.026851851851851852 0.562962962962963 0.05277777777777778 0.08148148148148149
1 0.7027777777777777 0.55 0.10462962962962963 0.07685185185185185
1 0.8537037037037037 0.5435185185185185 0.11018518518518519 0.08148148148148149
0 0.1361111111111111 0.4861111111111111 0.10462962962962963 0.075
0 0.26944444444444443 0.47685185185185186 0.10092592592592593 0.07407407407407407
0 0.4083333333333333 0.4685185185185185 0.10555555555555556 0.0712962962962963
1 0.549074074074074 0.40555555555555556 0.10925925925925926 0.08148148148148149
1 0.7296296296296296 0.4083333333333333 0.11388888888888889 0.08703703703703704
1 0.9 0.3907407407407407 0.11481481481481481 0.09166666666666666
0 0.1 0.3472222222222222 0.11481481481481481 0.08148148148148149
0 0.25092592592592594 0.3416666666666667 0.10740740740740741 0.08148148148148149
0 0.39537037037037037 0.33796296296296297 0.11018518518518519 0.08611111111111111
1 0.7351851851851852 0.262037037037037 0.12037037037037036 0.09814814814814815
1 0.5527777777777778 0.25555555555555554 0.1175925925925926 0.10555555555555556
1 0.9148148148148149 0.25555555555555554 0.12685185185185185 0.10092592592592593
0 0.37407407407407406 0.2101851851851852 0.11481481481481481 0.09074074074074075
0 0.22962962962962963 0.20092592592592592 0.11481481481481481 0.09259259259259259
0 0.06018518518518518 0.20277777777777778 0.1175925925925926 0.09074074074074075