1 0.22037037037037038 0.3111111111111111 0.06666666666666667 0.0962962962962963
0 0.2212962962962963 0.575925925925926 0.05277777777777778 0.08333333333333333
1 0.2212962962962963 0.43425925925925923 0.06666666666666667 0.10092592592592593
0 0.22314814814814815 0.6722222222222223 0.05740740740740741 0.08611111111111111
1 0.22777777777777777 0.18425925925925926 0.062037037037037036 0.09444444444444444
2 0.23333333333333334 0.9490740740740741 0.062037037037037036 0.09074074074074075
0 0.23425925925925925 0.7972222222222223 0.05648148148148148 0.08333333333333333
1 0.30092592592592593 0.42777777777777776 0.06666666666666667 0.10092592592592593
1 0.31296296296296294 0.31851851851851853 0.06666666666666667 0.09722222222222222
2 0.3175925925925926 0.9518518518518518 0.06666666666666667 0.09074074074074075
0 0.3194444444444444 0.6916666666666667 0.05740740740740741 0.08981481481481482
0 0.3277777777777778 0.5768518518518518 0.06666666666666667 0.09074074074074075
0 0.33055555555555555 0.8138888888888889 0.06666666666666667 0.09074074074074075
1 0.3351851851851852 0.16666666666666666 0.06944444444444445 0.09722222222222222
0 0.41203703703703703 0.8361111111111111 0.06666666666666667 0.09537037037037037
0 0.41388888888888886 0.7055555555555556 0.06666666666666667 0.10092592592592593
0 0.42685185185185187 0.5879629629629629 0.06666666666666667 0.09537037037037037
1 0.4287037037037037 0.45925925925925926 0.07407407407407407 0.10648148148148148
2 0.4351851851851852 0.9777777777777777 0.07777777777777778 0.03888888888888889
1 0.4527777777777778 0.29907407407407405 0.0787037037037037 0.10925925925925926
1 0.4564814814814815 0.14629629629629629 0.08148148148148149 0.11018518518518519
0 0.5138888888888888 0.8666666666666667 0.075 0.09907407407407408
0 0.5185185185185185 0.7351851851851852 0.07222222222222222 0.09444444444444444
0 0.5314814814814814 0.5925925925925926 0.06759259259259259 0.09166666666666666
1 0.5916666666666667 0.45185185185185184 0.0824074074074074 0.10925925925925926
1 0.5935185185185186 0.27314814814814814 0.08518518518518518 0.10833333333333334
1 0.6074074074074074 0.1 0.09537037037037037 0.11481481481481481
0 0.6527777777777778 0.9 0.08148148148148149 0.11481481481481481
0 0.6555555555555556 0.7555555555555555 0.075 0.10740740740740741
0 0.6620370370370371 0.6074074074074074 0.08611111111111111 0.10462962962962963
1 0.7361111111111112 0.26851851851851855 0.09444444444444444 0.11666666666666667
1 0.7444444444444445 0.44814814814814813 0.09722222222222222 0.12314814814814815
1 0.7444444444444445 0.08518518518518518 0.10092592592592593 0.12685185185185185
0 0.7898148148148149 0.6259259259259259 0.09074074074074075 0.11481481481481481
0 0.7953703703703704 0.7703703703703704 0.10092592592592593 0.1175925925925926
0 0.7972222222222223 0.9398148148148148 0.09074074074074075 0.1175925925925926