1 0.65 0.21388888888888888 0.12962962962962962 0.09074074074074075
0 0.3472222222222222 0.25462962962962965 0.11296296296296296 0.07407407407407407
1 0.5055555555555555 0.2351851851851852 0.125 0.09074074074074075
0 0.2351851851851852 0.27037037037037037 0.10740740740740741 0.0787037037037037
1 0.7953703703703704 0.20462962962962963 0.1361111111111111 0.09537037037037037
0 0.0962962962962963 0.29907407407407405 0.11296296296296296 0.0787037037037037
1 0.5231481481481481 0.32592592592592595 0.125 0.09074074074074075
1 0.6546296296296297 0.3194444444444444 0.12962962962962962 0.09537037037037037
0 0.23055555555555557 0.38333333333333336 0.11944444444444445 0.08148148148148149
0 0.362962962962963 0.3712962962962963 0.1037037037037037 0.07962962962962963
0 0.08796296296296297 0.4111111111111111 0.11481481481481481 0.08888888888888889
1 0.8314814814814815 0.32407407407407407 0.12962962962962962 0.10555555555555556
0 0.07222222222222222 0.5074074074074074 0.11944444444444445 0.08888888888888889
0 0.22314814814814815 0.4925925925925926 0.125 0.09074074074074075
0 0.3592592592592593 0.4888888888888889 0.11944444444444445 0.08888888888888889
1 0.5120370370370371 0.46944444444444444 0.12314814814814815 0.09907407407407408
1 0.6972222222222222 0.47685185185185186 0.13518518518518519 0.1037037037037037
1 0.8666666666666667 0.4638888888888889 0.1361111111111111 0.10740740740740741
0 0.06574074074074074 0.6222222222222222 0.1175925925925926 0.10555555555555556
0 0.20833333333333334 0.6203703703703703 0.125 0.10092592592592593
0 0.3675925925925926 0.6101851851851852 0.12962962962962962 0.09537037037037037
1 0.5407407407407407 0.6601851851851852 0.13796296296296295 0.10462962962962963
1 0.7435185185185185 0.6351851851851852 0.13796296296296295 0.1
1 0.9351851851851852 0.6277777777777778 0.12962962962962962 0.125
0 0.06574074074074074 0.7870370370370371 0.0787037037037037 0.10092592592592593
0 0.2064814814814815 0.7777777777777778 0.13425925925925927 0.10740740740740741
0 0.37407407407407406 0.7592592592592593 0.1388888888888889 0.11481481481481481
1 0.7703703703703704 0.7962962962962963 0.14537037037037037 0.11388888888888889
1 0.5666666666666667 0.8296296296296296 0.15 0.11851851851851852
1 0.9472222222222222 0.7833333333333333 0.10555555555555556 0.13425925925925927
0 0.36666666666666664 0.9083333333333333 0.14351851851851852 0.11944444444444445
0 0.20185185185185187 0.9361111111111111 0.14351851851851852 0.12685185185185185