1 0.21388888888888888 0.35 0.09074074074074075 0.12962962962962962
0 0.25462962962962965 0.6527777777777778 0.07407407407407407 0.11296296296296296
1 0.2351851851851852 0.49444444444444446 0.09074074074074075 0.125
0 0.27037037037037037 0.7648148148148148 0.0787037037037037 0.10740740740740741
1 0.20462962962962963 0.20462962962962963 0.09537037037037037 0.1361111111111111
0 0.29907407407407405 0.9037037037037037 0.0787037037037037 0.11296296296296296
1 0.32592592592592595 0.47685185185185186 0.09074074074074075 0.125
1 0.3194444444444444 0.3453703703703704 0.09537037037037037 0.12962962962962962
0 0.38333333333333336 0.7694444444444445 0.08148148148148149 0.11944444444444445
0 0.3712962962962963 0.6370370370370371 0.07962962962962963 0.1037037037037037
0 0.4111111111111111 0.9120370370370371 0.08888888888888889 0.11481481481481481
1 0.32407407407407407 0.1685185185185185 0.10555555555555556 0.12962962962962962
0 0.5074074074074074 0.9277777777777778 0.08888888888888889 0.11944444444444445
0 0.4925925925925926 0.7768518518518519 0.09074074074074075 0.125
0 0.4888888888888889 0.6407407407407407 0.08888888888888889 0.11944444444444445
1 0.46944444444444444 0.487962962962963 0.09907407407407408 0.12314814814814815
1 0.47685185185185186 0.30277777777777776 0.1037037037037037 0.13518518518518519
1 0.4638888888888889 0.13333333333333333 0.10740740740740741 0.1361111111111111
0 0.6222222222222222 0.9342592592592592 0.10555555555555556 0.1175925925925926
0 0.6203703703703703 0.7916666666666666 0.10092592592592593 0.125
0 0.6101851851851852 0.6324074074074074 0.09537037037037037 0.12962962962962962
1 0.6601851851851852 0.45925925925925926 0.10462962962962963 0.13796296296296295
1 0.6351851851851852 0.2564814814814815 0.1 0.13796296296296295
1 0.6277777777777778 0.06481481481481481 0.125 0.12962962962962962
0 0.7870370370370371 0.9342592592592592 0.10092592592592593 0.0787037037037037
0 0.7777777777777778 0.7935185185185185 0.10740740740740741 0.13425925925925927
0 0.7592592592592593 0.6259259259259259 0.11481481481481481 0.1388888888888889
1 0.7962962962962963 0.22962962962962963 0.11388888888888889 0.14537037037037037
1 0.8296296296296296 0.43333333333333335 0.11851851851851852 0.15
1 0.7833333333333333 0.05277777777777778 0.13425925925925927 0.10555555555555556
0 0.9083333333333333 0.6333333333333333 0.11944444444444445 0.14351851851851852
0 0.9361111111111111 0.7981481481481482 0.12685185185185185 0.14351851851851852