1 0.6537037037037037 0.18888888888888888 0.11296296296296296 0.0787037037037037
0 0.38333333333333336 0.2175925925925926 0.10092592592592593 0.06481481481481481
1 0.524074074074074 0.20277777777777778 0.11296296296296296 0.0787037037037037
0 0.2796296296296296 0.23055555555555557 0.09537037037037037 0.06944444444444445
1 0.7870370370370371 0.1824074074074074 0.12222222222222222 0.08611111111111111
2 0.026851851851851852 0.26666666666666666 0.05277777777777778 0.0712962962962963
0 0.1537037037037037 0.25555555555555554 0.10092592592592593 0.06944444444444445
1 0.5398148148148149 0.2833333333333333 0.11296296296296296 0.0787037037037037
1 0.6564814814814814 0.2796296296296296 0.1175925925925926 0.08611111111111111
2 0.032407407407407406 0.35833333333333334 0.06481481481481481 0.08148148148148149
0 0.2740740740740741 0.33425925925925926 0.10555555555555556 0.06944444444444445
0 0.38981481481481484 0.3296296296296296 0.10277777777777777 0.0787037037037037
0 0.14537037037037037 0.3574074074074074 0.10277777777777777 0.0787037037037037
1 0.8148148148148148 0.29074074074074074 0.1175925925925926 0.09351851851851851
0 0.13055555555555556 0.44351851851851853 0.10740740740740741 0.0787037037037037
0 0.2657407407407407 0.4287037037037037 0.11296296296296296 0.0787037037037037
0 0.38796296296296295 0.43148148148148147 0.10740740740740741 0.0787037037037037
1 0.524074074074074 0.41759259259259257 0.11574074074074074 0.08703703703703704
2 0.012962962962962963 0.4824074074074074 0.025925925925925925 0.08888888888888889
1 0.6935185185185185 0.425 0.11851851851851852 0.08333333333333333
1 0.8462962962962963 0.41388888888888886 0.12222222222222222 0.09537037037037037
0 0.11018518518518519 0.5481481481481482 0.12685185185185185 0.09537037037037037
0 0.25277777777777777 0.5453703703703704 0.11296296296296296 0.08611111111111111
0 0.3962962962962963 0.5388888888888889 0.1175925925925926 0.08611111111111111
1 0.5481481481481482 0.5851851851851851 0.12314814814814815 0.09722222222222222
1 0.7324074074074074 0.5685185185185185 0.1259259259259259 0.10092592592592593
1 0.9111111111111111 0.5638888888888889 0.125 0.09722222222222222
0 0.08981481481481482 0.6981481481481482 0.12685185185185185 0.09537037037037037
0 0.24722222222222223 0.6861111111111111 0.1175925925925926 0.09537037037037037
0 0.3962962962962963 0.6768518518518518 0.125 0.10277777777777777
1 0.7564814814814815 0.7129629629629629 0.1398148148148148 0.10833333333333334
1 0.5685185185185185 0.7425925925925926 0.13055555555555556 0.11296296296296296
1 0.9398148148148148 0.7055555555555556 0.12037037037037036 0.1037037037037037
0 0.387037037037037 0.8092592592592592 0.12962962962962962 0.10740740740740741
0 0.24074074074074073 0.8296296296296296 0.12962962962962962 0.1175925925925926
0 0.08055555555555556 0.8472222222222222 0.10277777777777777 0.10277777777777777