1 0.1648148148148148 0.27870370370370373 0.08333333333333333 0.12222222222222222
0 0.1925925925925926 0.5694444444444444 0.06666666666666667 0.10555555555555556
1 0.1787037037037037 0.4166666666666667 0.08333333333333333 0.1175925925925926
0 0.20462962962962963 0.6768518518518518 0.06944444444444445 0.10092592592592593
1 0.16296296296296298 0.14074074074074075 0.08425925925925926 0.12222222222222222
2 0.23796296296296296 0.9601851851851851 0.07685185185185185 0.0787037037037037
0 0.22685185185185186 0.8111111111111111 0.0712962962962963 0.10555555555555556
1 0.2657407407407407 0.40370370370370373 0.08333333333333333 0.1175925925925926
1 0.2657407407407407 0.2796296296296296 0.08888888888888889 0.12685185185185185
2 0.3351851851851852 0.9592592592592593 0.08796296296296297 0.08148148148148149
0 0.31296296296296294 0.6851851851851852 0.0712962962962963 0.11296296296296296
0 0.30925925925925923 0.5648148148148148 0.08333333333333333 0.10740740740740741
0 0.33425925925925926 0.8222222222222222 0.08333333333333333 0.10740740740740741
1 0.2796296296296296 0.1111111111111111 0.08888888888888889 0.11574074074074074
0 0.42592592592592593 0.8398148148148148 0.08333333333333333 0.11296296296296296
0 0.41574074074074074 0.6962962962962963 0.08333333333333333 0.1175925925925926
0 0.4166666666666667 0.5648148148148148 0.08333333333333333 0.11296296296296296
1 0.4111111111111111 0.42314814814814816 0.09166666666666666 0.12314814814814815
2 0.4666666666666667 0.9768518518518519 0.09537037037037037 0.04537037037037037
1 0.4185185185185185 0.24722222222222223 0.08796296296296297 0.12314814814814815
1 0.4111111111111111 0.07685185185185185 0.09351851851851851 0.12037037037037036
0 0.5425925925925926 0.8611111111111112 0.09166666666666666 0.12962962962962962
0 0.5398148148148149 0.7138888888888889 0.09074074074074075 0.1175925925925926
0 0.5351851851851852 0.5611111111111111 0.08888888888888889 0.12222222222222222
1 0.5879629629629629 0.4 0.10185185185185185 0.13055555555555556
1 0.5740740740740741 0.20277777777777778 0.09907407407407408 0.13518518518518519
1 0.5685185185185185 0.03981481481481482 0.11296296296296296 0.0787037037037037
0 0.6962962962962963 0.8870370370370371 0.10092592592592593 0.13425925925925927
0 0.6898148148148148 0.7212962962962963 0.10092592592592593 0.12685185185185185
0 0.6814814814814815 0.5638888888888889 0.09814814814814815 0.1175925925925926
1 0.7305555555555555 0.18518518518518517 0.1111111111111111 0.1361111111111111
1 0.7583333333333333 0.3824074074074074 0.1175925925925926 0.1398148148148148
1 0.7203703703703703 0.02962962962962963 0.1175925925925926 0.05925925925925926
0 0.8231481481481482 0.5768518518518518 0.1037037037037037 0.12777777777777777
0 0.8472222222222222 0.7314814814814815 0.10833333333333334 0.12962962962962962
0 0.8574074074074074 0.9138888888888889 0.11018518518518519 0.12685185185185185