1 0.30092592592592593 0.2212962962962963 0.11018518518518519 0.0712962962962963
0 0.5833333333333334 0.2212962962962963 0.09814814814814815 0.05740740740740741
1 0.4351851851851852 0.2212962962962963 0.10740740740740741 0.0712962962962963
0 0.6907407407407408 0.225 0.09074074074074075 0.062037037037037036
1 0.16944444444444445 0.22870370370370371 0.10648148148148148 0.0787037037037037
2 0.9648148148148148 0.23425925925925925 0.06944444444444445 0.06666666666666667
0 0.825925925925926 0.23333333333333334 0.10277777777777777 0.06851851851851852
1 0.42777777777777776 0.30648148148148147 0.10740740740740741 0.0712962962962963
1 0.3074074074074074 0.3175925925925926 0.11481481481481481 0.07685185185185185
2 0.9685185185185186 0.325 0.06296296296296296 0.07222222222222222
0 0.7111111111111111 0.32592592592592595 0.09814814814814815 0.06851851851851852
0 0.5879629629629629 0.33796296296296297 0.09537037037037037 0.0712962962962963
0 0.8425925925925926 0.3398148148148148 0.09537037037037037 0.0712962962962963
1 0.14444444444444443 0.3435185185185185 0.11296296296296296 0.08611111111111111
0 0.8694444444444445 0.42592592592592593 0.10277777777777777 0.0712962962962963
0 0.7268518518518519 0.42777777777777776 0.10740740740740741 0.0712962962962963
0 0.600925925925926 0.44351851851851853 0.10277777777777777 0.0712962962962963
1 0.4638888888888889 0.44166666666666665 0.11574074074074074 0.08148148148148149
2 0.9916666666666667 0.4527777777777778 0.016666666666666666 0.08888888888888889
1 0.2916666666666667 0.46296296296296297 0.1175925925925926 0.08888888888888889
1 0.1259259259259259 0.475 0.11944444444444445 0.08611111111111111
0 0.8981481481481481 0.5333333333333333 0.125 0.08611111111111111
0 0.7592592592592593 0.5370370370370371 0.10740740740740741 0.0787037037037037
0 0.6074074074074074 0.5537037037037037 0.1037037037037037 0.07685185185185185
1 0.4564814814814815 0.6175925925925926 0.12962962962962962 0.0962962962962963
1 0.26666666666666666 0.6166666666666667 0.12777777777777777 0.08888888888888889
1 0.0787037037037037 0.6324074074074074 0.12037037037037036 0.09351851851851851
0 0.9351851851851852 0.6824074074074075 0.125 0.09259259259259259
0 0.7824074074074074 0.6842592592592592 0.11481481481481481 0.08888888888888889
0 0.6222222222222222 0.6916666666666667 0.11296296296296296 0.08611111111111111
1 0.25925925925925924 0.7722222222222223 0.13518518518518519 0.10277777777777777
1 0.4527777777777778 0.7833333333333333 0.1388888888888889 0.11296296296296296
1 0.06481481481481481 0.7833333333333333 0.12962962962962962 0.10740740740740741
0 0.6481481481481481 0.825925925925926 0.12222222222222222 0.09814814814814815
0 0.7953703703703704 0.8379629629629629 0.125 0.10740740740740741
0 0.9564814814814815 0.8388888888888889 0.08611111111111111 0.09537037037037037