1 0.35 0.7861111111111111 0.12962962962962962 0.09074074074074075
0 0.6527777777777778 0.7453703703703703 0.11296296296296296 0.07407407407407407
1 0.49444444444444446 0.7648148148148148 0.125 0.09074074074074075
0 0.7648148148148148 0.7296296296296296 0.10740740740740741 0.0787037037037037
1 0.20462962962962963 0.7953703703703704 0.1361111111111111 0.09537037037037037
0 0.9037037037037037 0.700925925925926 0.11296296296296296 0.0787037037037037
1 0.47685185185185186 0.674074074074074 0.125 0.09074074074074075
1 0.3453703703703704 0.6805555555555556 0.12962962962962962 0.09537037037037037
0 0.7694444444444445 0.6166666666666667 0.11944444444444445 0.08148148148148149
0 0.6370370370370371 0.6287037037037037 0.1037037037037037 0.07962962962962963
0 0.9120370370370371 0.5888888888888889 0.11481481481481481 0.08888888888888889
1 0.1685185185185185 0.6759259259259259 0.12962962962962962 0.10555555555555556
0 0.9277777777777778 0.4925925925925926 0.11944444444444445 0.08888888888888889
0 0.7768518518518519 0.5074074074074074 0.125 0.09074074074074075
0 0.6407407407407407 0.5111111111111111 0.11944444444444445 0.08888888888888889
1 0.487962962962963 0.5305555555555556 0.12314814814814815 0.09907407407407408
1 0.30277777777777776 0.5231481481481481 0.13518518518518519 0.1037037037037037
1 0.13333333333333333 0.5361111111111111 0.1361111111111111 0.10740740740740741
0 0.9342592592592592 0.37777777777777777 0.1175925925925926 0.10555555555555556
0 0.7916666666666666 0.37962962962962965 0.125 0.10092592592592593
0 0.6324074074074074 0.38981481481481484 0.12962962962962962 0.09537037037037037
1 0.45925925925925926 0.3398148148148148 0.13796296296296295 0.10462962962962963
1 0.2564814814814815 0.3648148148148148 0.13796296296296295 0.1
1 0.06481481481481481 0.37222222222222223 0.12962962962962962 0.125
0 0.9342592592592592 0.21296296296296297 0.0787037037037037 0.10092592592592593
0 0.7935185185185185 0.2222222222222222 0.13425925925925927 0.10740740740740741
0 0.6259259259259259 0.24074074074074073 0.1388888888888889 0.11481481481481481
1 0.22962962962962963 0.2037037037037037 0.14537037037037037 0.11388888888888889
1 0.43333333333333335 0.17037037037037037 0.15 0.11851851851851852
1 0.05277777777777778 0.21666666666666667 0.10555555555555556 0.13425925925925927
0 0.6333333333333333 0.09166666666666666 0.14351851851851852 0.11944444444444445
0 0.7981481481481482 0.06388888888888888 0.14351851851851852 0.12685185185185185