1 0.8351851851851851 0.7212962962962963 0.08333333333333333 0.12222222222222222
0 0.8074074074074075 0.4305555555555556 0.06666666666666667 0.10555555555555556
1 0.8212962962962963 0.5833333333333334 0.08333333333333333 0.1175925925925926
0 0.7953703703703704 0.32314814814814813 0.06944444444444445 0.10092592592592593
1 0.837037037037037 0.8592592592592593 0.08425925925925926 0.12222222222222222
2 0.7620370370370371 0.03981481481481482 0.07685185185185185 0.0787037037037037
0 0.7731481481481481 0.18888888888888888 0.0712962962962963 0.10555555555555556
1 0.7342592592592593 0.5962962962962963 0.08333333333333333 0.1175925925925926
1 0.7342592592592593 0.7203703703703703 0.08888888888888889 0.12685185185185185
2 0.6648148148148149 0.040740740740740744 0.08796296296296297 0.08148148148148149
0 0.687037037037037 0.3148148148148148 0.0712962962962963 0.11296296296296296
0 0.6907407407407408 0.4351851851851852 0.08333333333333333 0.10740740740740741
0 0.6657407407407407 0.17777777777777778 0.08333333333333333 0.10740740740740741
1 0.7203703703703703 0.8888888888888888 0.08888888888888889 0.11574074074074074
0 0.5740740740740741 0.16018518518518518 0.08333333333333333 0.11296296296296296
0 0.5842592592592593 0.3037037037037037 0.08333333333333333 0.1175925925925926
0 0.5833333333333334 0.4351851851851852 0.08333333333333333 0.11296296296296296
1 0.5888888888888889 0.5768518518518518 0.09166666666666666 0.12314814814814815
2 0.5333333333333333 0.023148148148148147 0.09537037037037037 0.04537037037037037
1 0.5814814814814815 0.7527777777777778 0.08796296296296297 0.12314814814814815
1 0.5888888888888889 0.9231481481481482 0.09351851851851851 0.12037037037037036
0 0.45740740740740743 0.1388888888888889 0.09166666666666666 0.12962962962962962
0 0.4601851851851852 0.2861111111111111 0.09074074074074075 0.1175925925925926
0 0.4648148148148148 0.4388888888888889 0.08888888888888889 0.12222222222222222
1 0.41203703703703703 0.6 0.10185185185185185 0.13055555555555556
1 0.42592592592592593 0.7972222222222223 0.09907407407407408 0.13518518518518519
1 0.43148148148148147 0.9601851851851851 0.11296296296296296 0.0787037037037037
0 0.3037037037037037 0.11296296296296296 0.10092592592592593 0.13425925925925927
0 0.3101851851851852 0.27870370370370373 0.10092592592592593 0.12685185185185185
0 0.31851851851851853 0.4361111111111111 0.09814814814814815 0.1175925925925926
1 0.26944444444444443 0.8148148148148148 0.1111111111111111 0.1361111111111111
1 0.24166666666666667 0.6175925925925926 0.1175925925925926 0.1398148148148148
1 0.2796296296296296 0.9703703703703703 0.1175925925925926 0.05925925925925926
0 0.17685185185185184 0.42314814814814816 0.1037037037037037 0.12777777777777777
0 0.1527777777777778 0.26851851851851855 0.10833333333333334 0.12962962962962962
0 0.1425925925925926 0.08611111111111111 0.11018518518518519 0.12685185185185185