1 0.6888888888888889 0.22037037037037038 0.0962962962962963 0.06666666666666667
0 0.42407407407407405 0.2212962962962963 0.08333333333333333 0.05277777777777778
1 0.5657407407407408 0.2212962962962963 0.10092592592592593 0.06666666666666667
0 0.3277777777777778 0.22314814814814815 0.08611111111111111 0.05740740740740741
1 0.8157407407407408 0.22777777777777777 0.09444444444444444 0.062037037037037036
2 0.05092592592592592 0.23333333333333334 0.09074074074074075 0.062037037037037036
0 0.20277777777777778 0.23425925925925925 0.08333333333333333 0.05648148148148148
1 0.5722222222222222 0.30092592592592593 0.10092592592592593 0.06666666666666667
1 0.6814814814814815 0.31296296296296294 0.09722222222222222 0.06666666666666667
2 0.04814814814814815 0.3175925925925926 0.09074074074074075 0.06666666666666667
0 0.30833333333333335 0.3194444444444444 0.08981481481481482 0.05740740740740741
0 0.42314814814814816 0.3277777777777778 0.09074074074074075 0.06666666666666667
0 0.18611111111111112 0.33055555555555555 0.09074074074074075 0.06666666666666667
1 0.8333333333333334 0.3351851851851852 0.09722222222222222 0.06944444444444445
0 0.1638888888888889 0.41203703703703703 0.09537037037037037 0.06666666666666667
0 0.29444444444444445 0.41388888888888886 0.10092592592592593 0.06666666666666667
0 0.41203703703703703 0.42685185185185187 0.09537037037037037 0.06666666666666667
1 0.5407407407407407 0.4287037037037037 0.10648148148148148 0.07407407407407407
2 0.022222222222222223 0.4351851851851852 0.03888888888888889 0.07777777777777778
1 0.700925925925926 0.4527777777777778 0.10925925925925926 0.0787037037037037
1 0.8537037037037037 0.4564814814814815 0.11018518518518519 0.08148148148148149
0 0.13333333333333333 0.5138888888888888 0.09907407407407408 0.075
0 0.26481481481481484 0.5185185185185185 0.09444444444444444 0.07222222222222222
0 0.4074074074074074 0.5314814814814814 0.09166666666666666 0.06759259259259259
1 0.5481481481481482 0.5916666666666667 0.10925925925925926 0.0824074074074074
1 0.7268518518518519 0.5935185185185186 0.10833333333333334 0.08518518518518518
1 0.9 0.6074074074074074 0.11481481481481481 0.09537037037037037
0 0.1 0.6527777777777778 0.11481481481481481 0.08148148148148149
0 0.24444444444444444 0.6555555555555556 0.10740740740740741 0.075
0 0.3925925925925926 0.6620370370370371 0.10462962962962963 0.08611111111111111
1 0.7314814814814815 0.7361111111111112 0.11666666666666667 0.09444444444444444
1 0.5518518518518518 0.7444444444444445 0.12314814814814815 0.09722222222222222
1 0.9148148148148149 0.7444444444444445 0.12685185185185185 0.10092592592592593
0 0.37407407407407406 0.7898148148148149 0.11481481481481481 0.09074074074074075
0 0.22962962962962963 0.7953703703703704 0.1175925925925926 0.10092592592592593
0 0.06018518518518518 0.7972222222222223 0.1175925925925926 0.09074074074074075