1 0.3111111111111111 0.7796296296296297 0.0962962962962963 0.06666666666666667
0 0.575925925925926 0.7787037037037037 0.08333333333333333 0.05277777777777778
1 0.43425925925925923 0.7787037037037037 0.10092592592592593 0.06666666666666667
0 0.6722222222222223 0.7768518518518519 0.08611111111111111 0.05740740740740741
1 0.18425925925925926 0.7722222222222223 0.09444444444444444 0.062037037037037036
2 0.9490740740740741 0.7666666666666667 0.09074074074074075 0.062037037037037036
0 0.7972222222222223 0.7657407407407407 0.08333333333333333 0.05648148148148148
1 0.42777777777777776 0.6990740740740741 0.10092592592592593 0.06666666666666667
1 0.31851851851851853 0.687037037037037 0.09722222222222222 0.06666666666666667
2 0.9518518518518518 0.6824074074074075 0.09074074074074075 0.06666666666666667
0 0.6916666666666667 0.6805555555555556 0.08981481481481482 0.05740740740740741
0 0.5768518518518518 0.6722222222222223 0.09074074074074075 0.06666666666666667
0 0.8138888888888889 0.6694444444444444 0.09074074074074075 0.06666666666666667
1 0.16666666666666666 0.6648148148148149 0.09722222222222222 0.06944444444444445
0 0.8361111111111111 0.5879629629629629 0.09537037037037037 0.06666666666666667
0 0.7055555555555556 0.5861111111111111 0.10092592592592593 0.06666666666666667
0 0.5879629629629629 0.5731481481481482 0.09537037037037037 0.06666666666666667
1 0.45925925925925926 0.5712962962962963 0.10648148148148148 0.07407407407407407
2 0.9777777777777777 0.5648148148148148 0.03888888888888889 0.07777777777777778
1 0.29907407407407405 0.5472222222222223 0.10925925925925926 0.0787037037037037
1 0.14629629629629629 0.5435185185185185 0.11018518518518519 0.08148148148148149
0 0.8666666666666667 0.4861111111111111 0.09907407407407408 0.075
0 0.7351851851851852 0.48148148148148145 0.09444444444444444 0.07222222222222222
0 0.5925925925925926 0.4685185185185185 0.09166666666666666 0.06759259259259259
1 0.45185185185185184 0.4083333333333333 0.10925925925925926 0.0824074074074074
1 0.27314814814814814 0.4064814814814815 0.10833333333333334 0.08518518518518518
1 0.1 0.3925925925925926 0.11481481481481481 0.09537037037037037
0 0.9 0.3472222222222222 0.11481481481481481 0.08148148148148149
0 0.7555555555555555 0.34444444444444444 0.10740740740740741 0.075
0 0.6074074074074074 0.33796296296296297 0.10462962962962963 0.08611111111111111
1 0.26851851851851855 0.2638888888888889 0.11666666666666667 0.09444444444444444
1 0.44814814814814813 0.25555555555555554 0.12314814814814815 0.09722222222222222
1 0.08518518518518518 0.25555555555555554 0.12685185185185185 0.10092592592592593
0 0.6259259259259259 0.2101851851851852 0.11481481481481481 0.09074074074074075
0 0.7703703703703704 0.20462962962962963 0.1175925925925926 0.10092592592592593
0 0.9398148148148148 0.20277777777777778 0.1175925925925926 0.09074074074074075