1 0.2222222222222222 0.6962962962962963 0.06944444444444445 0.10555555555555556
0 0.2175925925925926 0.4287037037037037 0.05462962962962963 0.09074074074074075
1 0.22037037037037038 0.5685185185185185 0.06944444444444445 0.10092592592592593
0 0.2175925925925926 0.3277777777777778 0.05925925925925926 0.08611111111111111
1 0.2324074074074074 0.825925925925926 0.07685185185185185 0.11296296296296296
2 0.2212962962962963 0.053703703703703705 0.06666666666666667 0.09814814814814815
0 0.22870370370370371 0.20462962962962963 0.05925925925925926 0.09074074074074075
1 0.29907407407407405 0.5740740740740741 0.06944444444444445 0.10092592592592593
1 0.3111111111111111 0.6861111111111111 0.07407407407407407 0.11296296296296296
2 0.30925925925925923 0.04814814814814815 0.07407407407407407 0.09166666666666666
0 0.3175925925925926 0.3101851851851852 0.05925925925925926 0.10092592592592593
0 0.32685185185185184 0.42314814814814816 0.06944444444444445 0.09074074074074075
0 0.32407407407407407 0.1824074074074074 0.0712962962962963 0.09351851851851851
1 0.3398148148148148 0.8398148148148148 0.08148148148148149 0.10740740740740741
0 0.4064814814814815 0.15833333333333333 0.06944444444444445 0.09537037037037037
0 0.4083333333333333 0.2898148148148148 0.06944444444444445 0.10092592592592593
0 0.42592592592592593 0.4083333333333333 0.06944444444444445 0.09537037037037037
1 0.4305555555555556 0.5416666666666666 0.08888888888888889 0.1175925925925926
2 0.4305555555555556 0.024074074074074074 0.08611111111111111 0.04722222222222222
1 0.4527777777777778 0.7027777777777777 0.09351851851851851 0.1175925925925926
1 0.46296296296296297 0.8555555555555555 0.08333333333333333 0.11296296296296296
0 0.5055555555555555 0.12777777777777777 0.08333333333333333 0.12222222222222222
0 0.5194444444444445 0.26481481481481484 0.0787037037037037 0.10277777777777777
0 0.5296296296296297 0.4046296296296296 0.07407407407407407 0.10740740740740741
1 0.5916666666666667 0.5462962962962963 0.08888888888888889 0.11296296296296296
1 0.5944444444444444 0.7268518518518519 0.09351851851851851 0.13148148148148148
1 0.6166666666666667 0.8981481481481481 0.09814814814814815 0.1175925925925926
0 0.6481481481481481 0.08981481481481482 0.08333333333333333 0.1175925925925926
0 0.6546296296296297 0.24444444444444444 0.08333333333333333 0.11296296296296296
0 0.6620370370370371 0.38796296296296295 0.08888888888888889 0.11296296296296296
1 0.7388888888888889 0.7287037037037037 0.10277777777777777 0.1361111111111111
1 0.7490740740740741 0.5407407407407407 0.10740740740740741 0.13148148148148148
1 0.75 0.9111111111111111 0.10277777777777777 0.13148148148148148
0 0.7907407407407407 0.3638888888888889 0.09351851851851851 0.1175925925925926
0 0.7935185185185185 0.22037037037037038 0.10277777777777777 0.12222222222222222
0 0.7935185185185185 0.053703703703703705 0.09537037037037037 0.10740740740740741