1 0.22037037037037038 0.6925925925925925 0.06666666666666667 0.10277777777777777
0 0.2212962962962963 0.42777777777777776 0.05277777777777778 0.09074074074074075
1 0.2212962962962963 0.5657407407407408 0.06666666666666667 0.10092592592592593
0 0.22314814814814815 0.3277777777777778 0.05740740740740741 0.08611111111111111
1 0.22685185185185186 0.8194444444444444 0.0712962962962963 0.11018518518518519
2 0.2324074074074074 0.05555555555555555 0.062037037037037036 0.09537037037037037
0 0.23425925925925925 0.20555555555555555 0.05740740740740741 0.09074074074074075
1 0.30092592592592593 0.5722222222222222 0.06666666666666667 0.10092592592592593
1 0.3101851851851852 0.6842592592592592 0.0712962962962963 0.10740740740740741
2 0.31851851851851853 0.05277777777777778 0.06944444444444445 0.10555555555555556
0 0.3212962962962963 0.31296296296296294 0.05740740740740741 0.09814814814814815
0 0.3277777777777778 0.42314814814814816 0.06666666666666667 0.09074074074074075
0 0.33055555555555555 0.18611111111111112 0.06666666666666667 0.09074074074074075
1 0.3351851851851852 0.8361111111111111 0.06666666666666667 0.09537037037037037
0 0.41203703703703703 0.1638888888888889 0.06666666666666667 0.09537037037037037
0 0.41388888888888886 0.29444444444444445 0.06666666666666667 0.10092592592592593
0 0.42685185185185187 0.41203703703703703 0.06666666666666667 0.09537037037037037
1 0.42777777777777776 0.5444444444444444 0.0787037037037037 0.1
2 0.43703703703703706 0.026851851851851852 0.08148148148148149 0.05277777777777778
1 0.45 0.7027777777777777 0.07685185185185185 0.10462962962962963
1 0.4564814814814815 0.8537037037037037 0.08148148148148149 0.11018518518518519
0 0.5138888888888888 0.1361111111111111 0.075 0.10462962962962963
0 0.5231481481481481 0.26944444444444443 0.07407407407407407 0.10092592592592593
0 0.5314814814814814 0.4083333333333333 0.0712962962962963 0.10555555555555556
1 0.5944444444444444 0.549074074074074 0.08148148148148149 0.10925925925925926
1 0.5916666666666667 0.7296296296296296 0.08703703703703704 0.11388888888888889
1 0.6092592592592593 0.9 0.09166666666666666 0.11481481481481481
0 0.6527777777777778 0.1 0.08148148148148149 0.11481481481481481
0 0.6583333333333333 0.25092592592592594 0.08148148148148149 0.10740740740740741
0 0.6620370370370371 0.39537037037037037 0.08611111111111111 0.11018518518518519
1 0.7379629629629629 0.7351851851851852 0.09814814814814815 0.12037037037037036
1 0.7444444444444445 0.5527777777777778 0.10555555555555556 0.1175925925925926
1 0.7444444444444445 0.9148148148148149 0.10092592592592593 0.12685185185185185
0 0.7898148148148149 0.37407407407407406 0.09074074074074075 0.11481481481481481
0 0.799074074074074 0.22962962962962963 0.09259259259259259 0.11481481481481481
0 0.7972222222222223 0.06018518518518518 0.09074074074074075 0.1175925925925926