1 0.34629629629629627 0.8111111111111111 0.11296296296296296 0.0787037037037037
0 0.6166666666666667 0.7824074074074074 0.10092592592592593 0.06481481481481481
1 0.4759259259259259 0.7972222222222223 0.11296296296296296 0.0787037037037037
0 0.7203703703703703 0.7694444444444445 0.09537037037037037 0.06944444444444445
1 0.21296296296296297 0.8175925925925925 0.12222222222222222 0.08611111111111111
2 0.9731481481481481 0.7333333333333333 0.05277777777777778 0.0712962962962963
0 0.8462962962962963 0.7444444444444445 0.10092592592592593 0.06944444444444445
1 0.4601851851851852 0.7166666666666667 0.11296296296296296 0.0787037037037037
1 0.3435185185185185 0.7203703703703703 0.1175925925925926 0.08611111111111111
2 0.9675925925925926 0.6416666666666667 0.06481481481481481 0.08148148148148149
0 0.725925925925926 0.6657407407407407 0.10555555555555556 0.06944444444444445
0 0.6101851851851852 0.6703703703703704 0.10277777777777777 0.0787037037037037
0 0.8546296296296296 0.6425925925925926 0.10277777777777777 0.0787037037037037
1 0.18518518518518517 0.7092592592592593 0.1175925925925926 0.09351851851851851
0 0.8694444444444445 0.5564814814814815 0.10740740740740741 0.0787037037037037
0 0.7342592592592593 0.5712962962962963 0.11296296296296296 0.0787037037037037
0 0.612037037037037 0.5685185185185185 0.10740740740740741 0.0787037037037037
1 0.4759259259259259 0.5824074074074074 0.11574074074074074 0.08703703703703704
2 0.987037037037037 0.5175925925925926 0.025925925925925925 0.08888888888888889
1 0.30648148148148147 0.575 0.11851851851851852 0.08333333333333333
1 0.1537037037037037 0.5861111111111111 0.12222222222222222 0.09537037037037037
0 0.8898148148148148 0.45185185185185184 0.12685185185185185 0.09537037037037037
0 0.7472222222222222 0.4546296296296296 0.11296296296296296 0.08611111111111111
0 0.6037037037037037 0.46111111111111114 0.1175925925925926 0.08611111111111111
1 0.45185185185185184 0.4148148148148148 0.12314814814814815 0.09722222222222222
1 0.2675925925925926 0.43148148148148147 0.1259259259259259 0.10092592592592593
1 0.08888888888888889 0.4361111111111111 0.125 0.09722222222222222
0 0.9101851851851852 0.30185185185185187 0.12685185185185185 0.09537037037037037
0 0.7527777777777778 0.3138888888888889 0.1175925925925926 0.09537037037037037
0 0.6037037037037037 0.32314814814814813 0.125 0.10277777777777777
1 0.24351851851851852 0.28703703703703703 0.1398148148148148 0.10833333333333334
1 0.43148148148148147 0.2574074074074074 0.13055555555555556 0.11296296296296296
1 0.06018518518518518 0.29444444444444445 0.12037037037037036 0.1037037037037037
0 0.6129629629629629 0.19074074074074074 0.12962962962962962 0.10740740740740741
0 0.7592592592592593 0.17037037037037037 0.12962962962962962 0.1175925925925926
0 0.9194444444444444 0.1527777777777778 0.10277777777777777 0.10277777777777777