1 0.3037037037037037 0.2222222222222222 0.10555555555555556 0.06944444444444445
0 0.5712962962962963 0.2175925925925926 0.09074074074074075 0.05462962962962963
1 0.43148148148148147 0.22037037037037038 0.10092592592592593 0.06944444444444445
0 0.6722222222222223 0.2175925925925926 0.08611111111111111 0.05925925925925926
1 0.17407407407407408 0.2324074074074074 0.11296296296296296 0.07685185185185185
2 0.9462962962962963 0.2212962962962963 0.09814814814814815 0.06666666666666667
0 0.7953703703703704 0.22870370370370371 0.09074074074074075 0.05925925925925926
1 0.42592592592592593 0.29907407407407405 0.10092592592592593 0.06944444444444445
1 0.3138888888888889 0.3111111111111111 0.11296296296296296 0.07407407407407407
2 0.9518518518518518 0.30925925925925923 0.09166666666666666 0.07407407407407407
0 0.6898148148148148 0.3175925925925926 0.10092592592592593 0.05925925925925926
0 0.5768518518518518 0.32685185185185184 0.09074074074074075 0.06944444444444445
0 0.8175925925925925 0.32407407407407407 0.09351851851851851 0.0712962962962963
1 0.16018518518518518 0.3398148148148148 0.10740740740740741 0.08148148148148149
0 0.8416666666666667 0.4064814814814815 0.09537037037037037 0.06944444444444445
0 0.7101851851851851 0.4083333333333333 0.10092592592592593 0.06944444444444445
0 0.5916666666666667 0.42592592592592593 0.09537037037037037 0.06944444444444445
1 0.4583333333333333 0.4305555555555556 0.1175925925925926 0.08888888888888889
2 0.975925925925926 0.4305555555555556 0.04722222222222222 0.08611111111111111
1 0.2972222222222222 0.4527777777777778 0.1175925925925926 0.09351851851851851
1 0.14444444444444443 0.46296296296296297 0.11296296296296296 0.08333333333333333
0 0.8722222222222222 0.5055555555555555 0.12222222222222222 0.08333333333333333
0 0.7351851851851852 0.5194444444444445 0.10277777777777777 0.0787037037037037
0 0.5953703703703703 0.5296296296296297 0.10740740740740741 0.07407407407407407
1 0.4537037037037037 0.5916666666666667 0.11296296296296296 0.08888888888888889
1 0.27314814814814814 0.5944444444444444 0.13148148148148148 0.09351851851851851
1 0.10185185185185185 0.6166666666666667 0.1175925925925926 0.09814814814814815
0 0.9101851851851852 0.6481481481481481 0.1175925925925926 0.08333333333333333
0 0.7555555555555555 0.6546296296296297 0.11296296296296296 0.08333333333333333
0 0.612037037037037 0.6620370370370371 0.11296296296296296 0.08888888888888889
1 0.2712962962962963 0.7388888888888889 0.1361111111111111 0.10277777777777777
1 0.45925925925925926 0.7490740740740741 0.13148148148148148 0.10740740740740741
1 0.08888888888888889 0.75 0.13148148148148148 0.10277777777777777
0 0.6361111111111111 0.7907407407407407 0.1175925925925926 0.09351851851851851
0 0.7796296296296297 0.7935185185185185 0.12222222222222222 0.10277777777777777
0 0.9462962962962963 0.7935185185185185 0.10740740740740741 0.09537037037037037