2 0.7907407407407407 0.2101851851851852 0.05740740740740741 0.09351851851851851
2 0.7833333333333333 0.38425925925925924 0.05740740740740741 0.08611111111111111
0 0.7787037037037037 0.8314814814814815 0.04722222222222222 0.06666666666666667
0 0.7787037037037037 0.7509259259259259 0.05277777777777778 0.07407407407407407
1 0.7768518518518519 0.9546296296296296 0.062037037037037036 0.08611111111111111
2 0.7694444444444445 0.5157407407407407 0.05277777777777778 0.0787037037037037
0 0.7694444444444445 0.6444444444444445 0.05277777777777778 0.07685185185185185
1 0.7055555555555556 0.9629629629629629 0.06481481481481481 0.06944444444444445
2 0.6944444444444444 0.21666666666666667 0.062037037037037036 0.09074074074074075
0 0.6888888888888889 0.7527777777777778 0.05462962962962963 0.07685185185185185
2 0.687037037037037 0.5287037037037037 0.05740740740740741 0.08148148148148149
0 0.6824074074074075 0.8537037037037037 0.04722222222222222 0.07685185185185185
2 0.6777777777777778 0.3675925925925926 0.062037037037037036 0.09537037037037037
0 0.6777777777777778 0.649074074074074 0.062037037037037036 0.08148148148148149
0 0.6055555555555555 0.7574074074074074 0.05740740740740741 0.08148148148148149
0 0.6055555555555555 0.6462962962962963 0.05740740740740741 0.07685185185185185
0 0.5935185185185186 0.8583333333333333 0.062037037037037036 0.08148148148148149
1 0.5879629629629629 0.9601851851851851 0.06944444444444445 0.07407407407407407
2 0.5842592592592593 0.21666666666666667 0.06666666666666667 0.10555555555555556
2 0.5814814814814815 0.5074074074074074 0.062037037037037036 0.09074074074074075
2 0.5777777777777777 0.3675925925925926 0.06944444444444445 0.09074074074074075
0 0.5166666666666667 0.6444444444444445 0.062037037037037036 0.08611111111111111
0 0.5120370370370371 0.7574074074074074 0.062037037037037036 0.08148148148148149
0 0.5 0.8777777777777778 0.062037037037037036 0.08148148148148149
2 0.4462962962962963 0.4925925925925926 0.06944444444444445 0.09537037037037037
2 0.43425925925925923 0.33611111111111114 0.0787037037037037 0.11018518518518519
2 0.4305555555555556 0.1814814814814815 0.07685185185185185 0.10277777777777777
0 0.3962962962962963 0.6462962962962963 0.06666666666666667 0.08611111111111111
0 0.39166666666666666 0.7666666666666667 0.06666666666666667 0.09074074074074075
0 0.38425925925925924 0.8916666666666667 0.0712962962962963 0.09074074074074075
2 0.30277777777777776 0.3537037037037037 0.08611111111111111 0.11481481481481481
2 0.29814814814814816 0.49907407407407406 0.08611111111111111 0.09814814814814815
2 0.2898148148148148 0.17314814814814813 0.08333333333333333 0.11944444444444445
0 0.2796296296296296 0.8925925925925926 0.07407407407407407 0.09814814814814815
0 0.27685185185185185 0.6444444444444445 0.07685185185185185 0.09074074074074075
0 0.2712962962962963 0.7861111111111111 0.07685185185185185 0.09537037037037037