2 0.2101851851851852 0.7935185185185185 0.09351851851851851 0.05740740740740741
2 0.38425925925925924 0.7861111111111111 0.08611111111111111 0.05740740740740741
0 0.8314814814814815 0.7814814814814814 0.06666666666666667 0.04722222222222222
0 0.7509259259259259 0.7787037037037037 0.07407407407407407 0.05277777777777778
1 0.9546296296296296 0.7787037037037037 0.08611111111111111 0.062037037037037036
2 0.5157407407407407 0.7712962962962963 0.0787037037037037 0.05277777777777778
0 0.6444444444444445 0.7694444444444445 0.07685185185185185 0.05277777777777778
1 0.9629629629629629 0.7083333333333334 0.06944444444444445 0.06481481481481481
2 0.21666666666666667 0.6972222222222222 0.09074074074074075 0.062037037037037036
0 0.7527777777777778 0.6888888888888889 0.07685185185185185 0.05462962962962963
2 0.5287037037037037 0.687037037037037 0.08148148148148149 0.05740740740740741
0 0.8537037037037037 0.6851851851851852 0.07685185185185185 0.04722222222222222
2 0.3675925925925926 0.6777777777777778 0.09537037037037037 0.062037037037037036
0 0.649074074074074 0.6777777777777778 0.08148148148148149 0.062037037037037036
0 0.7574074074074074 0.6083333333333333 0.08148148148148149 0.05740740740740741
0 0.6462962962962963 0.6055555555555555 0.07685185185185185 0.05740740740740741
0 0.8583333333333333 0.5935185185185186 0.08148148148148149 0.062037037037037036
1 0.9601851851851851 0.5898148148148148 0.07407407407407407 0.06944444444444445
2 0.21666666666666667 0.5861111111111111 0.10555555555555556 0.06666666666666667
2 0.5074074074074074 0.5842592592592593 0.09074074074074075 0.062037037037037036
2 0.3675925925925926 0.5805555555555556 0.09074074074074075 0.06944444444444445
0 0.6444444444444445 0.5166666666666667 0.08611111111111111 0.062037037037037036
0 0.7574074074074074 0.5120370370370371 0.08148148148148149 0.062037037037037036
0 0.8777777777777778 0.5 0.08148148148148149 0.062037037037037036
2 0.4925925925925926 0.4462962962962963 0.09537037037037037 0.06944444444444445
2 0.33611111111111114 0.43425925925925923 0.11018518518518519 0.0787037037037037
2 0.1814814814814815 0.4324074074074074 0.10277777777777777 0.07685185185185185
0 0.6462962962962963 0.3962962962962963 0.08611111111111111 0.06666666666666667
0 0.7666666666666667 0.39166666666666666 0.09074074074074075 0.06666666666666667
0 0.8916666666666667 0.387037037037037 0.09074074074074075 0.0712962962962963
2 0.3537037037037037 0.3055555555555556 0.11481481481481481 0.08611111111111111
2 0.49907407407407406 0.30092592592592593 0.09814814814814815 0.08611111111111111
2 0.17314814814814813 0.2898148148148148 0.11944444444444445 0.08333333333333333
0 0.8925925925925926 0.2824074074074074 0.09814814814814815 0.07407407407407407
0 0.6444444444444445 0.27870370370370373 0.09074074074074075 0.07685185185185185
0 0.7861111111111111 0.2712962962962963 0.09537037037037037 0.07685185185185185