2 0.21481481481481482 0.8481481481481481 0.10277777777777777 0.06944444444444445
2 0.39814814814814814 0.8240740740740741 0.09537037037037037 0.06944444444444445
0 0.8675925925925926 0.7787037037037037 0.07685185185185185 0.05740740740740741
0 0.7833333333333333 0.7861111111111111 0.08148148148148149 0.062037037037037036
1 0.975 0.7657407407407407 0.05 0.07407407407407407
2 0.5351851851851852 0.7972222222222223 0.08888888888888889 0.062037037037037036
0 0.6694444444444444 0.7861111111111111 0.08611111111111111 0.062037037037037036
1 0.9805555555555555 0.6898148148148148 0.03796296296296296 0.0712962962962963
2 0.21296296296296297 0.7472222222222222 0.10092592592592593 0.07407407407407407
0 0.7768518518518519 0.6907407407407408 0.08611111111111111 0.06481481481481481
2 0.5407407407407407 0.7101851851851851 0.09074074074074075 0.06944444444444445
0 0.8824074074074074 0.6759259259259259 0.08611111111111111 0.05740740740740741
2 0.3712962962962963 0.7148148148148148 0.10555555555555556 0.07685185185185185
0 0.6666666666666666 0.6888888888888889 0.09074074074074075 0.07407407407407407
0 0.774074074074074 0.6037037037037037 0.09074074074074075 0.06944444444444445
0 0.6574074074074074 0.6138888888888889 0.08611111111111111 0.06944444444444445
0 0.8787037037037037 0.5814814814814815 0.09074074074074075 0.07407407407407407
1 0.9722222222222222 0.5685185185185185 0.05462962962962963 0.0787037037037037
2 0.20277777777777778 0.6305555555555555 0.11481481481481481 0.08148148148148149
2 0.5083333333333333 0.600925925925926 0.10092592592592593 0.07407407407407407
2 0.362962962962963 0.6092592592592593 0.10092592592592593 0.0787037037037037
0 0.6462962962962963 0.5194444444444445 0.09537037037037037 0.07407407407407407
0 0.7657407407407407 0.5046296296296297 0.09074074074074075 0.07407407407407407
0 0.8907407407407407 0.4824074074074074 0.09074074074074075 0.07407407407407407
2 0.48055555555555557 0.45925925925925926 0.10555555555555556 0.08148148148148149
2 0.31574074074074077 0.46111111111111114 0.12222222222222222 0.09351851851851851
2 0.1527777777777778 0.47129629629629627 0.1175925925925926 0.09074074074074075
0 0.637962962962963 0.39444444444444443 0.09537037037037037 0.0787037037037037
0 0.7648148148148148 0.37777777777777777 0.10092592592592593 0.0787037037037037
0 0.8953703703703704 0.35833333333333334 0.10277777777777777 0.08333333333333333
2 0.32222222222222224 0.32222222222222224 0.12685185185185185 0.10092592592592593
2 0.475 0.30277777777777776 0.11296296296296296 0.10092592592592593
2 0.12962962962962962 0.32407407407407407 0.13425925925925927 0.09814814814814815
0 0.8870370370370371 0.24722222222222223 0.11296296296296296 0.08888888888888889
0 0.625 0.26666666666666666 0.10277777777777777 0.08888888888888889
0 0.774074074074074 0.2490740740740741 0.10740740740740741 0.09074074074074075