2 0.8481481481481481 0.7851851851851852 0.06944444444444445 0.10277777777777777
2 0.8240740740740741 0.6018518518518519 0.06944444444444445 0.09537037037037037
0 0.7787037037037037 0.13240740740740742 0.05740740740740741 0.07685185185185185
0 0.7861111111111111 0.21666666666666667 0.062037037037037036 0.08148148148148149
1 0.7657407407407407 0.025 0.07407407407407407 0.05
2 0.7972222222222223 0.4648148148148148 0.062037037037037036 0.08888888888888889
0 0.7861111111111111 0.33055555555555555 0.062037037037037036 0.08611111111111111
1 0.6898148148148148 0.019444444444444445 0.0712962962962963 0.03796296296296296
2 0.7472222222222222 0.7870370370370371 0.07407407407407407 0.10092592592592593
0 0.6907407407407408 0.22314814814814815 0.06481481481481481 0.08611111111111111
2 0.7101851851851851 0.45925925925925926 0.06944444444444445 0.09074074074074075
0 0.6759259259259259 0.1175925925925926 0.05740740740740741 0.08611111111111111
2 0.7148148148148148 0.6287037037037037 0.07685185185185185 0.10555555555555556
0 0.6888888888888889 0.3333333333333333 0.07407407407407407 0.09074074074074075
0 0.6037037037037037 0.22592592592592592 0.06944444444444445 0.09074074074074075
0 0.6138888888888889 0.3425925925925926 0.06944444444444445 0.08611111111111111
0 0.5814814814814815 0.12129629629629629 0.07407407407407407 0.09074074074074075
1 0.5685185185185185 0.027777777777777776 0.0787037037037037 0.05462962962962963
2 0.6305555555555555 0.7972222222222223 0.08148148148148149 0.11481481481481481
2 0.600925925925926 0.49166666666666664 0.07407407407407407 0.10092592592592593
2 0.6092592592592593 0.6370370370370371 0.0787037037037037 0.10092592592592593
0 0.5194444444444445 0.3537037037037037 0.07407407407407407 0.09537037037037037
0 0.5046296296296297 0.23425925925925925 0.07407407407407407 0.09074074074074075
0 0.4824074074074074 0.10925925925925926 0.07407407407407407 0.09074074074074075
2 0.45925925925925926 0.5194444444444445 0.08148148148148149 0.10555555555555556
2 0.46111111111111114 0.6842592592592592 0.09351851851851851 0.12222222222222222
2 0.47129629629629627 0.8472222222222222 0.09074074074074075 0.1175925925925926
0 0.39444444444444443 0.36203703703703705 0.0787037037037037 0.09537037037037037
0 0.37777777777777777 0.2351851851851852 0.0787037037037037 0.10092592592592593
0 0.35833333333333334 0.10462962962962963 0.08333333333333333 0.10277777777777777
2 0.32222222222222224 0.6777777777777778 0.10092592592592593 0.12685185185185185
2 0.30277777777777776 0.525 0.10092592592592593 0.11296296296296296
2 0.32407407407407407 0.8703703703703703 0.09814814814814815 0.13425925925925927
0 0.24722222222222223 0.11296296296296296 0.08888888888888889 0.11296296296296296
0 0.26666666666666666 0.375 0.08888888888888889 0.10277777777777777
0 0.2490740740740741 0.22592592592592592 0.09074074074074075 0.10740740740740741