2 0.10555555555555556 0.8629629629629629 0.06944444444444445 0.10555555555555556
2 0.11018518518518519 0.6648148148148149 0.06944444444444445 0.09814814814814815
0 0.10740740740740741 0.15185185185185185 0.05740740740740741 0.07685185185185185
0 0.10833333333333334 0.24444444444444444 0.06481481481481481 0.08611111111111111
1 0.10833333333333334 0.03333333333333333 0.0712962962962963 0.05462962962962963
2 0.12407407407407407 0.512962962962963 0.06481481481481481 0.09074074074074075
0 0.12129629629629629 0.36574074074074076 0.06481481481481481 0.08888888888888889
1 0.18888888888888888 0.021296296296296296 0.07407407407407407 0.03518518518518519
2 0.21666666666666667 0.8555555555555555 0.07407407407407407 0.10740740740740741
0 0.2111111111111111 0.2388888888888889 0.06481481481481481 0.08888888888888889
2 0.21851851851851853 0.4962962962962963 0.06944444444444445 0.09351851851851851
0 0.2175925925925926 0.12407407407407407 0.05740740740740741 0.08888888888888889
2 0.23333333333333334 0.6814814814814815 0.07407407407407407 0.11296296296296296
0 0.22685185185185186 0.35833333333333334 0.07407407407407407 0.09537037037037037
0 0.3074074074074074 0.23333333333333334 0.06944444444444445 0.09351851851851851
0 0.3101851851851852 0.3592592592592593 0.06944444444444445 0.08888888888888889
0 0.31851851851851853 0.11666666666666667 0.07407407407407407 0.09537037037037037
1 0.32407407407407407 0.021296296296296296 0.08148148148148149 0.040740740740740744
2 0.3425925925925926 0.8537037037037037 0.0787037037037037 0.12222222222222222
2 0.3398148148148148 0.5194444444444445 0.07407407407407407 0.10740740740740741
2 0.3472222222222222 0.6787037037037037 0.08333333333333333 0.10740740740740741
0 0.41203703703703703 0.36018518518518516 0.07407407407407407 0.10277777777777777
0 0.4148148148148148 0.23055555555555557 0.07407407407407407 0.09537037037037037
0 0.42685185185185187 0.09259259259259259 0.07407407407407407 0.09537037037037037
2 0.4962962962962963 0.5333333333333333 0.08333333333333333 0.11296296296296296
2 0.512962962962963 0.7129629629629629 0.09351851851851851 0.12962962962962962
2 0.5203703703703704 0.8907407407407407 0.09074074074074075 0.12222222222222222
0 0.5509259259259259 0.35462962962962963 0.0787037037037037 0.10277777777777777
0 0.5527777777777778 0.2175925925925926 0.0787037037037037 0.10740740740740741
0 0.5592592592592592 0.07314814814814814 0.08333333333333333 0.10740740740740741
2 0.6638888888888889 0.6907407407407408 0.10277777777777777 0.13425925925925927
2 0.6657407407407407 0.524074074074074 0.10277777777777777 0.11481481481481481
2 0.6824074074074075 0.8962962962962963 0.09814814814814815 0.14166666666666666
0 0.6787037037037037 0.06944444444444445 0.08888888888888889 0.11481481481481481
0 0.6888888888888889 0.35555555555555557 0.09074074074074075 0.10740740740740741
0 0.6907407407407408 0.1925925925925926 0.09074074074074075 0.11296296296296296