2 0.20925925925925926 0.7898148148148149 0.05740740740740741 0.09351851851851851
2 0.21666666666666667 0.6157407407407407 0.05740740740740741 0.08611111111111111
0 0.2212962962962963 0.1685185185185185 0.04722222222222222 0.06666666666666667
0 0.2212962962962963 0.2490740740740741 0.05277777777777778 0.07407407407407407
1 0.22314814814814815 0.04537037037037037 0.062037037037037036 0.08611111111111111
2 0.23055555555555557 0.4842592592592593 0.05277777777777778 0.0787037037037037
0 0.23055555555555557 0.35555555555555557 0.05277777777777778 0.07685185185185185
1 0.29444444444444445 0.037037037037037035 0.06481481481481481 0.06944444444444445
2 0.3055555555555556 0.7833333333333333 0.062037037037037036 0.09074074074074075
0 0.3111111111111111 0.24722222222222223 0.05462962962962963 0.07685185185185185
2 0.31296296296296294 0.47129629629629627 0.05740740740740741 0.08148148148148149
0 0.3175925925925926 0.14629629629629629 0.04722222222222222 0.07685185185185185
2 0.32222222222222224 0.6324074074074074 0.062037037037037036 0.09537037037037037
0 0.32222222222222224 0.3509259259259259 0.062037037037037036 0.08148148148148149
0 0.39444444444444443 0.24259259259259258 0.05740740740740741 0.08148148148148149
0 0.39444444444444443 0.3537037037037037 0.05740740740740741 0.07685185185185185
0 0.4064814814814815 0.14166666666666666 0.062037037037037036 0.08148148148148149
1 0.41203703703703703 0.03981481481481482 0.06944444444444445 0.07407407407407407
2 0.41574074074074074 0.7833333333333333 0.06666666666666667 0.10555555555555556
2 0.4185185185185185 0.4925925925925926 0.062037037037037036 0.09074074074074075
2 0.4222222222222222 0.6324074074074074 0.06944444444444445 0.09074074074074075
0 0.48333333333333334 0.35555555555555557 0.062037037037037036 0.08611111111111111
0 0.487962962962963 0.24259259259259258 0.062037037037037036 0.08148148148148149
0 0.5 0.12222222222222222 0.062037037037037036 0.08148148148148149
2 0.5537037037037037 0.5074074074074074 0.06944444444444445 0.09537037037037037
2 0.5657407407407408 0.6638888888888889 0.0787037037037037 0.11018518518518519
2 0.5694444444444444 0.8185185185185185 0.07685185185185185 0.10277777777777777
0 0.6037037037037037 0.3537037037037037 0.06666666666666667 0.08611111111111111
0 0.6083333333333333 0.23333333333333334 0.06666666666666667 0.09074074074074075
0 0.6157407407407407 0.10833333333333334 0.0712962962962963 0.09074074074074075
2 0.6972222222222222 0.6462962962962963 0.08611111111111111 0.11481481481481481
2 0.7018518518518518 0.5009259259259259 0.08611111111111111 0.09814814814814815
2 0.7101851851851851 0.8268518518518518 0.08333333333333333 0.11944444444444445
0 0.7203703703703703 0.10740740740740741 0.07407407407407407 0.09814814814814815
0 0.7231481481481481 0.35555555555555557 0.07685185185185185 0.09074074074074075
0 0.7287037037037037 0.21388888888888888 0.07685185185185185 0.09537037037037037