1 0.18611111111111112 0.42407407407407405 0.0787037037037037 0.11296296296296296
1 0.20833333333333334 0.32592592592592595 0.07407407407407407 0.09537037037037037
2 0.2175925925925926 0.5777777777777777 0.07407407407407407 0.09537037037037037
0 0.23055555555555557 0.49074074074074076 0.06944444444444445 0.09074074074074075
2 0.24166666666666667 0.6805555555555556 0.06944444444444445 0.09537037037037037
1 0.25462962962962965 0.39166666666666666 0.07407407407407407 0.10277777777777777
1 0.275 0.2796296296296296 0.07407407407407407 0.10740740740740741
2 0.2935185185185185 0.5685185185185185 0.0712962962962963 0.09351851851851851
0 0.3055555555555556 0.7509259259259259 0.05925925925925926 0.08611111111111111
2 0.3074074074074074 0.6620370370370371 0.07407407407407407 0.09351851851851851
2 0.3138888888888889 0.45185185185185184 0.06944444444444445 0.08888888888888889
1 0.3138888888888889 0.18703703703703703 0.0787037037037037 0.10555555555555556
1 0.3277777777777778 0.3537037037037037 0.08148148148148149 0.10277777777777777
2 0.3435185185185185 0.8240740740740741 0.0712962962962963 0.10092592592592593
2 0.36018518518518516 0.600925925925926 0.0712962962962963 0.10092592592592593
0 0.3638888888888889 0.7185185185185186 0.07407407407407407 0.09351851851851851
0 0.362962962962963 0.5111111111111111 0.07407407407407407 0.09074074074074075
1 0.36203703703703705 0.26481481481481484 0.0787037037037037 0.10740740740740741
2 0.38981481481481484 0.3990740740740741 0.06666666666666667 0.09074074074074075
0 0.39537037037037037 0.1787037037037037 0.06944444444444445 0.08611111111111111
0 0.4101851851851852 0.7870370370370371 0.06666666666666667 0.09537037037037037
2 0.41388888888888886 0.887962962962963 0.07407407407407407 0.10740740740740741
0 0.4222222222222222 0.6324074074074074 0.06666666666666667 0.08888888888888889
1 0.42407407407407405 0.3194444444444444 0.08333333333333333 0.11018518518518519
0 0.43425925925925923 0.549074074074074 0.07407407407407407 0.09351851851851851
2 0.44907407407407407 0.7203703703703703 0.0712962962962963 0.09814814814814815
1 0.44351851851851853 0.4564814814814815 0.0787037037037037 0.11018518518518519
1 0.4648148148148148 0.16111111111111112 0.08333333333333333 0.11296296296296296
0 0.4842592592592593 0.25925925925925924 0.07407407407407407 0.09351851851851851
0 0.49074074074074076 0.3537037037037037 0.06944444444444445 0.08611111111111111
1 0.5055555555555555 0.5324074074074074 0.08611111111111111 0.11018518518518519
2 0.5175925925925926 0.4351851851851852 0.0787037037037037 0.09814814814814815
2 0.524074074074074 0.7092592592592593 0.07685185185185185 0.10277777777777777
0 0.5277777777777778 0.8333333333333334 0.0787037037037037 0.10092592592592593
0 0.5361111111111111 0.6194444444444445 0.07407407407407407 0.08888888888888889
1 0.5398148148148149 0.1287037037037037 0.08888888888888889 0.1175925925925926
1 0.5574074074074075 0.3101851851851852 0.08148148148148149 0.11018518518518519
1 0.5888888888888889 0.5527777777777778 0.08611111111111111 0.11018518518518519
1 0.5935185185185186 0.4462962962962963 0.09074074074074075 0.1175925925925926
2 0.6074074074074074 0.7055555555555556 0.0787037037037037 0.10555555555555556
1 0.6138888888888889 0.2351851851851852 0.08611111111111111 0.11296296296296296
2 0.6277777777777778 0.8027777777777778 0.08333333333333333 0.10277777777777777
0 0.6277777777777778 0.3333333333333333 0.07407407407407407 0.09074074074074075
2 0.6722222222222223 0.5453703703703704 0.0787037037037037 0.10277777777777777
0 0.6703703703703704 0.4546296296296296 0.07685185185185185 0.09814814814814815
0 0.6851851851851852 0.6407407407407407 0.07407407407407407 0.10277777777777777
0 0.6972222222222222 0.36666666666666664 0.07407407407407407 0.09351851851851851
0 0.7462962962962963 0.44351851851851853 0.08333333333333333 0.10092592592592593