1 0.42407407407407405 0.8138888888888889 0.11296296296296296 0.0787037037037037
1 0.32592592592592595 0.7916666666666666 0.09537037037037037 0.07407407407407407
2 0.5777777777777777 0.7824074074074074 0.09537037037037037 0.07407407407407407
0 0.49074074074074076 0.7694444444444445 0.09074074074074075 0.06944444444444445
2 0.6805555555555556 0.7583333333333333 0.09537037037037037 0.06944444444444445
1 0.39166666666666666 0.7453703703703703 0.10277777777777777 0.07407407407407407
1 0.2796296296296296 0.725 0.10740740740740741 0.07407407407407407
2 0.5685185185185185 0.7064814814814815 0.09351851851851851 0.0712962962962963
0 0.7509259259259259 0.6944444444444444 0.08611111111111111 0.05925925925925926
2 0.6620370370370371 0.6925925925925925 0.09351851851851851 0.07407407407407407
2 0.45185185185185184 0.6861111111111111 0.08888888888888889 0.06944444444444445
1 0.18703703703703703 0.6861111111111111 0.10555555555555556 0.0787037037037037
1 0.3537037037037037 0.6722222222222223 0.10277777777777777 0.08148148148148149
2 0.8240740740740741 0.6564814814814814 0.10092592592592593 0.0712962962962963
2 0.600925925925926 0.6398148148148148 0.10092592592592593 0.0712962962962963
0 0.7185185185185186 0.6361111111111111 0.09351851851851851 0.07407407407407407
0 0.5111111111111111 0.6370370370370371 0.09074074074074075 0.07407407407407407
1 0.26481481481481484 0.637962962962963 0.10740740740740741 0.0787037037037037
2 0.3990740740740741 0.6101851851851852 0.09074074074074075 0.06666666666666667
0 0.1787037037037037 0.6046296296296296 0.08611111111111111 0.06944444444444445
0 0.7870370370370371 0.5898148148148148 0.09537037037037037 0.06666666666666667
2 0.887962962962963 0.5861111111111111 0.10740740740740741 0.07407407407407407
0 0.6324074074074074 0.5777777777777777 0.08888888888888889 0.06666666666666667
1 0.3194444444444444 0.575925925925926 0.11018518518518519 0.08333333333333333
0 0.549074074074074 0.5657407407407408 0.09351851851851851 0.07407407407407407
2 0.7203703703703703 0.5509259259259259 0.09814814814814815 0.0712962962962963
1 0.4564814814814815 0.5564814814814815 0.11018518518518519 0.0787037037037037
1 0.16111111111111112 0.5351851851851852 0.11296296296296296 0.08333333333333333
0 0.25925925925925924 0.5157407407407407 0.09351851851851851 0.07407407407407407
0 0.3537037037037037 0.5092592592592593 0.08611111111111111 0.06944444444444445
1 0.5324074074074074 0.49444444444444446 0.11018518518518519 0.08611111111111111
2 0.4351851851851852 0.4824074074074074 0.09814814814814815 0.0787037037037037
2 0.7092592592592593 0.4759259259259259 0.10277777777777777 0.07685185185185185
0 0.8333333333333334 0.4722222222222222 0.10092592592592593 0.0787037037037037
0 0.6194444444444445 0.4638888888888889 0.08888888888888889 0.07407407407407407
1 0.1287037037037037 0.4601851851851852 0.1175925925925926 0.08888888888888889
1 0.3101851851851852 0.4425925925925926 0.11018518518518519 0.08148148148148149
1 0.5527777777777778 0.4111111111111111 0.11018518518518519 0.08611111111111111
1 0.4462962962962963 0.4064814814814815 0.1175925925925926 0.09074074074074075
2 0.7055555555555556 0.3925925925925926 0.10555555555555556 0.0787037037037037
1 0.2351851851851852 0.3861111111111111 0.11296296296296296 0.08611111111111111
2 0.8027777777777778 0.37222222222222223 0.10277777777777777 0.08333333333333333
0 0.3333333333333333 0.37222222222222223 0.09074074074074075 0.07407407407407407
2 0.5453703703703704 0.3277777777777778 0.10277777777777777 0.0787037037037037
0 0.4546296296296296 0.3296296296296296 0.09814814814814815 0.07685185185185185
0 0.6407407407407407 0.3148148148148148 0.10277777777777777 0.07407407407407407
0 0.36666666666666664 0.30277777777777776 0.09351851851851851 0.07407407407407407
0 0.44351851851851853 0.2537037037037037 0.10092592592592593 0.08333333333333333