1 0.575925925925926 0.18611111111111112 0.11296296296296296 0.0787037037037037
1 0.674074074074074 0.20833333333333334 0.09537037037037037 0.07407407407407407
2 0.4222222222222222 0.2175925925925926 0.09537037037037037 0.07407407407407407
0 0.5092592592592593 0.23055555555555557 0.09074074074074075 0.06944444444444445
2 0.3194444444444444 0.24166666666666667 0.09537037037037037 0.06944444444444445
1 0.6083333333333333 0.25462962962962965 0.10277777777777777 0.07407407407407407
1 0.7203703703703703 0.275 0.10740740740740741 0.07407407407407407
2 0.43148148148148147 0.2935185185185185 0.09351851851851851 0.0712962962962963
0 0.2490740740740741 0.3055555555555556 0.08611111111111111 0.05925925925925926
2 0.33796296296296297 0.3074074074074074 0.09351851851851851 0.07407407407407407
2 0.5481481481481482 0.3138888888888889 0.08888888888888889 0.06944444444444445
1 0.812962962962963 0.3138888888888889 0.10555555555555556 0.0787037037037037
1 0.6462962962962963 0.3277777777777778 0.10277777777777777 0.08148148148148149
2 0.17592592592592593 0.3435185185185185 0.10092592592592593 0.0712962962962963
2 0.3990740740740741 0.36018518518518516 0.10092592592592593 0.0712962962962963
0 0.2814814814814815 0.3638888888888889 0.09351851851851851 0.07407407407407407
0 0.4888888888888889 0.362962962962963 0.09074074074074075 0.07407407407407407
1 0.7351851851851852 0.36203703703703705 0.10740740740740741 0.0787037037037037
2 0.600925925925926 0.38981481481481484 0.09074074074074075 0.06666666666666667
0 0.8212962962962963 0.39537037037037037 0.08611111111111111 0.06944444444444445
0 0.21296296296296297 0.4101851851851852 0.09537037037037037 0.06666666666666667
2 0.11203703703703703 0.41388888888888886 0.10740740740740741 0.07407407407407407
0 0.3675925925925926 0.4222222222222222 0.08888888888888889 0.06666666666666667
1 0.6805555555555556 0.42407407407407405 0.11018518518518519 0.08333333333333333
0 0.45092592592592595 0.43425925925925923 0.09351851851851851 0.07407407407407407
2 0.2796296296296296 0.44907407407407407 0.09814814814814815 0.0712962962962963
1 0.5435185185185185 0.44351851851851853 0.11018518518518519 0.0787037037037037
1 0.8388888888888889 0.4648148148148148 0.11296296296296296 0.08333333333333333
0 0.7407407407407407 0.4842592592592593 0.09351851851851851 0.07407407407407407
0 0.6462962962962963 0.49074074074074076 0.08611111111111111 0.06944444444444445
1 0.4675925925925926 0.5055555555555555 0.11018518518518519 0.08611111111111111
2 0.5648148148148148 0.5175925925925926 0.09814814814814815 0.0787037037037037
2 0.29074074074074074 0.524074074074074 0.10277777777777777 0.07685185185185185
0 0.16666666666666666 0.5277777777777778 0.10092592592592593 0.0787037037037037
0 0.38055555555555554 0.5361111111111111 0.08888888888888889 0.07407407407407407
1 0.8712962962962963 0.5398148148148149 0.1175925925925926 0.08888888888888889
1 0.6898148148148148 0.5574074074074075 0.11018518518518519 0.08148148148148149
1 0.44722222222222224 0.5888888888888889 0.11018518518518519 0.08611111111111111
1 0.5537037037037037 0.5935185185185186 0.1175925925925926 0.09074074074074075
2 0.29444444444444445 0.6074074074074074 0.10555555555555556 0.0787037037037037
1 0.7648148148148148 0.6138888888888889 0.11296296296296296 0.08611111111111111
2 0.19722222222222222 0.6277777777777778 0.10277777777777777 0.08333333333333333
0 0.6666666666666666 0.6277777777777778 0.09074074074074075 0.07407407407407407
2 0.4546296296296296 0.6722222222222223 0.10277777777777777 0.0787037037037037
0 0.5453703703703704 0.6703703703703704 0.09814814814814815 0.07685185185185185
0 0.3592592592592593 0.6851851851851852 0.10277777777777777 0.07407407407407407
0 0.6333333333333333 0.6972222222222222 0.09351851851851851 0.07407407407407407
0 0.5564814814814815 0.7462962962962963 0.10092592592592593 0.08333333333333333