1 0.812962962962963 0.5814814814814815 0.07685185185185185 0.11018518518518519
0 0.7861111111111111 0.6787037037037037 0.062037037037037036 0.08518518518518518
2 0.7833333333333333 0.42685185185185187 0.0712962962962963 0.09351851851851851
0 0.7694444444444445 0.5148148148148148 0.06666666666666667 0.09074074074074075
2 0.7620370370370371 0.32407407407407407 0.06666666666666667 0.09537037037037037
1 0.7425925925925926 0.6129629629629629 0.0712962962962963 0.10092592592592593
1 0.7212962962962963 0.7231481481481481 0.0712962962962963 0.10555555555555556
2 0.7083333333333334 0.4351851851851852 0.06944444444444445 0.09074074074074075
0 0.6990740740740741 0.25277777777777777 0.05740740740740741 0.08611111111111111
2 0.6944444444444444 0.3416666666666667 0.0712962962962963 0.09074074074074075
2 0.6851851851851852 0.5518518518518518 0.06666666666666667 0.08888888888888889
1 0.6805555555555556 0.8157407407407408 0.07685185185185185 0.10277777777777777
1 0.6694444444444444 0.649074074074074 0.0787037037037037 0.10092592592592593
2 0.6620370370370371 0.17777777777777778 0.06944444444444445 0.10092592592592593
2 0.6407407407407407 0.40185185185185185 0.06944444444444445 0.10092592592592593
0 0.6398148148148148 0.2833333333333333 0.0712962962962963 0.09074074074074075
0 0.6370370370370371 0.49166666666666664 0.0712962962962963 0.08888888888888889
1 0.6342592592592593 0.7379629629629629 0.07685185185185185 0.10555555555555556
2 0.6092592592592593 0.6037037037037037 0.06481481481481481 0.09074074074074075
0 0.5981481481481481 0.8222222222222222 0.06666666666666667 0.08611111111111111
0 0.5953703703703703 0.21388888888888888 0.06481481481481481 0.09537037037037037
2 0.5935185185185186 0.11296296296296296 0.0712962962962963 0.10555555555555556
0 0.5805555555555556 0.36944444444444446 0.06481481481481481 0.08888888888888889
1 0.5722222222222222 0.6814814814814815 0.08148148148148149 0.10740740740740741
0 0.5675925925925925 0.45185185185185184 0.0712962962962963 0.09074074074074075
2 0.5537037037037037 0.2814814814814815 0.06944444444444445 0.09537037037037037
1 0.5555555555555556 0.5444444444444444 0.07685185185185185 0.10740740740740741
1 0.5287037037037037 0.8388888888888889 0.08148148148148149 0.11018518518518519
0 0.5120370370370371 0.7407407407407407 0.0712962962962963 0.09074074074074075
0 0.5074074074074074 0.6462962962962963 0.06666666666666667 0.08611111111111111
1 0.49444444444444446 0.4675925925925926 0.08333333333333333 0.10740740740740741
2 0.48055555555555557 0.5648148148148148 0.07685185185185185 0.09537037037037037
2 0.47962962962962963 0.29074074074074074 0.07407407407407407 0.10092592592592593
0 0.4787037037037037 0.16666666666666666 0.07685185185185185 0.09814814814814815
0 0.4666666666666667 0.37962962962962965 0.0712962962962963 0.08611111111111111
1 0.4546296296296296 0.8703703703703703 0.08611111111111111 0.11481481481481481
1 0.4388888888888889 0.6888888888888889 0.0787037037037037 0.10740740740740741
1 0.41203703703703703 0.4462962962962963 0.08333333333333333 0.10740740740740741
1 0.4046296296296296 0.5527777777777778 0.08888888888888889 0.11481481481481481
2 0.3962962962962963 0.2916666666666667 0.07685185185185185 0.10277777777777777
1 0.38055555555555554 0.7620370370370371 0.08333333333333333 0.11018518518518519
2 0.37777777777777777 0.19444444444444445 0.08148148148148149 0.10092592592592593
0 0.37037037037037035 0.6648148148148149 0.0712962962962963 0.08888888888888889
2 0.3296296296296296 0.45185185185185184 0.07685185185185185 0.10092592592592593
0 0.3277777777777778 0.5435185185185185 0.07407407407407407 0.09537037037037037
0 0.3175925925925926 0.35555555555555557 0.0712962962962963 0.10092592592592593
0 0.30092592592592593 0.6296296296296297 0.0712962962962963 0.09074074074074075
0 0.25277777777777777 0.5518518518518518 0.08148148148148149 0.09814814814814815