1 0.18703703703703703 0.4185185185185185 0.07685185185185185 0.11018518518518519
0 0.21388888888888888 0.3212962962962963 0.062037037037037036 0.08518518518518518
2 0.21666666666666667 0.5731481481481482 0.0712962962962963 0.09351851851851851
0 0.23055555555555557 0.48518518518518516 0.06666666666666667 0.09074074074074075
2 0.23796296296296296 0.6759259259259259 0.06666666666666667 0.09537037037037037
1 0.2574074074074074 0.387037037037037 0.0712962962962963 0.10092592592592593
1 0.27870370370370373 0.27685185185185185 0.0712962962962963 0.10555555555555556
2 0.2916666666666667 0.5648148148148148 0.06944444444444445 0.09074074074074075
0 0.30092592592592593 0.7472222222222222 0.05740740740740741 0.08611111111111111
2 0.3055555555555556 0.6583333333333333 0.0712962962962963 0.09074074074074075
2 0.3148148148148148 0.44814814814814813 0.06666666666666667 0.08888888888888889
1 0.3194444444444444 0.18425925925925926 0.07685185185185185 0.10277777777777777
1 0.33055555555555555 0.3509259259259259 0.0787037037037037 0.10092592592592593
2 0.33796296296296297 0.8222222222222222 0.06944444444444445 0.10092592592592593
2 0.3592592592592593 0.5981481481481481 0.06944444444444445 0.10092592592592593
0 0.36018518518518516 0.7166666666666667 0.0712962962962963 0.09074074074074075
0 0.362962962962963 0.5083333333333333 0.0712962962962963 0.08888888888888889
1 0.36574074074074076 0.262037037037037 0.07685185185185185 0.10555555555555556
2 0.3907407407407407 0.3962962962962963 0.06481481481481481 0.09074074074074075
0 0.40185185185185185 0.17777777777777778 0.06666666666666667 0.08611111111111111
0 0.4046296296296296 0.7861111111111111 0.06481481481481481 0.09537037037037037
2 0.4064814814814815 0.8870370370370371 0.0712962962962963 0.10555555555555556
0 0.41944444444444445 0.6305555555555555 0.06481481481481481 0.08888888888888889
1 0.42777777777777776 0.31851851851851853 0.08148148148148149 0.10740740740740741
0 0.4324074074074074 0.5481481481481482 0.0712962962962963 0.09074074074074075
2 0.4462962962962963 0.7185185185185186 0.06944444444444445 0.09537037037037037
1 0.4444444444444444 0.45555555555555555 0.07685185185185185 0.10740740740740741
1 0.47129629629629627 0.16111111111111112 0.08148148148148149 0.11018518518518519
0 0.487962962962963 0.25925925925925924 0.0712962962962963 0.09074074074074075
0 0.4925925925925926 0.3537037037037037 0.06666666666666667 0.08611111111111111
1 0.5055555555555555 0.5324074074074074 0.08333333333333333 0.10740740740740741
2 0.5194444444444445 0.4351851851851852 0.07685185185185185 0.09537037037037037
2 0.5203703703703704 0.7092592592592593 0.07407407407407407 0.10092592592592593
0 0.5212962962962963 0.8333333333333334 0.07685185185185185 0.09814814814814815
0 0.5333333333333333 0.6203703703703703 0.0712962962962963 0.08611111111111111
1 0.5453703703703704 0.12962962962962962 0.08611111111111111 0.11481481481481481
1 0.5611111111111111 0.3111111111111111 0.0787037037037037 0.10740740740740741
1 0.5879629629629629 0.5537037037037037 0.08333333333333333 0.10740740740740741
1 0.5953703703703703 0.44722222222222224 0.08888888888888889 0.11481481481481481
2 0.6037037037037037 0.7083333333333334 0.07685185185185185 0.10277777777777777
1 0.6194444444444445 0.23796296296296296 0.08333333333333333 0.11018518518518519
2 0.6222222222222222 0.8055555555555556 0.08148148148148149 0.10092592592592593
0 0.6296296296296297 0.3351851851851852 0.0712962962962963 0.08888888888888889
2 0.6703703703703704 0.5481481481481482 0.07685185185185185 0.10092592592592593
0 0.6722222222222223 0.4564814814814815 0.07407407407407407 0.09537037037037037
0 0.6824074074074075 0.6444444444444445 0.0712962962962963 0.10092592592592593
0 0.6990740740740741 0.37037037037037035 0.0712962962962963 0.09074074074074075
0 0.7472222222222222 0.44814814814814813 0.08148148148148149 0.09814814814814815