1 0.4185185185185185 0.812962962962963 0.11018518518518519 0.07685185185185185
0 0.3212962962962963 0.7861111111111111 0.08518518518518518 0.062037037037037036
2 0.5731481481481482 0.7833333333333333 0.09351851851851851 0.0712962962962963
0 0.48518518518518516 0.7694444444444445 0.09074074074074075 0.06666666666666667
2 0.6759259259259259 0.7620370370370371 0.09537037037037037 0.06666666666666667
1 0.387037037037037 0.7425925925925926 0.10092592592592593 0.0712962962962963
1 0.27685185185185185 0.7212962962962963 0.10555555555555556 0.0712962962962963
2 0.5648148148148148 0.7083333333333334 0.09074074074074075 0.06944444444444445
0 0.7472222222222222 0.6990740740740741 0.08611111111111111 0.05740740740740741
2 0.6583333333333333 0.6944444444444444 0.09074074074074075 0.0712962962962963
2 0.44814814814814813 0.6851851851851852 0.08888888888888889 0.06666666666666667
1 0.18425925925925926 0.6805555555555556 0.10277777777777777 0.07685185185185185
1 0.3509259259259259 0.6694444444444444 0.10092592592592593 0.0787037037037037
2 0.8222222222222222 0.6620370370370371 0.10092592592592593 0.06944444444444445
2 0.5981481481481481 0.6407407407407407 0.10092592592592593 0.06944444444444445
0 0.7166666666666667 0.6398148148148148 0.09074074074074075 0.0712962962962963
0 0.5083333333333333 0.6370370370370371 0.08888888888888889 0.0712962962962963
1 0.262037037037037 0.6342592592592593 0.10555555555555556 0.07685185185185185
2 0.3962962962962963 0.6092592592592593 0.09074074074074075 0.06481481481481481
0 0.17777777777777778 0.5981481481481481 0.08611111111111111 0.06666666666666667
0 0.7861111111111111 0.5953703703703703 0.09537037037037037 0.06481481481481481
2 0.8870370370370371 0.5935185185185186 0.10555555555555556 0.0712962962962963
0 0.6305555555555555 0.5805555555555556 0.08888888888888889 0.06481481481481481
1 0.31851851851851853 0.5722222222222222 0.10740740740740741 0.08148148148148149
0 0.5481481481481482 0.5675925925925925 0.09074074074074075 0.0712962962962963
2 0.7185185185185186 0.5537037037037037 0.09537037037037037 0.06944444444444445
1 0.45555555555555555 0.5555555555555556 0.10740740740740741 0.07685185185185185
1 0.16111111111111112 0.5287037037037037 0.11018518518518519 0.08148148148148149
0 0.25925925925925924 0.5120370370370371 0.09074074074074075 0.0712962962962963
0 0.3537037037037037 0.5074074074074074 0.08611111111111111 0.06666666666666667
1 0.5324074074074074 0.49444444444444446 0.10740740740740741 0.08333333333333333
2 0.4351851851851852 0.48055555555555557 0.09537037037037037 0.07685185185185185
2 0.7092592592592593 0.47962962962962963 0.10092592592592593 0.07407407407407407
0 0.8333333333333334 0.4787037037037037 0.09814814814814815 0.07685185185185185
0 0.6203703703703703 0.4666666666666667 0.08611111111111111 0.0712962962962963
1 0.12962962962962962 0.4546296296296296 0.11481481481481481 0.08611111111111111
1 0.3111111111111111 0.4388888888888889 0.10740740740740741 0.0787037037037037
1 0.5537037037037037 0.41203703703703703 0.10740740740740741 0.08333333333333333
1 0.44722222222222224 0.4046296296296296 0.11481481481481481 0.08888888888888889
2 0.7083333333333334 0.3962962962962963 0.10277777777777777 0.07685185185185185
1 0.23796296296296296 0.38055555555555554 0.11018518518518519 0.08333333333333333
2 0.8055555555555556 0.37777777777777777 0.10092592592592593 0.08148148148148149
0 0.3351851851851852 0.37037037037037035 0.08888888888888889 0.0712962962962963
2 0.5481481481481482 0.3296296296296296 0.10092592592592593 0.07685185185185185
0 0.4564814814814815 0.3277777777777778 0.09537037037037037 0.07407407407407407
0 0.6444444444444445 0.3175925925925926 0.10092592592592593 0.0712962962962963
0 0.37037037037037035 0.30092592592592593 0.09074074074074075 0.0712962962962963
0 0.44814814814814813 0.25277777777777777 0.09814814814814815 0.08148148148148149