1 0.49166666666666664 0.8351851851851851 0.125 0.09814814814814815
0 0.6018518518518519 0.8222222222222222 0.10277777777777777 0.0787037037037037
2 0.32314814814814813 0.7796296296296297 0.11481481481481481 0.09351851851851851
0 0.4203703703703704 0.774074074074074 0.11944444444444445 0.09351851851851851
2 0.21296296296296297 0.7351851851851852 0.1175925925925926 0.08611111111111111
1 0.5407407407407407 0.7611111111111111 0.125 0.09814814814814815
1 0.6685185185185185 0.7537037037037037 0.12685185185185185 0.09351851851851851
2 0.3398148148148148 0.6935185185185185 0.11481481481481481 0.09351851851851851
1 0.7796296296296297 0.7231481481481481 0.1388888888888889 0.11018518518518519
0 0.14444444444444443 0.6574074074074074 0.10555555555555556 0.08611111111111111
2 0.24074074074074073 0.6620370370370371 0.11018518518518519 0.09074074074074075
2 0.47962962962962963 0.6861111111111111 0.11296296296296296 0.08333333333333333
1 0.5898148148148148 0.687037037037037 0.13148148148148148 0.10277777777777777
2 0.06759259259259259 0.6 0.125 0.09074074074074075
1 0.6972222222222222 0.6574074074074074 0.12962962962962962 0.10740740740740741
0 0.42314814814814816 0.6240740740740741 0.11296296296296296 0.09074074074074075
2 0.3194444444444444 0.612037037037037 0.12685185185185185 0.09351851851851851
0 0.19074074074074074 0.5888888888888889 0.11296296296296296 0.09074074074074075
2 0.5435185185185185 0.612037037037037 0.10555555555555556 0.09074074074074075
0 0.8018518518518518 0.6277777777777778 0.11296296296296296 0.08888888888888889
0 0.11574074074074074 0.5351851851851852 0.10555555555555556 0.08333333333333333
2 0.03333333333333333 0.5175925925925926 0.06666666666666667 0.08888888888888889
1 0.6462962962962963 0.5768518518518518 0.12962962962962962 0.10740740740740741
0 0.2851851851851852 0.5333333333333333 0.11296296296296296 0.09074074074074075
0 0.38796296296296295 0.5314814814814814 0.11296296296296296 0.09074074074074075
1 0.49444444444444446 0.5370370370370371 0.125 0.09814814814814815
2 0.20092592592592592 0.49537037037037035 0.125 0.09814814814814815
1 0.8296296296296296 0.5592592592592592 0.13148148148148148 0.10277777777777777
0 0.725925925925926 0.5166666666666667 0.1175925925925926 0.09537037037037037
0 0.6194444444444445 0.5 0.10277777777777777 0.08611111111111111
1 0.4185185185185185 0.4564814814814815 0.12685185185185185 0.10277777777777777
2 0.5324074074074074 0.4583333333333333 0.125 0.09814814814814815
2 0.2212962962962963 0.4185185185185185 0.125 0.09537037037037037
0 0.08796296296296297 0.39537037037037037 0.11296296296296296 0.09074074074074075
1 0.8787037037037037 0.4722222222222222 0.14351851851851852 0.11018518518518519
0 0.32685185185185184 0.4101851851851852 0.11296296296296296 0.09074074074074075
1 0.6768518518518518 0.4305555555555556 0.13148148148148148 0.10277777777777777
1 0.5324074074074074 0.3712962962962963 0.13148148148148148 0.10740740740740741
1 0.4101851851851852 0.3592592592592593 0.13148148148148148 0.11018518518518519
2 0.2388888888888889 0.3277777777777778 0.12222222222222222 0.09814814814814815
1 0.7675925925925926 0.3712962962962963 0.1388888888888889 0.11018518518518519
0 0.6574074074074074 0.3453703703703704 0.1175925925925926 0.09351851851851851
2 0.13425925925925927 0.2833333333333333 0.125 0.10740740740740741
2 0.42685185185185187 0.2740740740740741 0.125 0.09814814814814815
0 0.5370370370370371 0.2814814814814815 0.11296296296296296 0.09074074074074075
0 0.32314814814814813 0.24074074074074073 0.1175925925925926 0.09814814814814815
0 0.6324074074074074 0.2611111111111111 0.11944444444444445 0.09351851851851851
0 0.5601851851851852 0.19814814814814816 0.11944444444444445 0.09814814814814815