1 0.1935185185185185 0.44907407407407407 0.08148148148148149 0.11018518518518519
0 0.2111111111111111 0.34814814814814815 0.06666666666666667 0.08888888888888889
2 0.23703703703703705 0.6074074074074074 0.07685185185185185 0.10092592592592593
0 0.2462962962962963 0.5175925925925926 0.07685185185185185 0.10555555555555556
2 0.2712962962962963 0.7083333333333334 0.0712962962962963 0.10277777777777777
1 0.26481481481481484 0.4101851851851852 0.08611111111111111 0.11018518518518519
1 0.2777777777777778 0.2916666666666667 0.08148148148148149 0.11481481481481481
2 0.3175925925925926 0.5935185185185186 0.07685185185185185 0.10555555555555556
1 0.30925925925925923 0.1925925925925926 0.09537037037037037 0.11944444444444445
0 0.3398148148148148 0.775 0.07685185185185185 0.09537037037037037
2 0.3398148148148148 0.687037037037037 0.08148148148148149 0.10092592592592593
2 0.3296296296296296 0.4685185185185185 0.0712962962962963 0.09814814814814815
1 0.33425925925925926 0.36666666666666664 0.08611111111111111 0.11481481481481481
2 0.38796296296296295 0.8472222222222222 0.07685185185185185 0.11018518518518519
1 0.36666666666666664 0.2712962962962963 0.09074074074074075 0.11481481481481481
0 0.38425925925925924 0.5231481481481481 0.07685185185185185 0.10092592592592593
2 0.3907407407407407 0.6166666666666667 0.08148148148148149 0.11481481481481481
0 0.4046296296296296 0.7351851851851852 0.07685185185185185 0.10092592592592593
2 0.4 0.41388888888888886 0.07685185185185185 0.09537037037037037
0 0.3990740740740741 0.17685185185185184 0.07685185185185185 0.10092592592592593
0 0.44907407407407407 0.8074074074074075 0.0712962962962963 0.09351851851851851
2 0.46111111111111114 0.9074074074074074 0.08148148148148149 0.11018518518518519
1 0.4361111111111111 0.32222222222222224 0.09074074074074075 0.11481481481481481
0 0.45925925925925926 0.6527777777777778 0.07685185185185185 0.10092592592592593
0 0.4675925925925926 0.5601851851851852 0.07685185185185185 0.10092592592592593
1 0.4666666666666667 0.46296296296296297 0.08148148148148149 0.11018518518518519
2 0.49074074074074076 0.7324074074074074 0.08148148148148149 0.11018518518518519
1 0.46296296296296297 0.15462962962962962 0.08611111111111111 0.11481481481481481
0 0.49537037037037035 0.25277777777777777 0.08148148148148149 0.10555555555555556
0 0.5046296296296297 0.3509259259259259 0.07685185185185185 0.09074074074074075
1 0.5361111111111111 0.5333333333333333 0.08611111111111111 0.11018518518518519
2 0.5407407407407407 0.4305555555555556 0.08148148148148149 0.11018518518518519
2 0.562962962962963 0.7175925925925926 0.08148148148148149 0.11018518518518519
0 0.5768518518518518 0.8388888888888889 0.07685185185185185 0.10092592592592593
1 0.5435185185185185 0.11388888888888889 0.09351851851851851 0.125
0 0.5740740740740741 0.6203703703703703 0.07685185185185185 0.10092592592592593
1 0.5722222222222222 0.30185185185185187 0.08611111111111111 0.11481481481481481
1 0.6175925925925926 0.4351851851851852 0.09074074074074075 0.11481481481481481
1 0.6222222222222222 0.5481481481481482 0.09537037037037037 0.11481481481481481
2 0.6453703703703704 0.7055555555555556 0.08148148148148149 0.10555555555555556
1 0.6305555555555555 0.22037037037037038 0.09537037037037037 0.11944444444444445
0 0.649074074074074 0.32222222222222224 0.07685185185185185 0.10555555555555556
2 0.6787037037037037 0.8027777777777778 0.09074074074074075 0.11018518518518519
2 0.7027777777777777 0.5361111111111111 0.08611111111111111 0.11018518518518519
0 0.6990740740740741 0.43425925925925923 0.08148148148148149 0.10092592592592593
0 0.7287037037037037 0.6324074074074074 0.08611111111111111 0.10092592592592593
0 0.725 0.34814814814814815 0.07685185185185185 0.10555555555555556
0 0.7777777777777778 0.4185185185185185 0.08611111111111111 0.10555555555555556