1 0.4351851851851852 0.8027777777777778 0.10555555555555556 0.07685185185185185
0 0.33611111111111114 0.7814814814814814 0.08611111111111111 0.062037037037037036
2 0.5916666666666667 0.7694444444444445 0.09537037037037037 0.0712962962962963
0 0.5027777777777778 0.7537037037037037 0.08333333333333333 0.062037037037037036
2 0.6935185185185185 0.7407407407407407 0.09814814814814815 0.06666666666666667
1 0.3990740740740741 0.7324074074074074 0.10555555555555556 0.0787037037037037
1 0.2851851851851852 0.7129629629629629 0.10740740740740741 0.07407407407407407
2 0.5833333333333334 0.6898148148148148 0.09814814814814815 0.0712962962962963
1 0.18981481481481483 0.6731481481481482 0.10277777777777777 0.07407407407407407
0 0.762962962962963 0.6768518518518518 0.08888888888888889 0.06944444444444445
2 0.6768518518518518 0.6722222222222223 0.09351851851851851 0.07407407407407407
2 0.4601851851851852 0.6703703703703704 0.09351851851851851 0.06666666666666667
1 0.36018518518518516 0.6611111111111111 0.11018518518518519 0.08148148148148149
2 0.8361111111111111 0.6324074074074074 0.10555555555555556 0.0712962962962963
1 0.2675925925925926 0.625 0.10740740740740741 0.08611111111111111
0 0.5166666666666667 0.6203703703703703 0.09537037037037037 0.0712962962962963
2 0.6092592592592593 0.6194444444444445 0.10740740740740741 0.07407407407407407
0 0.7268518518518519 0.6101851851851852 0.09351851851851851 0.0712962962962963
2 0.4101851851851852 0.5981481481481481 0.08888888888888889 0.0712962962962963
0 0.17685185185185184 0.5879629629629629 0.09351851851851851 0.06944444444444445
0 0.799074074074074 0.5694444444444444 0.08888888888888889 0.06666666666666667
2 0.899074074074074 0.5638888888888889 0.10555555555555556 0.07407407407407407
1 0.3212962962962963 0.5574074074074075 0.10740740740740741 0.08611111111111111
0 0.6481481481481481 0.5527777777777778 0.09351851851851851 0.0712962962962963
0 0.5564814814814815 0.5407407407407407 0.09351851851851851 0.0712962962962963
1 0.46111111111111114 0.5361111111111111 0.10555555555555556 0.07685185185185185
2 0.7268518518518519 0.5268518518518519 0.10277777777777777 0.07685185185185185
1 0.15833333333333333 0.524074074074074 0.11018518518518519 0.08148148148148149
0 0.25555555555555554 0.4962962962962963 0.09814814814814815 0.07407407407407407
0 0.3537037037037037 0.49166666666666664 0.08611111111111111 0.06944444444444445
1 0.5361111111111111 0.47129629629629627 0.10555555555555556 0.08148148148148149
2 0.43425925925925923 0.46111111111111114 0.10277777777777777 0.07685185185185185
2 0.7166666666666667 0.45555555555555555 0.10555555555555556 0.07407407407407407
0 0.8379629629629629 0.44722222222222224 0.09351851851851851 0.0712962962962963
1 0.12129629629629629 0.44537037037037036 0.1037037037037037 0.08055555555555556
0 0.6222222222222222 0.43703703703703706 0.09537037037037037 0.0712962962962963
1 0.3074074074074074 0.42314814814814816 0.11018518518518519 0.08148148148148149
1 0.4425925925925926 0.38425925925925924 0.11018518518518519 0.08611111111111111
1 0.5527777777777778 0.3861111111111111 0.11018518518518519 0.08888888888888889
2 0.7092592592592593 0.37222222222222223 0.10092592592592593 0.07685185185185185
1 0.23055555555555557 0.36203703703703705 0.11481481481481481 0.08888888888888889
0 0.3333333333333333 0.34814814814814815 0.09814814814814815 0.0712962962962963
2 0.8064814814814815 0.3435185185185185 0.10277777777777777 0.08611111111111111
2 0.5453703703703704 0.30648148148148147 0.10555555555555556 0.0787037037037037
0 0.4462962962962963 0.3037037037037037 0.09351851851851851 0.07407407407407407
0 0.6416666666666667 0.28703703703703703 0.09537037037037037 0.0787037037037037
0 0.362962962962963 0.27685185185185185 0.10092592592592593 0.0712962962962963
0 0.43425925925925923 0.22685185185185186 0.09814814814814815 0.0787037037037037