1 0.5648148148148148 0.19722222222222222 0.10555555555555556 0.07685185185185185
0 0.6638888888888889 0.21851851851851853 0.08611111111111111 0.062037037037037036
2 0.4083333333333333 0.23055555555555557 0.09537037037037037 0.0712962962962963
0 0.49537037037037035 0.24537037037037038 0.10092592592592593 0.0712962962962963
2 0.30648148148148147 0.25925925925925924 0.09814814814814815 0.06666666666666667
1 0.600925925925926 0.2675925925925926 0.10555555555555556 0.0787037037037037
1 0.7148148148148148 0.28703703703703703 0.10740740740740741 0.07407407407407407
2 0.4166666666666667 0.3101851851851852 0.09814814814814815 0.0712962962962963
1 0.812962962962963 0.32314814814814813 0.11481481481481481 0.08888888888888889
0 0.23703703703703705 0.32314814814814813 0.08888888888888889 0.06944444444444445
2 0.32314814814814813 0.3277777777777778 0.09351851851851851 0.07407407407407407
2 0.5398148148148149 0.3296296296296296 0.09351851851851851 0.06666666666666667
1 0.6398148148148148 0.3388888888888889 0.11018518518518519 0.08148148148148149
2 0.1638888888888889 0.3675925925925926 0.10555555555555556 0.0712962962962963
1 0.7324074074074074 0.375 0.10740740740740741 0.08611111111111111
0 0.48333333333333334 0.37962962962962965 0.09537037037037037 0.0712962962962963
2 0.3907407407407407 0.38055555555555554 0.10740740740740741 0.07407407407407407
0 0.27314814814814814 0.38981481481481484 0.09351851851851851 0.0712962962962963
2 0.5898148148148148 0.40185185185185185 0.08888888888888889 0.0712962962962963
0 0.8231481481481482 0.41203703703703703 0.09351851851851851 0.06944444444444445
0 0.20092592592592592 0.4305555555555556 0.08888888888888889 0.06666666666666667
2 0.10092592592592593 0.4361111111111111 0.10555555555555556 0.07407407407407407
1 0.6787037037037037 0.4425925925925926 0.10740740740740741 0.08611111111111111
0 0.35185185185185186 0.44722222222222224 0.09351851851851851 0.0712962962962963
0 0.44351851851851853 0.45925925925925926 0.09351851851851851 0.0712962962962963
1 0.5388888888888889 0.4638888888888889 0.10555555555555556 0.07685185185185185
2 0.27314814814814814 0.47314814814814815 0.10277777777777777 0.07685185185185185
1 0.8416666666666667 0.4759259259259259 0.11018518518518519 0.08148148148148149
0 0.7444444444444445 0.5037037037037037 0.09814814814814815 0.07407407407407407
0 0.6462962962962963 0.5083333333333333 0.08611111111111111 0.06944444444444445
1 0.4638888888888889 0.5287037037037037 0.10555555555555556 0.08148148148148149
2 0.5657407407407408 0.5388888888888889 0.10277777777777777 0.07685185185185185
2 0.2833333333333333 0.5444444444444444 0.10555555555555556 0.07407407407407407
0 0.16203703703703703 0.5527777777777778 0.09351851851851851 0.0712962962962963
1 0.8777777777777778 0.5574074074074075 0.11944444444444445 0.08611111111111111
0 0.37777777777777777 0.562962962962963 0.09537037037037037 0.0712962962962963
1 0.6925925925925925 0.5768518518518518 0.11018518518518519 0.08148148148148149
1 0.5574074074074075 0.6157407407407407 0.11018518518518519 0.08611111111111111
1 0.44722222222222224 0.6138888888888889 0.11018518518518519 0.08888888888888889
2 0.29074074074074074 0.6277777777777778 0.10092592592592593 0.07685185185185185
1 0.7694444444444445 0.637962962962963 0.11481481481481481 0.08888888888888889
0 0.6666666666666666 0.6518518518518519 0.09814814814814815 0.0712962962962963
2 0.1935185185185185 0.6564814814814814 0.10277777777777777 0.08611111111111111
2 0.4546296296296296 0.6935185185185185 0.10555555555555556 0.0787037037037037
0 0.5537037037037037 0.6962962962962963 0.09351851851851851 0.07407407407407407
0 0.35833333333333334 0.7129629629629629 0.09537037037037037 0.0787037037037037
0 0.6370370370370371 0.7231481481481481 0.10092592592592593 0.0712962962962963
0 0.5657407407407408 0.7731481481481481 0.09814814814814815 0.0787037037037037