1 0.6370370370370371 0.7768518518518519 0.125 0.09814814814814815
0 0.7416666666666667 0.7416666666666667 0.10277777777777777 0.0787037037037037
2 0.4601851851851852 0.7583333333333333 0.11296296296296296 0.08888888888888889
0 0.5527777777777778 0.7324074074074074 0.1175925925925926 0.09074074074074075
2 0.34629629629629627 0.7379629629629629 0.11296296296296296 0.08333333333333333
1 0.6685185185185185 0.6944444444444444 0.125 0.09814814814814815
1 0.7907407407407407 0.6601851851851852 0.12685185185185185 0.09351851851851851
2 0.4601851851851852 0.6694444444444444 0.1175925925925926 0.09074074074074075
1 0.8916666666666667 0.6074074074074074 0.12129629629629629 0.09166666666666666
0 0.25925925925925924 0.6759259259259259 0.10555555555555556 0.08333333333333333
2 0.35555555555555557 0.6611111111111111 0.10740740740740741 0.09074074074074075
2 0.5925925925925926 0.6342592592592593 0.11018518518518519 0.08333333333333333
1 0.7018518518518518 0.6129629629629629 0.13148148148148148 0.10277777777777777
2 0.17407407407407408 0.6361111111111111 0.12222222222222222 0.09074074074074075
1 0.799074074074074 0.5611111111111111 0.12962962962962962 0.10740740740740741
0 0.525 0.5851851851851851 0.11296296296296296 0.08888888888888889
2 0.42314814814814816 0.5953703703703703 0.12685185185185185 0.09351851851851851
0 0.2935185185185185 0.5981481481481481 0.11018518518518519 0.08888888888888889
2 0.6407407407407407 0.549074074074074 0.10555555555555556 0.08888888888888889
0 0.8953703703703704 0.5111111111111111 0.11018518518518519 0.08611111111111111
0 0.20833333333333334 0.5638888888888889 0.10555555555555556 0.08333333333333333
2 0.09722222222222222 0.5675925925925925 0.12222222222222222 0.09351851851851851
1 0.7342592592592593 0.49444444444444446 0.12962962962962962 0.10740740740740741
0 0.37407407407407406 0.5268518518518519 0.11018518518518519 0.08888888888888889
0 0.4722222222222222 0.5027777777777778 0.11018518518518519 0.08888888888888889
1 0.575925925925926 0.48703703703703705 0.125 0.09814814814814815
2 0.2833333333333333 0.5074074074074074 0.125 0.09814814814814815
1 0.9083333333333333 0.4388888888888889 0.13148148148148148 0.10277777777777777
0 0.7972222222222223 0.4203703703703704 0.1175925925925926 0.09074074074074075
0 0.6898148148148148 0.42592592592592593 0.10277777777777777 0.08611111111111111
1 0.48703703703703705 0.42407407407407405 0.125 0.10277777777777777
2 0.5981481481481481 0.40185185185185185 0.125 0.09814814814814815
2 0.28703703703703703 0.42685185185185187 0.12222222222222222 0.09351851851851851
0 0.1527777777777778 0.4324074074074074 0.11018518518518519 0.08888888888888889
1 0.937037037037037 0.34814814814814815 0.1111111111111111 0.10092592592592593
0 0.38796296296296295 0.3962962962962963 0.11296296296296296 0.08888888888888889
1 0.7333333333333333 0.3453703703703704 0.13148148148148148 0.10277777777777777
1 0.5796296296296296 0.3175925925925926 0.13148148148148148 0.10740740740740741
1 0.4583333333333333 0.3314814814814815 0.13148148148148148 0.11018518518518519
2 0.2851851851851852 0.3351851851851852 0.11944444444444445 0.09814814814814815
1 0.8111111111111111 0.26944444444444443 0.12962962962962962 0.10277777777777777
0 0.6962962962962963 0.2657407407407407 0.1175925925925926 0.09074074074074075
2 0.17407407407407408 0.3148148148148148 0.125 0.10740740740740741
2 0.4564814814814815 0.24444444444444444 0.125 0.09814814814814815
0 0.5675925925925925 0.22962962962962963 0.11018518518518519 0.09074074074074075
0 0.34814814814814815 0.23425925925925925 0.11481481481481481 0.09537037037037037
0 0.6546296296296297 0.18981481481481483 0.1175925925925926 0.09074074074074075
0 0.5722222222222222 0.1425925925925926 0.11481481481481481 0.09537037037037037