1 0.1648148148148148 0.49166666666666664 0.09814814814814815 0.125
0 0.17777777777777778 0.6018518518518519 0.0787037037037037 0.10277777777777777
2 0.22037037037037038 0.32314814814814813 0.09351851851851851 0.11481481481481481
0 0.22592592592592592 0.4203703703703704 0.09351851851851851 0.11944444444444445
2 0.26481481481481484 0.21296296296296297 0.08611111111111111 0.1175925925925926
1 0.2388888888888889 0.5407407407407407 0.09814814814814815 0.125
1 0.2462962962962963 0.6685185185185185 0.09351851851851851 0.12685185185185185
2 0.30648148148148147 0.3398148148148148 0.09351851851851851 0.11481481481481481
1 0.27685185185185185 0.7796296296296297 0.11018518518518519 0.1388888888888889
0 0.3425925925925926 0.14444444444444443 0.08611111111111111 0.10555555555555556
2 0.33796296296296297 0.24074074074074073 0.09074074074074075 0.11018518518518519
2 0.3138888888888889 0.47962962962962963 0.08333333333333333 0.11296296296296296
1 0.31296296296296294 0.5898148148148148 0.10277777777777777 0.13148148148148148
2 0.4 0.06759259259259259 0.09074074074074075 0.125
1 0.3425925925925926 0.6972222222222222 0.10740740740740741 0.12962962962962962
0 0.37592592592592594 0.42314814814814816 0.09074074074074075 0.11296296296296296
2 0.38796296296296295 0.3194444444444444 0.09351851851851851 0.12685185185185185
0 0.4111111111111111 0.19074074074074074 0.09074074074074075 0.11296296296296296
2 0.38796296296296295 0.5435185185185185 0.09074074074074075 0.10555555555555556
0 0.37222222222222223 0.8018518518518518 0.08888888888888889 0.11296296296296296
0 0.4648148148148148 0.11574074074074074 0.08333333333333333 0.10555555555555556
2 0.4824074074074074 0.03333333333333333 0.08888888888888889 0.06666666666666667
1 0.42314814814814816 0.6462962962962963 0.10740740740740741 0.12962962962962962
0 0.4666666666666667 0.2851851851851852 0.09074074074074075 0.11296296296296296
0 0.4685185185185185 0.38796296296296295 0.09074074074074075 0.11296296296296296
1 0.46296296296296297 0.49444444444444446 0.09814814814814815 0.125
2 0.5046296296296297 0.20092592592592592 0.09814814814814815 0.125
1 0.44074074074074077 0.8296296296296296 0.10277777777777777 0.13148148148148148
0 0.48333333333333334 0.725925925925926 0.09537037037037037 0.1175925925925926
0 0.5 0.6194444444444445 0.08611111111111111 0.10277777777777777
1 0.5435185185185185 0.4185185185185185 0.10277777777777777 0.12685185185185185
2 0.5416666666666666 0.5324074074074074 0.09814814814814815 0.125
2 0.5814814814814815 0.2212962962962963 0.09537037037037037 0.125
0 0.6046296296296296 0.08796296296296297 0.09074074074074075 0.11296296296296296
1 0.5277777777777778 0.8787037037037037 0.11018518518518519 0.14351851851851852
0 0.5898148148148148 0.32685185185185184 0.09074074074074075 0.11296296296296296
1 0.5694444444444444 0.6768518518518518 0.10277777777777777 0.13148148148148148
1 0.6287037037037037 0.5324074074074074 0.10740740740740741 0.13148148148148148
1 0.6407407407407407 0.4101851851851852 0.11018518518518519 0.13148148148148148
2 0.6722222222222223 0.2388888888888889 0.09814814814814815 0.12222222222222222
1 0.6287037037037037 0.7675925925925926 0.11018518518518519 0.1388888888888889
0 0.6546296296296297 0.6574074074074074 0.09351851851851851 0.1175925925925926
2 0.7166666666666667 0.13425925925925927 0.10740740740740741 0.125
2 0.725925925925926 0.42685185185185187 0.09814814814814815 0.125
0 0.7185185185185186 0.5370370370370371 0.09074074074074075 0.11296296296296296
0 0.7592592592592593 0.32314814814814813 0.09814814814814815 0.1175925925925926
0 0.7388888888888889 0.6324074074074074 0.09351851851851851 0.11944444444444445
0 0.8018518518518518 0.5601851851851852 0.09814814814814815 0.11944444444444445