1 0.362962962962963 0.22314814814814815 0.125 0.09814814814814815
0 0.25833333333333336 0.25833333333333336 0.10277777777777777 0.0787037037037037
2 0.5398148148148149 0.24166666666666667 0.11296296296296296 0.08888888888888889
0 0.44722222222222224 0.2675925925925926 0.1175925925925926 0.09074074074074075
2 0.6537037037037037 0.262037037037037 0.11296296296296296 0.08333333333333333
1 0.3314814814814815 0.3055555555555556 0.125 0.09814814814814815
1 0.20925925925925926 0.3398148148148148 0.12685185185185185 0.09351851851851851
2 0.5398148148148149 0.33055555555555555 0.1175925925925926 0.09074074074074075
1 0.10833333333333334 0.3925925925925926 0.12129629629629629 0.09166666666666666
0 0.7407407407407407 0.32407407407407407 0.10555555555555556 0.08333333333333333
2 0.6444444444444445 0.3388888888888889 0.10740740740740741 0.09074074074074075
2 0.4074074074074074 0.36574074074074076 0.11018518518518519 0.08333333333333333
1 0.29814814814814816 0.387037037037037 0.13148148148148148 0.10277777777777777
2 0.825925925925926 0.3638888888888889 0.12222222222222222 0.09074074074074075
1 0.20092592592592592 0.4388888888888889 0.12962962962962962 0.10740740740740741
0 0.475 0.4148148148148148 0.11296296296296296 0.08888888888888889
2 0.5768518518518518 0.4046296296296296 0.12685185185185185 0.09351851851851851
0 0.7064814814814815 0.40185185185185185 0.11018518518518519 0.08888888888888889
2 0.3592592592592593 0.45092592592592595 0.10555555555555556 0.08888888888888889
0 0.10462962962962963 0.4888888888888889 0.11018518518518519 0.08611111111111111
0 0.7916666666666666 0.4361111111111111 0.10555555555555556 0.08333333333333333
2 0.9027777777777778 0.4324074074074074 0.12222222222222222 0.09351851851851851
1 0.2657407407407407 0.5055555555555555 0.12962962962962962 0.10740740740740741
0 0.6259259259259259 0.47314814814814815 0.11018518518518519 0.08888888888888889
0 0.5277777777777778 0.49722222222222223 0.11018518518518519 0.08888888888888889
1 0.42407407407407405 0.512962962962963 0.125 0.09814814814814815
2 0.7166666666666667 0.4925925925925926 0.125 0.09814814814814815
1 0.09166666666666666 0.5611111111111111 0.13148148148148148 0.10277777777777777
0 0.20277777777777778 0.5796296296296296 0.1175925925925926 0.09074074074074075
0 0.3101851851851852 0.5740740740740741 0.10277777777777777 0.08611111111111111
1 0.512962962962963 0.575925925925926 0.125 0.10277777777777777
2 0.40185185185185185 0.5981481481481481 0.125 0.09814814814814815
2 0.7129629629629629 0.5731481481481482 0.12222222222222222 0.09351851851851851
0 0.8472222222222222 0.5675925925925925 0.11018518518518519 0.08888888888888889
1 0.06296296296296296 0.6518518518518519 0.1111111111111111 0.10092592592592593
0 0.612037037037037 0.6037037037037037 0.11296296296296296 0.08888888888888889
1 0.26666666666666666 0.6546296296296297 0.13148148148148148 0.10277777777777777
1 0.4203703703703704 0.6824074074074075 0.13148148148148148 0.10740740740740741
1 0.5416666666666666 0.6685185185185185 0.13148148148148148 0.11018518518518519
2 0.7148148148148148 0.6648148148148149 0.11944444444444445 0.09814814814814815
1 0.18888888888888888 0.7305555555555555 0.12962962962962962 0.10277777777777777
0 0.3037037037037037 0.7342592592592593 0.1175925925925926 0.09074074074074075
2 0.825925925925926 0.6851851851851852 0.125 0.10740740740740741
2 0.5435185185185185 0.7555555555555555 0.125 0.09814814814814815
0 0.4324074074074074 0.7703703703703704 0.11018518518518519 0.09074074074074075
0 0.6518518518518519 0.7657407407407407 0.11481481481481481 0.09537037037037037
0 0.3453703703703704 0.8101851851851852 0.1175925925925926 0.09074074074074075
0 0.42777777777777776 0.8574074074074074 0.11481481481481481 0.09537037037037037