1 0.19722222222222222 0.4351851851851852 0.07685185185185185 0.10555555555555556
0 0.21851851851851853 0.33611111111111114 0.062037037037037036 0.08611111111111111
2 0.23055555555555557 0.5916666666666667 0.0712962962962963 0.09537037037037037
0 0.24537037037037038 0.5046296296296297 0.0712962962962963 0.10092592592592593
2 0.25925925925925924 0.6935185185185185 0.06666666666666667 0.09814814814814815
1 0.2675925925925926 0.3990740740740741 0.0787037037037037 0.10555555555555556
1 0.28703703703703703 0.2851851851851852 0.07407407407407407 0.10740740740740741
2 0.3101851851851852 0.5833333333333334 0.0712962962962963 0.09814814814814815
1 0.32314814814814813 0.18703703703703703 0.08888888888888889 0.11481481481481481
0 0.32314814814814813 0.762962962962963 0.06944444444444445 0.08888888888888889
2 0.3277777777777778 0.6768518518518518 0.07407407407407407 0.09351851851851851
2 0.3296296296296296 0.4601851851851852 0.06666666666666667 0.09351851851851851
1 0.3388888888888889 0.36018518518518516 0.08148148148148149 0.11018518518518519
2 0.3675925925925926 0.8361111111111111 0.0712962962962963 0.10555555555555556
1 0.375 0.2675925925925926 0.08611111111111111 0.10740740740740741
0 0.37962962962962965 0.5166666666666667 0.0712962962962963 0.09537037037037037
2 0.38055555555555554 0.6092592592592593 0.07407407407407407 0.10740740740740741
0 0.38981481481481484 0.7268518518518519 0.0712962962962963 0.09351851851851851
2 0.40185185185185185 0.4101851851851852 0.0712962962962963 0.08888888888888889
0 0.41203703703703703 0.17685185185185184 0.06944444444444445 0.09351851851851851
0 0.4305555555555556 0.799074074074074 0.06666666666666667 0.08888888888888889
2 0.4361111111111111 0.899074074074074 0.07407407407407407 0.10555555555555556
1 0.4425925925925926 0.3212962962962963 0.08611111111111111 0.10740740740740741
0 0.44722222222222224 0.6481481481481481 0.0712962962962963 0.09351851851851851
0 0.45925925925925926 0.5564814814814815 0.0712962962962963 0.09351851851851851
1 0.4638888888888889 0.46111111111111114 0.07685185185185185 0.10555555555555556
2 0.47314814814814815 0.7268518518518519 0.07685185185185185 0.10277777777777777
1 0.4759259259259259 0.15833333333333333 0.08148148148148149 0.11018518518518519
0 0.5037037037037037 0.25555555555555554 0.07407407407407407 0.09814814814814815
0 0.5083333333333333 0.3537037037037037 0.06944444444444445 0.08611111111111111
1 0.5287037037037037 0.5361111111111111 0.08148148148148149 0.10555555555555556
2 0.5388888888888889 0.43425925925925923 0.07685185185185185 0.10277777777777777
2 0.5444444444444444 0.7166666666666667 0.07407407407407407 0.10555555555555556
0 0.5527777777777778 0.8379629629629629 0.0712962962962963 0.09351851851851851
1 0.5574074074074075 0.12222222222222222 0.08611111111111111 0.11944444444444445
0 0.562962962962963 0.6222222222222222 0.0712962962962963 0.09537037037037037
1 0.5768518518518518 0.3074074074074074 0.08148148148148149 0.11018518518518519
1 0.6157407407407407 0.4425925925925926 0.08611111111111111 0.11018518518518519
1 0.6138888888888889 0.5527777777777778 0.08888888888888889 0.11018518518518519
2 0.6277777777777778 0.7092592592592593 0.07685185185185185 0.10092592592592593
1 0.637962962962963 0.23055555555555557 0.08888888888888889 0.11481481481481481
0 0.6518518518518519 0.3333333333333333 0.0712962962962963 0.09814814814814815
2 0.6564814814814814 0.8064814814814815 0.08611111111111111 0.10277777777777777
2 0.6935185185185185 0.5453703703703704 0.0787037037037037 0.10555555555555556
0 0.6962962962962963 0.4462962962962963 0.07407407407407407 0.09351851851851851
0 0.7129629629629629 0.6416666666666667 0.0787037037037037 0.09537037037037037
0 0.7231481481481481 0.362962962962963 0.0712962962962963 0.10092592592592593
0 0.7731481481481481 0.43425925925925923 0.0787037037037037 0.09814814814814815