1 0.22314814814814815 0.6370370370370371 0.09814814814814815 0.125
0 0.25833333333333336 0.7416666666666667 0.0787037037037037 0.10277777777777777
2 0.24166666666666667 0.4601851851851852 0.08888888888888889 0.11296296296296296
0 0.2675925925925926 0.5527777777777778 0.09074074074074075 0.1175925925925926
2 0.262037037037037 0.34629629629629627 0.08333333333333333 0.11296296296296296
1 0.3055555555555556 0.6685185185185185 0.09814814814814815 0.125
1 0.3398148148148148 0.7907407407407407 0.09351851851851851 0.12685185185185185
2 0.33055555555555555 0.4601851851851852 0.09074074074074075 0.1175925925925926
1 0.3925925925925926 0.8916666666666667 0.09166666666666666 0.12129629629629629
0 0.32407407407407407 0.25925925925925924 0.08333333333333333 0.10555555555555556
2 0.3388888888888889 0.35555555555555557 0.09074074074074075 0.10740740740740741
2 0.36574074074074076 0.5925925925925926 0.08333333333333333 0.11018518518518519
1 0.387037037037037 0.7018518518518518 0.10277777777777777 0.13148148148148148
2 0.3638888888888889 0.17407407407407408 0.09074074074074075 0.12222222222222222
1 0.4388888888888889 0.799074074074074 0.10740740740740741 0.12962962962962962
0 0.4148148148148148 0.525 0.08888888888888889 0.11296296296296296
2 0.4046296296296296 0.42314814814814816 0.09351851851851851 0.12685185185185185
0 0.40185185185185185 0.2935185185185185 0.08888888888888889 0.11018518518518519
2 0.45092592592592595 0.6407407407407407 0.08888888888888889 0.10555555555555556
0 0.4888888888888889 0.8953703703703704 0.08611111111111111 0.11018518518518519
0 0.4361111111111111 0.20833333333333334 0.08333333333333333 0.10555555555555556
2 0.4324074074074074 0.09722222222222222 0.09351851851851851 0.12222222222222222
1 0.5055555555555555 0.7342592592592593 0.10740740740740741 0.12962962962962962
0 0.47314814814814815 0.37407407407407406 0.08888888888888889 0.11018518518518519
0 0.49722222222222223 0.4722222222222222 0.08888888888888889 0.11018518518518519
1 0.512962962962963 0.575925925925926 0.09814814814814815 0.125
2 0.4925925925925926 0.2833333333333333 0.09814814814814815 0.125
1 0.5611111111111111 0.9083333333333333 0.10277777777777777 0.13148148148148148
0 0.5796296296296296 0.7972222222222223 0.09074074074074075 0.1175925925925926
0 0.5740740740740741 0.6898148148148148 0.08611111111111111 0.10277777777777777
1 0.575925925925926 0.48703703703703705 0.10277777777777777 0.125
2 0.5981481481481481 0.5981481481481481 0.09814814814814815 0.125
2 0.5731481481481482 0.28703703703703703 0.09351851851851851 0.12222222222222222
0 0.5675925925925925 0.1527777777777778 0.08888888888888889 0.11018518518518519
1 0.6518518518518519 0.937037037037037 0.10092592592592593 0.1111111111111111
0 0.6037037037037037 0.38796296296296295 0.08888888888888889 0.11296296296296296
1 0.6546296296296297 0.7333333333333333 0.10277777777777777 0.13148148148148148
1 0.6824074074074075 0.5796296296296296 0.10740740740740741 0.13148148148148148
1 0.6685185185185185 0.4583333333333333 0.11018518518518519 0.13148148148148148
2 0.6648148148148149 0.2851851851851852 0.09814814814814815 0.11944444444444445
1 0.7305555555555555 0.8111111111111111 0.10277777777777777 0.12962962962962962
0 0.7342592592592593 0.6962962962962963 0.09074074074074075 0.1175925925925926
2 0.6851851851851852 0.17407407407407408 0.10740740740740741 0.125
2 0.7555555555555555 0.4564814814814815 0.09814814814814815 0.125
0 0.7703703703703704 0.5675925925925925 0.09074074074074075 0.11018518518518519
0 0.7657407407407407 0.34814814814814815 0.09537037037037037 0.11481481481481481
0 0.8101851851851852 0.6546296296296297 0.09074074074074075 0.1175925925925926
0 0.8574074074074074 0.5722222222222222 0.09537037037037037 0.11481481481481481