1 0.44907407407407407 0.8064814814814815 0.11018518518518519 0.08148148148148149
0 0.34814814814814815 0.7888888888888889 0.08888888888888889 0.06666666666666667
2 0.6074074074074074 0.762962962962963 0.10092592592592593 0.07685185185185185
0 0.5175925925925926 0.7537037037037037 0.10555555555555556 0.07685185185185185
2 0.7083333333333334 0.7287037037037037 0.10277777777777777 0.0712962962962963
1 0.4101851851851852 0.7351851851851852 0.11018518518518519 0.08611111111111111
1 0.2916666666666667 0.7222222222222222 0.11481481481481481 0.08148148148148149
2 0.5935185185185186 0.6824074074074075 0.10555555555555556 0.07685185185185185
1 0.1925925925925926 0.6907407407407408 0.11944444444444445 0.09537037037037037
0 0.775 0.6601851851851852 0.09537037037037037 0.07685185185185185
2 0.687037037037037 0.6601851851851852 0.10092592592592593 0.08148148148148149
2 0.4685185185185185 0.6703703703703704 0.09814814814814815 0.0712962962962963
1 0.36666666666666664 0.6657407407407407 0.11481481481481481 0.08611111111111111
2 0.8472222222222222 0.612037037037037 0.11018518518518519 0.07685185185185185
1 0.2712962962962963 0.6333333333333333 0.11481481481481481 0.09074074074074075
0 0.5231481481481481 0.6157407407407407 0.10092592592592593 0.07685185185185185
2 0.6166666666666667 0.6092592592592593 0.11481481481481481 0.08148148148148149
0 0.7351851851851852 0.5953703703703703 0.10092592592592593 0.07685185185185185
2 0.41388888888888886 0.6 0.09537037037037037 0.07685185185185185
0 0.17685185185185184 0.600925925925926 0.10092592592592593 0.07685185185185185
0 0.8074074074074075 0.5509259259259259 0.09351851851851851 0.0712962962962963
2 0.9074074074074074 0.5388888888888889 0.11018518518518519 0.08148148148148149
1 0.32222222222222224 0.5638888888888889 0.11481481481481481 0.09074074074074075
0 0.6527777777777778 0.5407407407407407 0.10092592592592593 0.07685185185185185
0 0.5601851851851852 0.5324074074074074 0.10092592592592593 0.07685185185185185
1 0.46296296296296297 0.5333333333333333 0.11018518518518519 0.08148148148148149
2 0.7324074074074074 0.5092592592592593 0.11018518518518519 0.08148148148148149
1 0.15462962962962962 0.5370370370370371 0.11481481481481481 0.08611111111111111
0 0.25277777777777777 0.5046296296296297 0.10555555555555556 0.08148148148148149
0 0.3509259259259259 0.49537037037037035 0.09074074074074075 0.07685185185185185
1 0.5333333333333333 0.4638888888888889 0.11018518518518519 0.08611111111111111
2 0.4305555555555556 0.45925925925925926 0.11018518518518519 0.08148148148148149
2 0.7175925925925926 0.43703703703703706 0.11018518518518519 0.08148148148148149
0 0.8388888888888889 0.42314814814814816 0.10092592592592593 0.07685185185185185
1 0.11388888888888889 0.4564814814814815 0.125 0.09351851851851851
0 0.6203703703703703 0.42592592592592593 0.10092592592592593 0.07685185185185185
1 0.30185185185185187 0.42777777777777776 0.11481481481481481 0.08611111111111111
1 0.4351851851851852 0.3824074074074074 0.11481481481481481 0.09074074074074075
1 0.5481481481481482 0.37777777777777777 0.11481481481481481 0.09537037037037037
2 0.7055555555555556 0.35462962962962963 0.10555555555555556 0.08148148148148149
1 0.22037037037037038 0.36944444444444446 0.11944444444444445 0.09537037037037037
0 0.32222222222222224 0.3509259259259259 0.10555555555555556 0.07685185185185185
2 0.8027777777777778 0.3212962962962963 0.11018518518518519 0.09074074074074075
2 0.5361111111111111 0.2972222222222222 0.11018518518518519 0.08611111111111111
0 0.43425925925925923 0.30092592592592593 0.10092592592592593 0.08148148148148149
0 0.6324074074074074 0.2712962962962963 0.10092592592592593 0.08611111111111111
0 0.34814814814814815 0.275 0.10555555555555556 0.07685185185185185
0 0.4185185185185185 0.2222222222222222 0.10555555555555556 0.08611111111111111