1 0.8027777777777778 0.5648148148148148 0.07685185185185185 0.10555555555555556
0 0.7814814814814814 0.6638888888888889 0.062037037037037036 0.08611111111111111
2 0.7694444444444445 0.4083333333333333 0.0712962962962963 0.09537037037037037
0 0.7546296296296297 0.49537037037037035 0.0712962962962963 0.10092592592592593
2 0.7407407407407407 0.30648148148148147 0.06666666666666667 0.09814814814814815
1 0.7324074074074074 0.600925925925926 0.0787037037037037 0.10555555555555556
1 0.7129629629629629 0.7148148148148148 0.07407407407407407 0.10740740740740741
2 0.6898148148148148 0.4166666666666667 0.0712962962962963 0.09814814814814815
1 0.6768518518518518 0.812962962962963 0.08888888888888889 0.11481481481481481
0 0.6768518518518518 0.23703703703703705 0.06944444444444445 0.08888888888888889
2 0.6722222222222223 0.32314814814814813 0.07407407407407407 0.09351851851851851
2 0.6703703703703704 0.5398148148148149 0.06666666666666667 0.09351851851851851
1 0.6611111111111111 0.6398148148148148 0.08148148148148149 0.11018518518518519
2 0.6324074074074074 0.1638888888888889 0.0712962962962963 0.10555555555555556
1 0.625 0.7324074074074074 0.08611111111111111 0.10740740740740741
0 0.6203703703703703 0.48333333333333334 0.0712962962962963 0.09537037037037037
2 0.6194444444444445 0.3907407407407407 0.07407407407407407 0.10740740740740741
0 0.6101851851851852 0.27314814814814814 0.0712962962962963 0.09351851851851851
2 0.5981481481481481 0.5898148148148148 0.0712962962962963 0.08888888888888889
0 0.5879629629629629 0.8231481481481482 0.06944444444444445 0.09351851851851851
0 0.5694444444444444 0.20092592592592592 0.06666666666666667 0.08888888888888889
2 0.5638888888888889 0.10092592592592593 0.07407407407407407 0.10555555555555556
1 0.5574074074074075 0.6787037037037037 0.08611111111111111 0.10740740740740741
0 0.5527777777777778 0.35185185185185186 0.0712962962962963 0.09351851851851851
0 0.5407407407407407 0.44351851851851853 0.0712962962962963 0.09351851851851851
1 0.5361111111111111 0.5388888888888889 0.07685185185185185 0.10555555555555556
2 0.5268518518518519 0.27314814814814814 0.07685185185185185 0.10277777777777777
1 0.524074074074074 0.8416666666666667 0.08148148148148149 0.11018518518518519
0 0.4962962962962963 0.7444444444444445 0.07407407407407407 0.09814814814814815
0 0.49166666666666664 0.6462962962962963 0.06944444444444445 0.08611111111111111
1 0.47129629629629627 0.4638888888888889 0.08148148148148149 0.10555555555555556
2 0.46111111111111114 0.5657407407407408 0.07685185185185185 0.10277777777777777
2 0.45555555555555555 0.2833333333333333 0.07407407407407407 0.10555555555555556
0 0.44722222222222224 0.16203703703703703 0.0712962962962963 0.09351851851851851
1 0.4425925925925926 0.8777777777777778 0.08611111111111111 0.11944444444444445
0 0.43703703703703706 0.37777777777777777 0.0712962962962963 0.09537037037037037
1 0.42314814814814816 0.6925925925925925 0.08148148148148149 0.11018518518518519
1 0.38425925925925924 0.5574074074074075 0.08611111111111111 0.11018518518518519
1 0.3861111111111111 0.44722222222222224 0.08888888888888889 0.11018518518518519
2 0.37222222222222223 0.29074074074074074 0.07685185185185185 0.10092592592592593
1 0.36203703703703705 0.7694444444444445 0.08888888888888889 0.11481481481481481
0 0.34814814814814815 0.6666666666666666 0.0712962962962963 0.09814814814814815
2 0.3435185185185185 0.1935185185185185 0.08611111111111111 0.10277777777777777
2 0.30648148148148147 0.4546296296296296 0.0787037037037037 0.10555555555555556
0 0.3037037037037037 0.5537037037037037 0.07407407407407407 0.09351851851851851
0 0.28703703703703703 0.35833333333333334 0.0787037037037037 0.09537037037037037
0 0.27685185185185185 0.6370370370370371 0.0712962962962963 0.10092592592592593
0 0.22685185185185186 0.5657407407407408 0.0787037037037037 0.09814814814814815