0 0.7657407407407407 0.5092592592592593 0.05462962962962963 0.09351851851851851
1 0.7666666666666667 0.40370370370370373 0.05925925925925926 0.1175925925925926
1 0.725925925925926 0.7129629629629629 0.06666666666666667 0.11481481481481481
1 0.7324074074074074 0.6083333333333333 0.05925925925925926 0.10740740740740741
1 0.7222222222222222 0.4888888888888889 0.05925925925925926 0.11944444444444445
0 0.7185185185185186 0.375 0.05925925925925926 0.10092592592592593
2 0.7129629629629629 0.2740740740740741 0.05925925925925926 0.10555555555555556
0 0.6731481481481482 0.8009259259259259 0.05925925925925926 0.10092592592592593
1 0.6851851851851852 0.5842592592592593 0.06666666666666667 0.125
1 0.6777777777777778 0.7027777777777777 0.06666666666666667 0.12685185185185185
2 0.6648148148148149 0.48518518518518516 0.06666666666666667 0.11481481481481481
1 0.6296296296296297 0.8833333333333333 0.0787037037037037 0.125
2 0.6574074074074074 0.3453703703703704 0.06944444444444445 0.11481481481481481
2 0.6648148148148149 0.1824074074074074 0.07407407407407407 0.11481481481481481
2 0.6277777777777778 0.5981481481481481 0.06666666666666667 0.12222222222222222
1 0.6166666666666667 0.7101851851851851 0.07407407407407407 0.125
1 0.5796296296296296 0.9638888888888889 0.07685185185185185 0.0712962962962963
0 0.6138888888888889 0.4675925925925926 0.06666666666666667 0.10740740740740741
0 0.5879629629629629 0.8268518518518518 0.06481481481481481 0.11481481481481481
2 0.6166666666666667 0.2574074074074074 0.06944444444444445 0.12685185185185185
2 0.5935185185185186 0.37222222222222223 0.08148148148148149 0.12962962962962962
0 0.5564814814814815 0.7472222222222222 0.07407407407407407 0.11481481481481481
1 0.5657407407407408 0.600925925925926 0.08611111111111111 0.12962962962962962
0 0.5962962962962963 0.1425925925925926 0.07685185185185185 0.12962962962962962
0 0.5472222222222223 0.49444444444444446 0.07407407407407407 0.12222222222222222
1 0.5157407407407407 0.8583333333333333 0.09074074074074075 0.12962962962962962
0 0.5509259259259259 0.2351851851851852 0.0787037037037037 0.12685185185185185
2 0.5092592592592593 0.6990740740740741 0.07407407407407407 0.12222222222222222
0 0.5314814814814814 0.38333333333333336 0.0787037037037037 0.12685185185185185
1 0.48518518518518516 0.9592592592592593 0.09074074074074075 0.08148148148148149
2 0.5370370370370371 0.08333333333333333 0.09074074074074075 0.15833333333333333
1 0.487962962962963 0.5861111111111111 0.09537037037037037 0.14629629629629629
0 0.4425925925925926 0.9194444444444444 0.08148148148148149 0.13425925925925927
0 0.48333333333333334 0.18518518518518517 0.09074074074074075 0.1388888888888889
2 0.475 0.3175925925925926 0.09537037037037037 0.14629629629629629
1 0.4351851851851852 0.775 0.10555555555555556 0.14351851851851852
0 0.42592592592592593 0.5166666666666667 0.09537037037037037 0.12962962962962962
2 0.44814814814814813 0.06851851851851852 0.10740740740740741 0.1361111111111111
1 0.4027777777777778 0.6527777777777778 0.10740740740740741 0.16574074074074074
0 0.36666666666666664 0.9518518518518518 0.09074074074074075 0.08333333333333333
2 0.40370370370370373 0.39444444444444443 0.10092592592592593 0.14814814814814814
0 0.35833333333333334 0.8537037037037037 0.10092592592592593 0.1361111111111111
2 0.30925925925925923 0.7592592592592593 0.11481481481481481 0.14814814814814814
0 0.3435185185185185 0.23796296296296296 0.11018518518518519 0.175
2 0.3111111111111111 0.49444444444444446 0.10740740740740741 0.15555555555555556
0 0.2777777777777778 0.9444444444444444 0.10740740740740741 0.08888888888888889
0 0.25 0.6694444444444444 0.11944444444444445 0.15555555555555556
2 0.23333333333333334 0.38425925925925924 0.14166666666666666 0.18981481481481483