0 0.2833333333333333 0.4203703703703704 0.062037037037037036 0.09351851851851851
1 0.3074074074074074 0.3194444444444444 0.06944444444444445 0.11481481481481481
1 0.2740740740740741 0.6101851851851852 0.07407407407407407 0.11296296296296296
1 0.2916666666666667 0.5166666666666667 0.06481481481481481 0.10740740740740741
1 0.3277777777777778 0.4111111111111111 0.0712962962962963 0.1175925925925926
0 0.3574074074074074 0.3055555555555556 0.062037037037037036 0.09814814814814815
2 0.387037037037037 0.21481481481481482 0.06481481481481481 0.10277777777777777
0 0.30185185185185187 0.7027777777777777 0.06666666666666667 0.09814814814814815
1 0.3388888888888889 0.5037037037037037 0.07685185185185185 0.11944444444444445
1 0.3194444444444444 0.6157407407407407 0.07685185185185185 0.12222222222222222
2 0.38055555555555554 0.4203703703703704 0.07407407407407407 0.11296296296296296
1 0.32314814814814813 0.7907407407407407 0.08611111111111111 0.12222222222222222
2 0.4203703703703704 0.2935185185185185 0.07407407407407407 0.11296296296296296
2 0.45092592592592595 0.1425925925925926 0.0787037037037037 0.11296296296296296
2 0.38981481481481484 0.5287037037037037 0.07685185185185185 0.1175925925925926
1 0.37407407407407406 0.6370370370370371 0.08148148148148149 0.12222222222222222
1 0.3435185185185185 0.9037037037037037 0.08888888888888889 0.12962962962962962
0 0.4305555555555556 0.4148148148148148 0.07407407407407407 0.10555555555555556
0 0.37222222222222223 0.75 0.06944444444444445 0.11018518518518519
2 0.47685185185185186 0.22037037037037038 0.07685185185185185 0.12222222222222222
2 0.4722222222222222 0.33055555555555555 0.08611111111111111 0.12962962962962962
0 0.41944444444444445 0.6851851851851852 0.0787037037037037 0.11296296296296296
1 0.44351851851851853 0.5481481481481482 0.09074074074074075 0.12962962962962962
0 0.5231481481481481 0.12222222222222222 0.08148148148148149 0.12962962962962962
0 0.48703703703703705 0.45555555555555555 0.08148148148148149 0.11944444444444445
1 0.4324074074074074 0.7916666666666666 0.09537037037037037 0.13148148148148148
0 0.5416666666666666 0.21851851851851853 0.08611111111111111 0.125
2 0.47314814814814815 0.6518518518518519 0.08148148148148149 0.11944444444444445
0 0.5268518518518519 0.35462962962962963 0.08888888888888889 0.125
1 0.4305555555555556 0.924074074074074 0.10277777777777777 0.14629629629629629
2 0.5898148148148148 0.08148148148148149 0.10092592592592593 0.15555555555555556
1 0.5203703703703704 0.5537037037037037 0.10277777777777777 0.14629629629629629
0 0.48703703703703705 0.8666666666666667 0.09074074074074075 0.13425925925925927
0 0.6157407407407407 0.18425925925925926 0.09814814814814815 0.1361111111111111
2 0.5935185185185186 0.30648148148148147 0.10277777777777777 0.14629629629629629
1 0.525 0.7351851851851852 0.11296296296296296 0.14351851851851852
0 0.5935185185185186 0.5037037037037037 0.10092592592592593 0.13148148148148148
2 0.6768518518518518 0.08518518518518518 0.11296296296296296 0.1361111111111111
1 0.5833333333333334 0.6324074074074074 0.11481481481481481 0.16296296296296298
0 0.5435185185185185 0.9351851851851852 0.10092592592592593 0.12962962962962962
2 0.6416666666666667 0.39444444444444443 0.10740740740740741 0.14629629629629629
0 0.5768518518518518 0.8268518518518518 0.10555555555555556 0.1361111111111111
2 0.6444444444444445 0.7537037037037037 0.12222222222222222 0.14814814814814814
0 0.7333333333333333 0.2657407407407407 0.1175925925925926 0.17222222222222222
2 0.7027777777777777 0.5046296296296297 0.11481481481481481 0.15555555555555556
0 0.6240740740740741 0.9407407407407408 0.1175925925925926 0.1175925925925926
0 0.7203703703703703 0.6805555555555556 0.125 0.15555555555555556
2 0.8009259259259259 0.42407407407407405 0.14814814814814814 0.18981481481481483