0 0.4203703703703704 0.7166666666666667 0.09351851851851851 0.062037037037037036
1 0.3194444444444444 0.6925925925925925 0.11481481481481481 0.06944444444444445
1 0.6101851851851852 0.725925925925926 0.11296296296296296 0.07407407407407407
1 0.5166666666666667 0.7083333333333334 0.10740740740740741 0.06481481481481481
1 0.4111111111111111 0.6722222222222223 0.1175925925925926 0.0712962962962963
0 0.3055555555555556 0.6425925925925926 0.09814814814814815 0.062037037037037036
2 0.21481481481481482 0.6129629629629629 0.10277777777777777 0.06481481481481481
0 0.7027777777777777 0.6981481481481482 0.09814814814814815 0.06666666666666667
1 0.5037037037037037 0.6611111111111111 0.11944444444444445 0.07685185185185185
1 0.6157407407407407 0.6805555555555556 0.12222222222222222 0.07685185185185185
2 0.4203703703703704 0.6194444444444445 0.11296296296296296 0.07407407407407407
1 0.7907407407407407 0.6768518518518518 0.12222222222222222 0.08611111111111111
2 0.2935185185185185 0.5796296296296296 0.11296296296296296 0.07407407407407407
2 0.1425925925925926 0.549074074074074 0.11296296296296296 0.0787037037037037
2 0.5287037037037037 0.6101851851851852 0.1175925925925926 0.07685185185185185
1 0.6370370370370371 0.6259259259259259 0.12222222222222222 0.08148148148148149
1 0.9037037037037037 0.6564814814814814 0.12962962962962962 0.08888888888888889
0 0.4148148148148148 0.5694444444444444 0.10555555555555556 0.07407407407407407
0 0.75 0.6277777777777778 0.11018518518518519 0.06944444444444445
2 0.22037037037037038 0.5231481481481481 0.12222222222222222 0.07685185185185185
2 0.33055555555555555 0.5277777777777778 0.12962962962962962 0.08611111111111111
0 0.6851851851851852 0.5805555555555556 0.11296296296296296 0.0787037037037037
1 0.5481481481481482 0.5564814814814815 0.12962962962962962 0.09074074074074075
0 0.12222222222222222 0.47685185185185186 0.12962962962962962 0.08148148148148149
0 0.45555555555555555 0.512962962962963 0.11944444444444445 0.08148148148148149
1 0.7916666666666666 0.5675925925925925 0.13148148148148148 0.09537037037037037
0 0.21851851851851853 0.4583333333333333 0.125 0.08611111111111111
2 0.6518518518518519 0.5268518518518519 0.11944444444444445 0.08148148148148149
0 0.35462962962962963 0.47314814814814815 0.125 0.08888888888888889
1 0.924074074074074 0.5694444444444444 0.14629629629629629 0.10277777777777777
2 0.08148148148148149 0.4101851851851852 0.15555555555555556 0.10092592592592593
1 0.5537037037037037 0.47962962962962963 0.14629629629629629 0.10277777777777777
0 0.8666666666666667 0.512962962962963 0.13425925925925927 0.09074074074074075
0 0.18425925925925926 0.38425925925925924 0.1361111111111111 0.09814814814814815
2 0.30648148148148147 0.4064814814814815 0.14629629629629629 0.10277777777777777
1 0.7351851851851852 0.475 0.14351851851851852 0.11296296296296296
0 0.5037037037037037 0.4064814814814815 0.13148148148148148 0.10092592592592593
2 0.08518518518518518 0.32314814814814813 0.1361111111111111 0.11296296296296296
1 0.6324074074074074 0.4166666666666667 0.16296296296296298 0.11481481481481481
0 0.9351851851851852 0.4564814814814815 0.12962962962962962 0.10092592592592593
2 0.39444444444444443 0.35833333333333334 0.14629629629629629 0.10740740740740741
0 0.8268518518518518 0.42314814814814816 0.1361111111111111 0.10555555555555556
2 0.7537037037037037 0.35555555555555557 0.14814814814814814 0.12222222222222222
0 0.2657407407407407 0.26666666666666666 0.17222222222222222 0.1175925925925926
2 0.5046296296296297 0.2972222222222222 0.15555555555555556 0.11481481481481481
0 0.9407407407407408 0.37592592592592594 0.1175925925925926 0.1175925925925926
0 0.6805555555555556 0.2796296296296296 0.15555555555555556 0.125
2 0.42407407407407405 0.19907407407407407 0.18981481481481483 0.14814814814814814