0 0.5092592592592593 0.23425925925925925 0.09351851851851851 0.05462962962962963
1 0.40370370370370373 0.23333333333333334 0.1175925925925926 0.05925925925925926
1 0.7129629629629629 0.2740740740740741 0.11481481481481481 0.06666666666666667
1 0.6083333333333333 0.2675925925925926 0.10740740740740741 0.05925925925925926
1 0.4888888888888889 0.2777777777777778 0.11944444444444445 0.05925925925925926
0 0.375 0.2814814814814815 0.10092592592592593 0.05925925925925926
2 0.2740740740740741 0.28703703703703703 0.10555555555555556 0.05925925925925926
0 0.8009259259259259 0.32685185185185184 0.10092592592592593 0.05925925925925926
1 0.5842592592592593 0.3148148148148148 0.125 0.06666666666666667
1 0.7027777777777777 0.32222222222222224 0.12685185185185185 0.06666666666666667
2 0.48518518518518516 0.3351851851851852 0.11481481481481481 0.06666666666666667
1 0.8833333333333333 0.37037037037037035 0.125 0.0787037037037037
2 0.3453703703703704 0.3425925925925926 0.11481481481481481 0.06944444444444445
2 0.1824074074074074 0.3351851851851852 0.11481481481481481 0.07407407407407407
2 0.5981481481481481 0.37222222222222223 0.12222222222222222 0.06666666666666667
1 0.7101851851851851 0.38333333333333336 0.125 0.07407407407407407
1 0.9638888888888889 0.4203703703703704 0.0712962962962963 0.07685185185185185
0 0.4675925925925926 0.3861111111111111 0.10740740740740741 0.06666666666666667
0 0.8268518518518518 0.41203703703703703 0.11481481481481481 0.06481481481481481
2 0.2574074074074074 0.38333333333333336 0.12685185185185185 0.06944444444444445
2 0.37222222222222223 0.4064814814814815 0.12962962962962962 0.08148148148148149
0 0.7472222222222222 0.44351851851851853 0.11481481481481481 0.07407407407407407
1 0.600925925925926 0.43425925925925923 0.12962962962962962 0.08611111111111111
0 0.1425925925925926 0.40370370370370373 0.12962962962962962 0.07685185185185185
0 0.49444444444444446 0.4527777777777778 0.12222222222222222 0.07407407407407407
1 0.8583333333333333 0.4842592592592593 0.12962962962962962 0.09074074074074075
0 0.2351851851851852 0.44907407407407407 0.12685185185185185 0.0787037037037037
2 0.6990740740740741 0.49074074074074076 0.12222222222222222 0.07407407407407407
0 0.38333333333333336 0.4685185185185185 0.12685185185185185 0.0787037037037037
1 0.9592592592592593 0.5148148148148148 0.08148148148148149 0.09074074074074075
2 0.08333333333333333 0.46296296296296297 0.15833333333333333 0.09074074074074075
1 0.5861111111111111 0.5120370370370371 0.14629629629629629 0.09537037037037037
0 0.9194444444444444 0.5574074074074075 0.13425925925925927 0.08148148148148149
0 0.18518518518518517 0.5166666666666667 0.1388888888888889 0.09074074074074075
2 0.3175925925925926 0.525 0.14629629629629629 0.09537037037037037
1 0.775 0.5648148148148148 0.14351851851851852 0.10555555555555556
0 0.5166666666666667 0.5740740740740741 0.12962962962962962 0.09537037037037037
2 0.06851851851851852 0.5518518518518518 0.1361111111111111 0.10740740740740741
1 0.6527777777777778 0.5972222222222222 0.16574074074074074 0.10740740740740741
0 0.9518518518518518 0.6333333333333333 0.08333333333333333 0.09074074074074075
2 0.39444444444444443 0.5962962962962963 0.14814814814814814 0.10092592592592593
0 0.8537037037037037 0.6416666666666667 0.1361111111111111 0.10092592592592593
2 0.7592592592592593 0.6907407407407408 0.14814814814814814 0.11481481481481481
0 0.23796296296296296 0.6564814814814814 0.175 0.11018518518518519
2 0.49444444444444446 0.6888888888888889 0.15555555555555556 0.10740740740740741
0 0.9444444444444444 0.7222222222222222 0.08888888888888889 0.10740740740740741
0 0.6694444444444444 0.75 0.15555555555555556 0.11944444444444445
2 0.38425925925925924 0.7666666666666667 0.18981481481481483 0.14166666666666666