0 0.49074074074074076 0.7657407407407407 0.09351851851851851 0.05462962962962963
1 0.5962962962962963 0.7666666666666667 0.1175925925925926 0.05925925925925926
1 0.28703703703703703 0.725925925925926 0.11481481481481481 0.06666666666666667
1 0.39166666666666666 0.7324074074074074 0.10740740740740741 0.05925925925925926
1 0.5111111111111111 0.7222222222222222 0.11944444444444445 0.05925925925925926
0 0.625 0.7185185185185186 0.10092592592592593 0.05925925925925926
2 0.725925925925926 0.7129629629629629 0.10555555555555556 0.05925925925925926
0 0.19907407407407407 0.6731481481481482 0.10092592592592593 0.05925925925925926
1 0.41574074074074074 0.6851851851851852 0.125 0.06666666666666667
1 0.2972222222222222 0.6777777777777778 0.12685185185185185 0.06666666666666667
2 0.5148148148148148 0.6648148148148149 0.11481481481481481 0.06666666666666667
1 0.11666666666666667 0.6296296296296297 0.125 0.0787037037037037
2 0.6546296296296297 0.6574074074074074 0.11481481481481481 0.06944444444444445
2 0.8175925925925925 0.6648148148148149 0.11481481481481481 0.07407407407407407
2 0.40185185185185185 0.6277777777777778 0.12222222222222222 0.06666666666666667
1 0.2898148148148148 0.6166666666666667 0.125 0.07407407407407407
1 0.03611111111111111 0.5796296296296296 0.0712962962962963 0.07685185185185185
0 0.5324074074074074 0.6138888888888889 0.10740740740740741 0.06666666666666667
0 0.17314814814814813 0.5879629629629629 0.11481481481481481 0.06481481481481481
2 0.7425925925925926 0.6166666666666667 0.12685185185185185 0.06944444444444445
2 0.6277777777777778 0.5935185185185186 0.12962962962962962 0.08148148148148149
0 0.25277777777777777 0.5564814814814815 0.11481481481481481 0.07407407407407407
1 0.3990740740740741 0.5657407407407408 0.12962962962962962 0.08611111111111111
0 0.8574074074074074 0.5962962962962963 0.12962962962962962 0.07685185185185185
0 0.5055555555555555 0.5472222222222223 0.12222222222222222 0.07407407407407407
1 0.14166666666666666 0.5157407407407407 0.12962962962962962 0.09074074074074075
0 0.7648148148148148 0.5509259259259259 0.12685185185185185 0.0787037037037037
2 0.30092592592592593 0.5092592592592593 0.12222222222222222 0.07407407407407407
0 0.6166666666666667 0.5314814814814814 0.12685185185185185 0.0787037037037037
1 0.040740740740740744 0.48518518518518516 0.08148148148148149 0.09074074074074075
2 0.9166666666666666 0.5370370370370371 0.15833333333333333 0.09074074074074075
1 0.41388888888888886 0.487962962962963 0.14629629629629629 0.09537037037037037
0 0.08055555555555556 0.4425925925925926 0.13425925925925927 0.08148148148148149
0 0.8148148148148148 0.48333333333333334 0.1388888888888889 0.09074074074074075
2 0.6824074074074075 0.475 0.14629629629629629 0.09537037037037037
1 0.225 0.4351851851851852 0.14351851851851852 0.10555555555555556
0 0.48333333333333334 0.42592592592592593 0.12962962962962962 0.09537037037037037
2 0.9314814814814815 0.44814814814814813 0.1361111111111111 0.10740740740740741
1 0.3472222222222222 0.4027777777777778 0.16574074074074074 0.10740740740740741
0 0.04814814814814815 0.36666666666666664 0.08333333333333333 0.09074074074074075
2 0.6055555555555555 0.40370370370370373 0.14814814814814814 0.10092592592592593
0 0.14629629629629629 0.35833333333333334 0.1361111111111111 0.10092592592592593
2 0.24074074074074073 0.30925925925925923 0.14814814814814814 0.11481481481481481
0 0.7620370370370371 0.3435185185185185 0.175 0.11018518518518519
2 0.5055555555555555 0.3111111111111111 0.15555555555555556 0.10740740740740741
0 0.05555555555555555 0.2777777777777778 0.08888888888888889 0.10740740740740741
0 0.33055555555555555 0.25 0.15555555555555556 0.11944444444444445
2 0.6157407407407407 0.23333333333333334 0.18981481481481483 0.14166666666666666