1 0.5175925925925926 0.8842592592592593 0.16574074074074074 0.12962962962962962
1 0.25925925925925924 0.8777777777777778 0.15833333333333333 0.12962962962962962
1 0.8342592592592593 0.7287037037037037 0.16018518518518518 0.11944444444444445
1 0.24444444444444444 0.7138888888888889 0.14814814814814814 0.11481481481481481
1 0.5351851851851852 0.7055555555555556 0.14814814814814814 0.11481481481481481
1 0.8212962962962963 0.5351851851851852 0.1537037037037037 0.11018518518518519
1 0.5277777777777778 0.5120370370370371 0.14814814814814814 0.11481481481481481
1 0.25925925925925924 0.5 0.1537037037037037 0.12685185185185185
1 0.2814814814814815 0.30648148148148147 0.15092592592592594 0.11944444444444445
1 0.8240740740740741 0.30277777777777776 0.16018518518518518 0.12222222222222222
1 0.5648148148148148 0.29907407407407405 0.14814814814814814 0.125
1 0.8333333333333334 0.0712962962962963 0.14814814814814814 0.11944444444444445
1 0.5435185185185185 0.06018518518518518 0.16018518518518518 0.11944444444444445
1 0.2861111111111111 0.05648148148148148 0.14351851851851852 0.11296296296296296
1 0.8583333333333333 0.8916666666666667 0.17777777777777778 0.12962962962962962