1 0.8861111111111111 0.5592592592592592 0.14814814814814814 0.175
1 0.8398148148148148 0.8027777777777778 0.14629629629629629 0.1675925925925926
1 0.7861111111111111 0.23333333333333334 0.1361111111111111 0.17037037037037037
1 0.6824074074074075 0.7944444444444444 0.13148148148148148 0.15833333333333333
1 0.7185185185185186 0.5157407407407407 0.13148148148148148 0.15833333333333333
1 0.5972222222222222 0.2175925925925926 0.13148148148148148 0.16296296296296298
1 0.5324074074074074 0.4925925925925926 0.13148148148148148 0.15833333333333333
1 0.48055555555555557 0.7462962962962963 0.14166666666666666 0.16574074074074074
1 0.29907407407407405 0.6972222222222222 0.1361111111111111 0.16018518518518518
1 0.3787037037037037 0.17777777777777778 0.14351851851851852 0.175
1 0.3351851851851852 0.42592592592592593 0.14166666666666666 0.16018518518518518
1 0.1574074074074074 0.1361111111111111 0.1361111111111111 0.16018518518518518
1 0.10462962962962963 0.4111111111111111 0.1361111111111111 0.17037037037037037
1 0.06388888888888888 0.6546296296296297 0.12685185185185185 0.15555555555555556
1 0.9342592592592592 0.23425925925925925 0.13148148148148148 0.18981481481481483