1 0.11388888888888889 0.44074074074074077 0.14814814814814814 0.175
1 0.16018518518518518 0.19722222222222222 0.14629629629629629 0.1675925925925926
1 0.21388888888888888 0.7666666666666667 0.1361111111111111 0.17037037037037037
1 0.3175925925925926 0.20555555555555555 0.13148148148148148 0.15833333333333333
1 0.2814814814814815 0.4842592592592593 0.13148148148148148 0.15833333333333333
1 0.4027777777777778 0.7824074074074074 0.13148148148148148 0.16296296296296298
1 0.4675925925925926 0.5074074074074074 0.13148148148148148 0.15833333333333333
1 0.5194444444444445 0.2537037037037037 0.14166666666666666 0.16574074074074074
1 0.700925925925926 0.30277777777777776 0.1361111111111111 0.16018518518518518
1 0.6212962962962963 0.8222222222222222 0.14351851851851852 0.175
1 0.6648148148148149 0.5740740740740741 0.14166666666666666 0.16018518518518518
1 0.8425925925925926 0.8638888888888889 0.1361111111111111 0.16018518518518518
1 0.8953703703703704 0.5888888888888889 0.1361111111111111 0.17037037037037037
1 0.9361111111111111 0.3453703703703704 0.12685185185185185 0.15555555555555556
1 0.06574074074074074 0.7657407407407407 0.13148148148148148 0.18981481481481483