1 0.8842592592592593 0.4824074074074074 0.12962962962962962 0.16574074074074074
1 0.8777777777777778 0.7407407407407407 0.12962962962962962 0.15833333333333333
1 0.7287037037037037 0.16574074074074074 0.11944444444444445 0.16018518518518518
1 0.7138888888888889 0.7555555555555555 0.11481481481481481 0.14814814814814814
1 0.7055555555555556 0.4648148148148148 0.11481481481481481 0.14814814814814814
1 0.5351851851851852 0.1787037037037037 0.11018518518518519 0.1537037037037037
1 0.5120370370370371 0.4722222222222222 0.11481481481481481 0.14814814814814814
1 0.5 0.7407407407407407 0.12685185185185185 0.1537037037037037
1 0.30648148148148147 0.7185185185185186 0.11944444444444445 0.15092592592592594
1 0.30277777777777776 0.17592592592592593 0.12222222222222222 0.16018518518518518
1 0.29907407407407405 0.4351851851851852 0.125 0.14814814814814814
1 0.0712962962962963 0.16666666666666666 0.11944444444444445 0.14814814814814814
1 0.06018518518518518 0.4564814814814815 0.11944444444444445 0.16018518518518518
1 0.05648148148148148 0.7138888888888889 0.11296296296296296 0.14351851851851852
1 0.8916666666666667 0.14166666666666666 0.12962962962962962 0.17777777777777778