1 0.037037037037037035 0.49537037037037035 0.07407407407407407 0.1824074074074074
1 0.05277777777777778 0.21296296296296297 0.08611111111111111 0.17777777777777778
1 0.14907407407407408 0.8425925925925926 0.1388888888888889 0.17962962962962964
1 0.19814814814814816 0.20277777777777778 0.13148148148148148 0.17037037037037037
1 0.18981481481481483 0.5203703703703704 0.13148148148148148 0.17037037037037037
1 0.36018518518518516 0.8388888888888889 0.13148148148148148 0.175
1 0.4 0.5231481481481481 0.13148148148148148 0.17037037037037037
1 0.4305555555555556 0.23333333333333334 0.14629629629629629 0.175
1 0.637962962962963 0.26666666666666666 0.1361111111111111 0.17037037037037037
1 0.612037037037037 0.8574074074074074 0.14351851851851852 0.18425925925925926
1 0.6296296296296297 0.575925925925926 0.14351851851851852 0.17037037037037037
1 0.8629629629629629 0.8787037037037037 0.1361111111111111 0.1675925925925926
1 0.8907407407407407 0.5638888888888889 0.1388888888888889 0.17962962962962964
1 0.9101851851851852 0.28703703703703703 0.12962962962962962 0.16574074074074074
1 0.023148148148148147 0.862037037037037 0.04537037037037037 0.19444444444444445