1 0.4824074074074074 0.11574074074074074 0.16574074074074074 0.12962962962962962
1 0.7407407407407407 0.12222222222222222 0.15833333333333333 0.12962962962962962
1 0.16574074074074074 0.2712962962962963 0.16018518518518518 0.11944444444444445
1 0.7555555555555555 0.2861111111111111 0.14814814814814814 0.11481481481481481
1 0.4648148148148148 0.29444444444444445 0.14814814814814814 0.11481481481481481
1 0.1787037037037037 0.4648148148148148 0.1537037037037037 0.11018518518518519
1 0.4722222222222222 0.487962962962963 0.14814814814814814 0.11481481481481481
1 0.7407407407407407 0.5 0.1537037037037037 0.12685185185185185
1 0.7185185185185186 0.6935185185185185 0.15092592592592594 0.11944444444444445
1 0.17592592592592593 0.6972222222222222 0.16018518518518518 0.12222222222222222
1 0.4351851851851852 0.700925925925926 0.14814814814814814 0.125
1 0.16666666666666666 0.9287037037037037 0.14814814814814814 0.11944444444444445
1 0.4564814814814815 0.9398148148148148 0.16018518518518518 0.11944444444444445
1 0.7138888888888889 0.9435185185185185 0.14351851851851852 0.11296296296296296
1 0.14166666666666666 0.10833333333333334 0.17777777777777778 0.12962962962962962