1 0.5046296296296297 0.037037037037037035 0.1824074074074074 0.07407407407407407
1 0.7870370370370371 0.05277777777777778 0.17777777777777778 0.08611111111111111
1 0.1574074074074074 0.14907407407407408 0.17962962962962964 0.1388888888888889
1 0.7972222222222223 0.19814814814814816 0.17037037037037037 0.13148148148148148
1 0.47962962962962963 0.18981481481481483 0.17037037037037037 0.13148148148148148
1 0.16111111111111112 0.36018518518518516 0.175 0.13148148148148148
1 0.47685185185185186 0.4 0.17037037037037037 0.13148148148148148
1 0.7666666666666667 0.4305555555555556 0.175 0.14629629629629629
1 0.7333333333333333 0.637962962962963 0.17037037037037037 0.1361111111111111
1 0.1425925925925926 0.612037037037037 0.18425925925925926 0.14351851851851852
1 0.42407407407407405 0.6296296296296297 0.17037037037037037 0.14351851851851852
1 0.12129629629629629 0.8629629629629629 0.1675925925925926 0.1361111111111111
1 0.4361111111111111 0.8907407407407407 0.17962962962962964 0.1388888888888889
1 0.7129629629629629 0.9101851851851852 0.16574074074074074 0.12962962962962962
1 0.13796296296296295 0.023148148148148147 0.19444444444444445 0.04537037037037037