0 0.9064814814814814 0.850925925925926 0.08611111111111111 0.062037037037037036
0 0.7666666666666667 0.8342592592592593 0.08148148148148149 0.062037037037037036
0 0.4203703703703704 0.8314814814814815 0.08148148148148149 0.06666666666666667
0 0.6055555555555555 0.8277777777777777 0.08148148148148149 0.06481481481481481
0 0.23796296296296296 0.8185185185185185 0.08148148148148149 0.06481481481481481
0 0.887962962962963 0.7166666666666667 0.0787037037037037 0.06296296296296296
0 0.5981481481481481 0.7111111111111111 0.07962962962962963 0.05740740740740741
0 0.7509259259259259 0.6990740740740741 0.08148148148148149 0.05740740740740741
0 0.42685185185185187 0.6990740740740741 0.08611111111111111 0.05925925925925926
0 0.2351851851851852 0.6907407407407408 0.08611111111111111 0.06481481481481481
0 0.8944444444444445 0.5898148148148148 0.07777777777777778 0.053703703703703705
0 0.7425925925925926 0.5805555555555556 0.07685185185185185 0.06481481481481481
0 0.5925925925925926 0.575925925925926 0.07407407407407407 0.05740740740740741
0 0.42407407407407405 0.5768518518518518 0.0787037037037037 0.05740740740740741
0 0.25277777777777777 0.5648148148148148 0.08148148148148149 0.062037037037037036
1 0.774074074074074 0.45092592592592595 0.09537037037037037 0.06944444444444445
1 0.6046296296296296 0.4425925925925926 0.08888888888888889 0.06666666666666667
1 0.9074074074074074 0.4398148148148148 0.09351851851851851 0.0712962962962963
1 0.4398148148148148 0.4388888888888889 0.09074074074074075 0.07407407407407407
1 0.22870370370370371 0.43425925925925923 0.09537037037037037 0.06944444444444445
1 0.9064814814814814 0.32222222222222224 0.10092592592592593 0.07685185185185185
1 0.612037037037037 0.3212962962962963 0.09814814814814815 0.07407407407407407
1 0.7694444444444445 0.31296296296296294 0.10092592592592593 0.0712962962962963
1 0.23703703703703705 0.31296296296296294 0.10277777777777777 0.0712962962962963
1 0.4425925925925926 0.30277777777777776 0.10092592592592593 0.07685185185185185
1 0.6259259259259259 0.18518518518518517 0.09814814814814815 0.0712962962962963
1 0.44074074074074077 0.17777777777777778 0.09814814814814815 0.0712962962962963
1 0.7833333333333333 0.17592592592592593 0.10092592592592593 0.0712962962962963
1 0.23425925925925925 0.17037037037037037 0.08888888888888889 0.07037037037037037
1 0.9138888888888889 0.1685185185185185 0.10555555555555556 0.0712962962962963