0 0.02962962962962963 0.825925925925926 0.05925925925925926 0.0787037037037037
0 0.15833333333333333 0.8277777777777777 0.09814814814814815 0.0787037037037037
0 0.5296296296296297 0.8787037037037037 0.09814814814814815 0.08333333333333333
0 0.3333333333333333 0.8453703703703703 0.09814814814814815 0.08148148148148149
0 0.7296296296296296 0.8916666666666667 0.09814814814814815 0.08148148148148149
0 0.04814814814814815 0.6851851851851852 0.09537037037037037 0.08148148148148149
0 0.35462962962962963 0.725 0.10555555555555556 0.0787037037037037
0 0.19074074074074074 0.6907407407407408 0.09537037037037037 0.07407407407407407
0 0.5435185185185185 0.7388888888888889 0.10092592592592593 0.07685185185185185
0 0.7509259259259259 0.7546296296296297 0.10277777777777777 0.08148148148148149
0 0.05555555555555555 0.5509259259259259 0.10092592592592593 0.0787037037037037
0 0.2212962962962963 0.5592592592592592 0.09814814814814815 0.08148148148148149
0 0.38425925925925924 0.5805555555555556 0.08888888888888889 0.0712962962962963
0 0.5657407407407408 0.6037037037037037 0.09351851851851851 0.07407407407407407
0 0.7527777777777778 0.6166666666666667 0.09814814814814815 0.0787037037037037
1 0.20925925925925926 0.41574074074074074 0.11481481481481481 0.09074074074074075
1 0.3861111111111111 0.4351851851851852 0.11944444444444445 0.09537037037037037
1 0.06851851851851852 0.38425925925925924 0.11018518518518519 0.09074074074074075
1 0.5694444444444444 0.4527777777777778 0.10740740740740741 0.09351851851851851
1 0.7898148148148149 0.4824074074074074 0.12685185185185185 0.09537037037037037
1 0.08796296296296297 0.2574074074074074 0.11944444444444445 0.09537037037037037
1 0.4027777777777778 0.30092592592592593 0.11481481481481481 0.09537037037037037
1 0.2351851851851852 0.2675925925925926 0.1175925925925926 0.09074074074074075
1 0.8064814814814815 0.34814814814814815 0.11944444444444445 0.09074074074074075
1 0.5879629629629629 0.3074074074074074 0.11944444444444445 0.09537037037037037
1 0.4074074074074074 0.1537037037037037 0.11481481481481481 0.09074074074074075
1 0.6083333333333333 0.17314814814814813 0.11481481481481481 0.09074074074074075
1 0.24074074074074073 0.11944444444444445 0.11944444444444445 0.09074074074074075
1 0.8240740740740741 0.19814814814814816 0.11944444444444445 0.09537037037037037
1 0.10555555555555556 0.09351851851851851 0.11481481481481481 0.09351851851851851