0 0.9527777777777777 0.1574074074074074 0.09351851851851851 0.0787037037037037
0 0.8064814814814815 0.1537037037037037 0.09814814814814815 0.0787037037037037
0 0.43425925925925923 0.10462962962962963 0.09814814814814815 0.08333333333333333
0 0.6324074074074074 0.1361111111111111 0.09814814814814815 0.08148148148148149
0 0.23703703703703705 0.09351851851851851 0.09814814814814815 0.08148148148148149
0 0.9231481481481482 0.2972222222222222 0.10277777777777777 0.08148148148148149
0 0.612037037037037 0.25833333333333336 0.10555555555555556 0.0787037037037037
0 0.774074074074074 0.2935185185185185 0.09537037037037037 0.07407407407407407
0 0.42314814814814816 0.2462962962962963 0.10092592592592593 0.07685185185185185
0 0.21481481481481482 0.22870370370370371 0.10277777777777777 0.0787037037037037
0 0.9120370370370371 0.43425925925925923 0.09814814814814815 0.0787037037037037
0 0.7453703703703703 0.42407407407407405 0.09814814814814815 0.0787037037037037
0 0.5805555555555556 0.40370370370370373 0.08888888888888889 0.0712962962962963
0 0.4 0.3787037037037037 0.09351851851851851 0.07407407407407407
0 0.21388888888888888 0.36574074074074076 0.09814814814814815 0.0787037037037037
1 0.7555555555555555 0.5685185185185185 0.11481481481481481 0.09074074074074075
1 0.5805555555555556 0.549074074074074 0.11944444444444445 0.09537037037037037
1 0.8981481481481481 0.5981481481481481 0.11018518518518519 0.09074074074074075
1 0.3962962962962963 0.5287037037037037 0.10740740740740741 0.09351851851851851
1 0.17407407407407408 0.5009259259259259 0.12685185185185185 0.09537037037037037
1 0.8787037037037037 0.725 0.11944444444444445 0.09537037037037037
1 0.562962962962963 0.6842592592592592 0.11481481481481481 0.09537037037037037
1 0.7296296296296296 0.7166666666666667 0.11944444444444445 0.09074074074074075
1 0.15833333333333333 0.6370370370370371 0.11944444444444445 0.09074074074074075
1 0.3787037037037037 0.6768518518518518 0.11944444444444445 0.09537037037037037
1 0.5592592592592592 0.8296296296296296 0.11481481481481481 0.09074074074074075
1 0.35833333333333334 0.8092592592592592 0.11481481481481481 0.09074074074074075
1 0.725925925925926 0.8629629629629629 0.11944444444444445 0.09074074074074075
1 0.14166666666666666 0.7833333333333333 0.11944444444444445 0.09537037037037037
1 0.862037037037037 0.8925925925925926 0.125 0.09074074074074075