0 0.850925925925926 0.09351851851851851 0.062037037037037036 0.08611111111111111
0 0.8342592592592593 0.23333333333333334 0.062037037037037036 0.08148148148148149
0 0.8314814814814815 0.5796296296296296 0.06666666666666667 0.08148148148148149
0 0.8277777777777777 0.39444444444444443 0.06481481481481481 0.08148148148148149
0 0.8185185185185185 0.7620370370370371 0.06481481481481481 0.08148148148148149
0 0.7166666666666667 0.11203703703703703 0.06296296296296296 0.0787037037037037
0 0.7111111111111111 0.40185185185185185 0.05740740740740741 0.07962962962962963
0 0.6990740740740741 0.2490740740740741 0.05740740740740741 0.08148148148148149
0 0.6990740740740741 0.5731481481481482 0.05925925925925926 0.08611111111111111
0 0.6907407407407408 0.7648148148148148 0.06481481481481481 0.08611111111111111
0 0.5898148148148148 0.10555555555555556 0.053703703703703705 0.07777777777777778
0 0.5805555555555556 0.2574074074074074 0.06481481481481481 0.07685185185185185
0 0.575925925925926 0.4074074074074074 0.05740740740740741 0.07407407407407407
0 0.5768518518518518 0.575925925925926 0.05740740740740741 0.0787037037037037
0 0.5648148148148148 0.7472222222222222 0.062037037037037036 0.08148148148148149
1 0.45092592592592595 0.22592592592592592 0.06944444444444445 0.09537037037037037
1 0.4425925925925926 0.39537037037037037 0.06666666666666667 0.08888888888888889
1 0.4398148148148148 0.09259259259259259 0.0712962962962963 0.09351851851851851
1 0.4388888888888889 0.5601851851851852 0.07407407407407407 0.09074074074074075
1 0.43425925925925923 0.7712962962962963 0.06944444444444445 0.09537037037037037
1 0.32222222222222224 0.09351851851851851 0.07685185185185185 0.10092592592592593
1 0.3212962962962963 0.38796296296296295 0.07407407407407407 0.09814814814814815
1 0.31296296296296294 0.23055555555555557 0.0712962962962963 0.10092592592592593
1 0.31296296296296294 0.762962962962963 0.0712962962962963 0.10277777777777777
1 0.30277777777777776 0.5574074074074075 0.07685185185185185 0.10092592592592593
1 0.18518518518518517 0.37407407407407406 0.0712962962962963 0.09814814814814815
1 0.17777777777777778 0.5592592592592592 0.0712962962962963 0.09814814814814815
1 0.17592592592592593 0.21666666666666667 0.0712962962962963 0.10092592592592593
1 0.17037037037037037 0.7657407407407407 0.07037037037037037 0.08888888888888889
1 0.1685185185185185 0.08611111111111111 0.0712962962962963 0.10555555555555556