0 0.04722222222222222 0.8425925925925926 0.09351851851851851 0.0787037037037037
0 0.1935185185185185 0.8462962962962963 0.09814814814814815 0.0787037037037037
0 0.5657407407407408 0.8953703703703704 0.09814814814814815 0.08333333333333333
0 0.3675925925925926 0.8638888888888889 0.09814814814814815 0.08148148148148149
0 0.762962962962963 0.9064814814814814 0.09814814814814815 0.08148148148148149
0 0.07685185185185185 0.7027777777777777 0.10277777777777777 0.08148148148148149
0 0.38796296296296295 0.7416666666666667 0.10555555555555556 0.0787037037037037
0 0.22592592592592592 0.7064814814814815 0.09537037037037037 0.07407407407407407
0 0.5768518518518518 0.7537037037037037 0.10092592592592593 0.07685185185185185
0 0.7851851851851852 0.7712962962962963 0.10277777777777777 0.0787037037037037
0 0.08796296296296297 0.5657407407407408 0.09814814814814815 0.0787037037037037
0 0.25462962962962965 0.575925925925926 0.09814814814814815 0.0787037037037037
0 0.41944444444444445 0.5962962962962963 0.08888888888888889 0.0712962962962963
0 0.6 0.6212962962962963 0.09351851851851851 0.07407407407407407
0 0.7861111111111111 0.6342592592592593 0.09814814814814815 0.0787037037037037
1 0.24444444444444444 0.43148148148148147 0.11481481481481481 0.09074074074074075
1 0.41944444444444445 0.45092592592592595 0.11944444444444445 0.09537037037037037
1 0.10185185185185185 0.40185185185185185 0.11018518518518519 0.09074074074074075
1 0.6037037037037037 0.47129629629629627 0.10740740740740741 0.09351851851851851
1 0.825925925925926 0.49907407407407406 0.12685185185185185 0.09537037037037037
1 0.12129629629629629 0.275 0.11944444444444445 0.09537037037037037
1 0.43703703703703706 0.31574074074074077 0.11481481481481481 0.09537037037037037
1 0.27037037037037037 0.2833333333333333 0.11944444444444445 0.09074074074074075
1 0.8416666666666667 0.362962962962963 0.11944444444444445 0.09074074074074075
1 0.6212962962962963 0.32314814814814813 0.11944444444444445 0.09537037037037037
1 0.44074074074074077 0.17037037037037037 0.11481481481481481 0.09074074074074075
1 0.6416666666666667 0.19074074074074074 0.11481481481481481 0.09074074074074075
1 0.2740740740740741 0.13703703703703704 0.11944444444444445 0.09074074074074075
1 0.8583333333333333 0.21666666666666667 0.11944444444444445 0.09537037037037037
1 0.13796296296296295 0.10740740740740741 0.125 0.09074074074074075