0 0.9481481481481482 0.8037037037037037 0.10277777777777777 0.0787037037037037
0 0.7898148148148149 0.8037037037037037 0.09537037037037037 0.0787037037037037
0 0.3962962962962963 0.8361111111111111 0.09814814814814815 0.08333333333333333
0 0.6074074074074074 0.812962962962963 0.09537037037037037 0.0787037037037037
0 0.18888888888888888 0.8361111111111111 0.09537037037037037 0.0787037037037037
0 0.9194444444444444 0.6601851851851852 0.10277777777777777 0.0787037037037037
0 0.5925925925925926 0.6842592592592592 0.10555555555555556 0.08148148148148149
0 0.762962962962963 0.6546296296296297 0.09537037037037037 0.07407407407407407
0 0.3925925925925926 0.6861111111111111 0.10277777777777777 0.07407407407407407
0 0.17407407407407408 0.6925925925925925 0.10277777777777777 0.0787037037037037
0 0.9157407407407407 0.5166666666666667 0.09537037037037037 0.07407407407407407
0 0.7407407407407407 0.5194444444444445 0.09814814814814815 0.08148148148148149
0 0.5657407407407408 0.5296296296296297 0.08888888888888889 0.07407407407407407
0 0.37592592592592594 0.5472222222222223 0.09537037037037037 0.07407407407407407
0 0.1814814814814815 0.549074074074074 0.09537037037037037 0.0787037037037037
1 0.7592592592592593 0.36666666666666664 0.1175925925925926 0.08888888888888889
1 0.5731481481481482 0.37592592592592594 0.12222222222222222 0.09351851851851851
1 0.9101851851851852 0.3435185185185185 0.11296296296296296 0.09074074074074075
1 0.38055555555555554 0.38796296296296295 0.11018518518518519 0.09351851851851851
1 0.14814814814814814 0.40370370370370373 0.12962962962962962 0.09537037037037037
1 0.8962962962962963 0.2101851851851852 0.12222222222222222 0.09537037037037037
1 0.5638888888888889 0.2351851851851852 0.11944444444444445 0.09351851851851851
1 0.7416666666666667 0.2111111111111111 0.12222222222222222 0.09351851851851851
1 0.13796296296296295 0.26296296296296295 0.125 0.09074074074074075
1 0.36944444444444446 0.2324074074074074 0.12222222222222222 0.09537037037037037
1 0.5657407407407408 0.08333333333333333 0.11944444444444445 0.09074074074074075
1 0.35555555555555557 0.09259259259259259 0.1175925925925926 0.09074074074074075
1 0.7444444444444445 0.05648148148148148 0.12222222222222222 0.09074074074074075
1 0.12777777777777777 0.10833333333333334 0.12222222222222222 0.09537037037037037
1 0.887962962962963 0.03888888888888889 0.12685185185185185 0.07685185185185185