0 0.825925925925926 0.9703703703703703 0.0787037037037037 0.05925925925925926
0 0.8277777777777777 0.8416666666666667 0.0787037037037037 0.09814814814814815
0 0.8787037037037037 0.4703703703703704 0.08333333333333333 0.09814814814814815
0 0.8453703703703703 0.6666666666666666 0.08148148148148149 0.09814814814814815
0 0.8916666666666667 0.27037037037037037 0.08148148148148149 0.09814814814814815
0 0.6851851851851852 0.9518518518518518 0.08148148148148149 0.09537037037037037
0 0.725 0.6453703703703704 0.0787037037037037 0.10555555555555556
0 0.6907407407407408 0.8092592592592592 0.07407407407407407 0.09537037037037037
0 0.7388888888888889 0.4564814814814815 0.07685185185185185 0.10092592592592593
0 0.7546296296296297 0.2490740740740741 0.08148148148148149 0.10277777777777777
0 0.5509259259259259 0.9444444444444444 0.0787037037037037 0.10092592592592593
0 0.5592592592592592 0.7787037037037037 0.08148148148148149 0.09814814814814815
0 0.5805555555555556 0.6157407407407407 0.0712962962962963 0.08888888888888889
0 0.6037037037037037 0.43425925925925923 0.07407407407407407 0.09351851851851851
0 0.6166666666666667 0.24722222222222223 0.0787037037037037 0.09814814814814815
1 0.41574074074074074 0.7907407407407407 0.09074074074074075 0.11481481481481481
1 0.4351851851851852 0.6138888888888889 0.09537037037037037 0.11944444444444445
1 0.38425925925925924 0.9314814814814815 0.09074074074074075 0.11018518518518519
1 0.4527777777777778 0.4305555555555556 0.09351851851851851 0.10740740740740741
1 0.4824074074074074 0.2101851851851852 0.09537037037037037 0.12685185185185185
1 0.2574074074074074 0.9120370370370371 0.09537037037037037 0.11944444444444445
1 0.30092592592592593 0.5972222222222222 0.09537037037037037 0.11481481481481481
1 0.2675925925925926 0.7648148148148148 0.09074074074074075 0.1175925925925926
1 0.34814814814814815 0.1935185185185185 0.09074074074074075 0.11944444444444445
1 0.3074074074074074 0.41203703703703703 0.09537037037037037 0.11944444444444445
1 0.1537037037037037 0.5925925925925926 0.09074074074074075 0.11481481481481481
1 0.17314814814814813 0.39166666666666666 0.09074074074074075 0.11481481481481481
1 0.11944444444444445 0.7592592592592593 0.09074074074074075 0.11944444444444445
1 0.19814814814814816 0.17592592592592593 0.09537037037037037 0.11944444444444445
1 0.09351851851851851 0.8944444444444445 0.09351851851851851 0.11481481481481481