0 0.14907407407407408 0.9064814814814814 0.062037037037037036 0.08611111111111111
0 0.16574074074074074 0.7666666666666667 0.062037037037037036 0.08148148148148149
0 0.1685185185185185 0.4203703703703704 0.06666666666666667 0.08148148148148149
0 0.17222222222222222 0.6055555555555555 0.06481481481481481 0.08148148148148149
0 0.1814814814814815 0.23796296296296296 0.06481481481481481 0.08148148148148149
0 0.2833333333333333 0.887962962962963 0.06296296296296296 0.0787037037037037
0 0.28888888888888886 0.5981481481481481 0.05740740740740741 0.07962962962962963
0 0.30092592592592593 0.7509259259259259 0.05740740740740741 0.08148148148148149
0 0.30092592592592593 0.42685185185185187 0.05925925925925926 0.08611111111111111
0 0.30925925925925923 0.2351851851851852 0.06481481481481481 0.08611111111111111
0 0.4101851851851852 0.8944444444444445 0.053703703703703705 0.07777777777777778
0 0.41944444444444445 0.7425925925925926 0.06481481481481481 0.07685185185185185
0 0.42407407407407405 0.5925925925925926 0.05740740740740741 0.07407407407407407
0 0.42314814814814816 0.42407407407407405 0.05740740740740741 0.0787037037037037
0 0.4351851851851852 0.25277777777777777 0.062037037037037036 0.08148148148148149
1 0.549074074074074 0.774074074074074 0.06944444444444445 0.09537037037037037
1 0.5574074074074075 0.6046296296296296 0.06666666666666667 0.08888888888888889
1 0.5601851851851852 0.9074074074074074 0.0712962962962963 0.09351851851851851
1 0.5611111111111111 0.4398148148148148 0.07407407407407407 0.09074074074074075
1 0.5657407407407408 0.22870370370370371 0.06944444444444445 0.09537037037037037
1 0.6777777777777778 0.9064814814814814 0.07685185185185185 0.10092592592592593
1 0.6787037037037037 0.612037037037037 0.07407407407407407 0.09814814814814815
1 0.687037037037037 0.7694444444444445 0.0712962962962963 0.10092592592592593
1 0.687037037037037 0.23703703703703705 0.0712962962962963 0.10277777777777777
1 0.6972222222222222 0.4425925925925926 0.07685185185185185 0.10092592592592593
1 0.8148148148148148 0.6259259259259259 0.0712962962962963 0.09814814814814815
1 0.8222222222222222 0.44074074074074077 0.0712962962962963 0.09814814814814815
1 0.8240740740740741 0.7833333333333333 0.0712962962962963 0.10092592592592593
1 0.8296296296296296 0.23425925925925925 0.07037037037037037 0.08888888888888889
1 0.8314814814814815 0.9138888888888889 0.0712962962962963 0.10555555555555556