0 0.9287037037037037 0.14907407407407408 0.09351851851851851 0.06944444444444445
0 0.7824074074074074 0.1574074074074074 0.08888888888888889 0.06944444444444445
0 0.42314814814814816 0.14074074074074075 0.08333333333333333 0.07407407407407407
0 0.6157407407407407 0.15462962962962962 0.08888888888888889 0.0712962962962963
0 0.23333333333333334 0.14629629629629629 0.08888888888888889 0.0712962962962963
0 0.9074074074074074 0.2833333333333333 0.09351851851851851 0.0712962962962963
0 0.6055555555555555 0.27314814814814814 0.09351851851851851 0.06944444444444445
0 0.762962962962963 0.2935185185185185 0.08888888888888889 0.06481481481481481
0 0.42407407407407405 0.27685185185185185 0.09351851851851851 0.06666666666666667
0 0.22314814814814815 0.2777777777777778 0.09351851851851851 0.06944444444444445
0 0.9074074074074074 0.41574074074074074 0.08888888888888889 0.06666666666666667
0 0.7472222222222222 0.41944444444444445 0.08888888888888889 0.0712962962962963
0 0.5888888888888889 0.4148148148148148 0.0787037037037037 0.06481481481481481
0 0.41388888888888886 0.4046296296296296 0.08333333333333333 0.06481481481481481
0 0.23425925925925925 0.4083333333333333 0.08888888888888889 0.06944444444444445
1 0.7703703703703704 0.5574074074074075 0.10555555555555556 0.07685185185185185
1 0.6 0.5537037037037037 0.11018518518518519 0.08148148148148149
1 0.9074074074074074 0.5740740740740741 0.10092592592592593 0.0787037037037037
1 0.42314814814814816 0.5509259259259259 0.10092592592592593 0.08148148148148149
1 0.20925925925925926 0.5416666666666666 0.1175925925925926 0.08611111111111111
1 0.9 0.6972222222222222 0.11018518518518519 0.08611111111111111
1 0.5935185185185186 0.6842592592592592 0.10555555555555556 0.08148148148148149
1 0.7583333333333333 0.6990740740740741 0.11018518518518519 0.08148148148148149
1 0.20462962962962963 0.6722222222222223 0.11018518518518519 0.0787037037037037
1 0.4166666666666667 0.6935185185185185 0.11018518518518519 0.08611111111111111
1 0.6018518518518519 0.8231481481481482 0.10555555555555556 0.0787037037037037
1 0.4101851851851852 0.8194444444444444 0.10555555555555556 0.0787037037037037
1 0.7648148148148148 0.8416666666666667 0.11018518518518519 0.0787037037037037
1 0.20092592592592592 0.8148148148148148 0.11018518518518519 0.08611111111111111
1 0.899074074074074 0.8592592592592593 0.11481481481481481 0.0787037037037037