0 0.9703703703703703 0.17407407407407408 0.05925925925925926 0.0787037037037037
0 0.8416666666666667 0.17222222222222222 0.09814814814814815 0.0787037037037037
0 0.4703703703703704 0.12129629629629629 0.09814814814814815 0.08333333333333333
0 0.6666666666666666 0.15462962962962962 0.09814814814814815 0.08148148148148149
0 0.27037037037037037 0.10833333333333334 0.09814814814814815 0.08148148148148149
0 0.9518518518518518 0.3148148148148148 0.09537037037037037 0.08148148148148149
0 0.6453703703703704 0.275 0.10555555555555556 0.0787037037037037
0 0.8092592592592592 0.30925925925925923 0.09537037037037037 0.07407407407407407
0 0.4564814814814815 0.2611111111111111 0.10092592592592593 0.07685185185185185
0 0.2490740740740741 0.24537037037037038 0.10277777777777777 0.08148148148148149
0 0.9444444444444444 0.44907407407407407 0.10092592592592593 0.0787037037037037
0 0.7787037037037037 0.44074074074074077 0.09814814814814815 0.08148148148148149
0 0.6157407407407407 0.41944444444444445 0.08888888888888889 0.0712962962962963
0 0.43425925925925923 0.3962962962962963 0.09351851851851851 0.07407407407407407
0 0.24722222222222223 0.38333333333333336 0.09814814814814815 0.0787037037037037
1 0.7907407407407407 0.5842592592592593 0.11481481481481481 0.09074074074074075
1 0.6138888888888889 0.5648148148148148 0.11944444444444445 0.09537037037037037
1 0.9314814814814815 0.6157407407407407 0.11018518518518519 0.09074074074074075
1 0.4305555555555556 0.5472222222222223 0.10740740740740741 0.09351851851851851
1 0.2101851851851852 0.5175925925925926 0.12685185185185185 0.09537037037037037
1 0.9120370370370371 0.7425925925925926 0.11944444444444445 0.09537037037037037
1 0.5972222222222222 0.6990740740740741 0.11481481481481481 0.09537037037037037
1 0.7648148148148148 0.7324074074074074 0.1175925925925926 0.09074074074074075
1 0.1935185185185185 0.6518518518518519 0.11944444444444445 0.09074074074074075
1 0.41203703703703703 0.6925925925925925 0.11944444444444445 0.09537037037037037
1 0.5925925925925926 0.8462962962962963 0.11481481481481481 0.09074074074074075
1 0.39166666666666666 0.8268518518518518 0.11481481481481481 0.09074074074074075
1 0.7592592592592593 0.8805555555555555 0.11944444444444445 0.09074074074074075
1 0.17592592592592593 0.8018518518518518 0.11944444444444445 0.09537037037037037
1 0.8944444444444445 0.9064814814814814 0.11481481481481481 0.09351851851851851