0 0.0712962962962963 0.850925925925926 0.09351851851851851 0.06944444444444445
0 0.2175925925925926 0.8425925925925926 0.08888888888888889 0.06944444444444445
0 0.5768518518518518 0.8592592592592593 0.08333333333333333 0.07407407407407407
0 0.38425925925925924 0.8453703703703703 0.08888888888888889 0.0712962962962963
0 0.7666666666666667 0.8537037037037037 0.08888888888888889 0.0712962962962963
0 0.09259259259259259 0.7166666666666667 0.09351851851851851 0.0712962962962963
0 0.39444444444444443 0.7268518518518519 0.09351851851851851 0.06944444444444445
0 0.23703703703703705 0.7064814814814815 0.08888888888888889 0.06481481481481481
0 0.575925925925926 0.7231481481481481 0.09351851851851851 0.06666666666666667
0 0.7768518518518519 0.7222222222222222 0.09351851851851851 0.06944444444444445
0 0.09259259259259259 0.5842592592592593 0.08888888888888889 0.06666666666666667
0 0.25277777777777777 0.5805555555555556 0.08888888888888889 0.0712962962962963
0 0.4111111111111111 0.5851851851851851 0.0787037037037037 0.06481481481481481
0 0.5861111111111111 0.5953703703703703 0.08333333333333333 0.06481481481481481
0 0.7657407407407407 0.5916666666666667 0.08888888888888889 0.06944444444444445
1 0.22962962962962963 0.4425925925925926 0.10555555555555556 0.07685185185185185
1 0.4 0.4462962962962963 0.11018518518518519 0.08148148148148149
1 0.09259259259259259 0.42592592592592593 0.10092592592592593 0.0787037037037037
1 0.5768518518518518 0.44907407407407407 0.10092592592592593 0.08148148148148149
1 0.7907407407407407 0.4583333333333333 0.1175925925925926 0.08611111111111111
1 0.1 0.30277777777777776 0.11018518518518519 0.08611111111111111
1 0.4064814814814815 0.31574074074074077 0.10555555555555556 0.08148148148148149
1 0.24166666666666667 0.30092592592592593 0.11018518518518519 0.08148148148148149
1 0.7953703703703704 0.3277777777777778 0.11018518518518519 0.0787037037037037
1 0.5833333333333334 0.30648148148148147 0.11018518518518519 0.08611111111111111
1 0.39814814814814814 0.17685185185185184 0.10555555555555556 0.0787037037037037
1 0.5898148148148148 0.18055555555555555 0.10555555555555556 0.0787037037037037
1 0.2351851851851852 0.15833333333333333 0.11018518518518519 0.0787037037037037
1 0.799074074074074 0.18518518518518517 0.11018518518518519 0.08611111111111111
1 0.10092592592592593 0.14074074074074075 0.11481481481481481 0.0787037037037037