0 0.1962962962962963 0.9481481481481482 0.0787037037037037 0.10277777777777777
0 0.1962962962962963 0.7898148148148149 0.0787037037037037 0.09537037037037037
0 0.1638888888888889 0.3962962962962963 0.08333333333333333 0.09814814814814815
0 0.18703703703703703 0.6074074074074074 0.0787037037037037 0.09537037037037037
0 0.1638888888888889 0.18888888888888888 0.0787037037037037 0.09537037037037037
0 0.3398148148148148 0.9194444444444444 0.0787037037037037 0.10277777777777777
0 0.31574074074074077 0.5925925925925926 0.08148148148148149 0.10555555555555556
0 0.3453703703703704 0.762962962962963 0.07407407407407407 0.09537037037037037
0 0.3138888888888889 0.3925925925925926 0.07407407407407407 0.10277777777777777
0 0.3074074074074074 0.17407407407407408 0.0787037037037037 0.10277777777777777
0 0.48333333333333334 0.9157407407407407 0.07407407407407407 0.09537037037037037
0 0.48055555555555557 0.7407407407407407 0.08148148148148149 0.09814814814814815
0 0.4703703703703704 0.5657407407407408 0.07407407407407407 0.08888888888888889
0 0.4527777777777778 0.37592592592592594 0.07407407407407407 0.09537037037037037
0 0.45092592592592595 0.1814814814814815 0.0787037037037037 0.09537037037037037
1 0.6333333333333333 0.7592592592592593 0.08888888888888889 0.1175925925925926
1 0.6240740740740741 0.5731481481481482 0.09351851851851851 0.12222222222222222
1 0.6564814814814814 0.9101851851851852 0.09074074074074075 0.11296296296296296
1 0.612037037037037 0.38055555555555554 0.09351851851851851 0.11018518518518519
1 0.5962962962962963 0.14814814814814814 0.09537037037037037 0.12962962962962962
1 0.7898148148148149 0.8962962962962963 0.09537037037037037 0.12222222222222222
1 0.7648148148148148 0.5638888888888889 0.09351851851851851 0.11944444444444445
1 0.7888888888888889 0.7416666666666667 0.09351851851851851 0.12222222222222222
1 0.737037037037037 0.13796296296296295 0.09074074074074075 0.125
1 0.7675925925925926 0.36944444444444446 0.09537037037037037 0.12222222222222222
1 0.9166666666666666 0.5657407407407408 0.09074074074074075 0.11944444444444445
1 0.9074074074074074 0.35555555555555557 0.09074074074074075 0.1175925925925926
1 0.9435185185185185 0.7444444444444445 0.09074074074074075 0.12222222222222222
1 0.8916666666666667 0.12777777777777777 0.09537037037037037 0.12222222222222222
1 0.9611111111111111 0.887962962962963 0.07685185185185185 0.12685185185185185