0 0.850925925925926 0.9287037037037037 0.06944444444444445 0.09351851851851851
0 0.8425925925925926 0.7824074074074074 0.06944444444444445 0.08888888888888889
0 0.8592592592592593 0.42314814814814816 0.07407407407407407 0.08333333333333333
0 0.8453703703703703 0.6157407407407407 0.0712962962962963 0.08888888888888889
0 0.8537037037037037 0.23333333333333334 0.0712962962962963 0.08888888888888889
0 0.7166666666666667 0.9074074074074074 0.0712962962962963 0.09351851851851851
0 0.7268518518518519 0.6055555555555555 0.06944444444444445 0.09351851851851851
0 0.7064814814814815 0.762962962962963 0.06481481481481481 0.08888888888888889
0 0.7231481481481481 0.42407407407407405 0.06666666666666667 0.09351851851851851
0 0.7222222222222222 0.22314814814814815 0.06944444444444445 0.09351851851851851
0 0.5842592592592593 0.9074074074074074 0.06666666666666667 0.08888888888888889
0 0.5805555555555556 0.7472222222222222 0.0712962962962963 0.08888888888888889
0 0.5851851851851851 0.5888888888888889 0.06481481481481481 0.0787037037037037
0 0.5953703703703703 0.41388888888888886 0.06481481481481481 0.08333333333333333
0 0.5916666666666667 0.23425925925925925 0.06944444444444445 0.08888888888888889
1 0.4425925925925926 0.7703703703703704 0.07685185185185185 0.10555555555555556
1 0.4462962962962963 0.6 0.08148148148148149 0.11018518518518519
1 0.42592592592592593 0.9074074074074074 0.0787037037037037 0.10092592592592593
1 0.44907407407407407 0.42314814814814816 0.08148148148148149 0.10092592592592593
1 0.4583333333333333 0.20925925925925926 0.08611111111111111 0.1175925925925926
1 0.30277777777777776 0.9 0.08611111111111111 0.11018518518518519
1 0.31574074074074077 0.5935185185185186 0.08148148148148149 0.10555555555555556
1 0.30092592592592593 0.7583333333333333 0.08148148148148149 0.11018518518518519
1 0.3277777777777778 0.20462962962962963 0.0787037037037037 0.11018518518518519
1 0.30648148148148147 0.4166666666666667 0.08611111111111111 0.11018518518518519
1 0.17685185185185184 0.6018518518518519 0.0787037037037037 0.10555555555555556
1 0.18055555555555555 0.4101851851851852 0.0787037037037037 0.10555555555555556
1 0.15833333333333333 0.7648148148148148 0.0787037037037037 0.11018518518518519
1 0.18518518518518517 0.20092592592592592 0.08611111111111111 0.11018518518518519
1 0.14074074074074075 0.899074074074074 0.0787037037037037 0.11481481481481481