0 0.9342592592592592 0.8712962962962963 0.08148148148148149 0.10092592592592593
0 0.8925925925925926 0.725925925925926 0.08148148148148149 0.09537037037037037
0 0.825925925925926 0.36203703703703705 0.08611111111111111 0.09814814814814815
0 0.8574074074074074 0.5574074074074075 0.08333333333333333 0.09537037037037037
0 0.775 0.17222222222222222 0.08333333333333333 0.09537037037037037
0 0.7935185185185185 0.8796296296296297 0.08333333333333333 0.10092592592592593
0 0.7351851851851852 0.5740740740740741 0.08333333333333333 0.10555555555555556
0 0.7527777777777778 0.7388888888888889 0.07685185185185185 0.09537037037037037
0 0.6888888888888889 0.3925925925925926 0.0787037037037037 0.10092592592592593
0 0.6416666666666667 0.1925925925925926 0.08148148148148149 0.10092592592592593
0 0.6611111111111111 0.9111111111111111 0.08148148148148149 0.09537037037037037
0 0.6203703703703703 0.7509259259259259 0.08148148148148149 0.09537037037037037
0 0.5888888888888889 0.5898148148148148 0.07407407407407407 0.08888888888888889
0 0.5574074074074075 0.41388888888888886 0.07685185185185185 0.09537037037037037
0 0.512962962962963 0.23333333333333334 0.08148148148148149 0.09537037037037037
1 0.48703703703703705 0.8064814814814815 0.09074074074074075 0.11481481481481481
1 0.45185185185185184 0.6342592592592593 0.09537037037037037 0.11944444444444445
1 0.5037037037037037 0.9462962962962963 0.09351851851851851 0.10740740740740741
1 0.4148148148148148 0.45555555555555555 0.09351851851851851 0.10740740740740741
1 0.37407407407407406 0.23796296296296296 0.10092592592592593 0.12685185185185185
1 0.3787037037037037 0.9546296296296296 0.09814814814814815 0.09074074074074075
1 0.3212962962962963 0.6583333333333333 0.09537037037037037 0.1175925925925926
1 0.3398148148148148 0.825925925925926 0.09351851851851851 0.11944444444444445
1 0.24166666666666667 0.26296296296296295 0.09537037037037037 0.12222222222222222
1 0.26944444444444443 0.48333333333333334 0.09814814814814815 0.11944444444444445
1 0.1824074074074074 0.6990740740740741 0.09351851851851851 0.11481481481481481
1 0.1398148148148148 0.5046296296296297 0.09351851851851851 0.1175925925925926
1 0.20092592592592592 0.8666666666666667 0.09351851851851851 0.11944444444444445
1 0.09722222222222222 0.29444444444444445 0.09814814814814815 0.11944444444444445
1 0.21296296296296297 0.9722222222222222 0.09351851851851851 0.05462962962962963