0 0.1287037037037037 0.9342592592592592 0.10092592592592593 0.08148148148148149
0 0.2740740740740741 0.8925925925925926 0.09537037037037037 0.08148148148148149
0 0.637962962962963 0.825925925925926 0.09814814814814815 0.08611111111111111
0 0.4425925925925926 0.8574074074074074 0.09537037037037037 0.08333333333333333
0 0.8277777777777777 0.775 0.09537037037037037 0.08333333333333333
0 0.12037037037037036 0.7935185185185185 0.10092592592592593 0.08333333333333333
0 0.42592592592592593 0.7351851851851852 0.10555555555555556 0.08333333333333333
0 0.2611111111111111 0.7527777777777778 0.09537037037037037 0.07685185185185185
0 0.6074074074074074 0.6888888888888889 0.10092592592592593 0.0787037037037037
0 0.8074074074074075 0.6416666666666667 0.10092592592592593 0.08148148148148149
0 0.08888888888888889 0.6611111111111111 0.09537037037037037 0.08148148148148149
0 0.2490740740740741 0.6203703703703703 0.09537037037037037 0.08148148148148149
0 0.4101851851851852 0.5888888888888889 0.08888888888888889 0.07407407407407407
0 0.5861111111111111 0.5574074074074075 0.09537037037037037 0.07685185185185185
0 0.7666666666666667 0.512962962962963 0.09537037037037037 0.08148148148148149
1 0.1935185185185185 0.48703703703703705 0.11481481481481481 0.09074074074074075
1 0.36574074074074076 0.45185185185185184 0.11944444444444445 0.09537037037037037
1 0.053703703703703705 0.5037037037037037 0.10740740740740741 0.09351851851851851
1 0.5444444444444444 0.4148148148148148 0.10740740740740741 0.09351851851851851
1 0.7620370370370371 0.37407407407407406 0.12685185185185185 0.10092592592592593
1 0.04537037037037037 0.3787037037037037 0.09074074074074075 0.09814814814814815
1 0.3416666666666667 0.3212962962962963 0.1175925925925926 0.09537037037037037
1 0.17407407407407408 0.3398148148148148 0.11944444444444445 0.09351851851851851
1 0.737037037037037 0.24166666666666667 0.12222222222222222 0.09537037037037037
1 0.5166666666666667 0.26944444444444443 0.11944444444444445 0.09814814814814815
1 0.30092592592592593 0.1824074074074074 0.11481481481481481 0.09351851851851851
1 0.49537037037037035 0.1398148148148148 0.1175925925925926 0.09351851851851851
1 0.13333333333333333 0.20092592592592592 0.11944444444444445 0.09351851851851851
1 0.7055555555555556 0.09722222222222222 0.11944444444444445 0.09814814814814815
1 0.027777777777777776 0.21296296296296297 0.05462962962962963 0.09351851851851851