0 0.7407407407407407 0.37222222222222223 0.05462962962962963 0.07685185185185185
1 0.7472222222222222 0.8944444444444445 0.05 0.10277777777777777
0 0.737037037037037 0.6981481481481482 0.05 0.07685185185185185
0 0.7342592592592593 0.5361111111111111 0.05 0.07685185185185185
0 0.6694444444444444 0.37222222222222223 0.04537037037037037 0.08148148148148149
1 0.6777777777777778 0.8962962962962963 0.05925925925925926 0.10555555555555556
0 0.6657407407407407 0.549074074074074 0.05 0.08148148148148149
0 0.6638888888888889 0.7185185185185186 0.05 0.08148148148148149
0 0.5777777777777777 0.35833333333333334 0.05462962962962963 0.09074074074074075
1 0.5833333333333334 0.9462962962962963 0.06944444444444445 0.10555555555555556
0 0.5731481481481482 0.525 0.05462962962962963 0.08611111111111111
0 0.5694444444444444 0.7333333333333333 0.05925925925925926 0.09074074074074075
0 0.44814814814814813 0.5351851851851852 0.06944444444444445 0.10092592592592593
0 0.44351851851851853 0.3175925925925926 0.06944444444444445 0.10740740740740741
1 0.4583333333333333 0.9638888888888889 0.09351851851851851 0.0712962962962963
0 0.44814814814814813 0.7472222222222222 0.07407407407407407 0.10277777777777777
0 0.27870370370370373 0.7916666666666666 0.09351851851851851 0.12222222222222222
0 0.2675925925925926 0.30277777777777776 0.08888888888888889 0.11481481481481481
0 0.27037037037037037 0.5481481481481482 0.08888888888888889 0.11481481481481481