0 0.7703703703703704 0.4185185185185185 0.06481481481481481 0.08611111111111111
1 0.7185185185185186 0.9527777777777777 0.062037037037037036 0.09351851851851851
0 0.7296296296296296 0.7546296296296297 0.05925925925925926 0.08333333333333333
0 0.7453703703703703 0.5851851851851851 0.05925925925925926 0.08611111111111111
0 0.6962962962962963 0.4083333333333333 0.05277777777777778 0.09074074074074075
1 0.6462962962962963 0.9490740740740741 0.06666666666666667 0.10092592592592593
0 0.6722222222222223 0.5925925925925926 0.05925925925925926 0.09074074074074075
0 0.6518518518518519 0.7675925925925926 0.05925925925925926 0.09074074074074075
0 0.6037037037037037 0.38425925925925924 0.06481481481481481 0.10092592592592593
1 0.5453703703703704 0.9685185185185186 0.07685185185185185 0.062037037037037036
0 0.5796296296296296 0.5592592592592592 0.06481481481481481 0.09537037037037037
0 0.5527777777777778 0.774074074074074 0.06944444444444445 0.10092592592592593
0 0.44907407407407407 0.5537037037037037 0.08148148148148149 0.11018518518518519
0 0.4675925925925926 0.32685185185185184 0.0787037037037037 0.1175925925925926
1 0.41203703703703703 0.9787037037037037 0.09814814814814815 0.03796296296296296
0 0.42407407407407405 0.775 0.08611111111111111 0.11296296296296296
0 0.24444444444444444 0.8027777777777778 0.10740740740740741 0.13148148148148148
0 0.2861111111111111 0.2935185185185185 0.10092592592592593 0.125
0 0.262037037037037 0.549074074074074 0.10092592592592593 0.125