0 0.25925925925925924 0.6277777777777778 0.05462962962962963 0.07685185185185185
1 0.25277777777777777 0.10555555555555556 0.05 0.10277777777777777
0 0.26296296296296295 0.30185185185185187 0.05 0.07685185185185185
0 0.2657407407407407 0.4638888888888889 0.05 0.07685185185185185
0 0.33055555555555555 0.6277777777777778 0.04537037037037037 0.08148148148148149
1 0.32222222222222224 0.1037037037037037 0.05925925925925926 0.10555555555555556
0 0.33425925925925926 0.45092592592592595 0.05 0.08148148148148149
0 0.33611111111111114 0.2814814814814815 0.05 0.08148148148148149
0 0.4222222222222222 0.6416666666666667 0.05462962962962963 0.09074074074074075
1 0.4166666666666667 0.053703703703703705 0.06944444444444445 0.10555555555555556
0 0.42685185185185187 0.475 0.05462962962962963 0.08611111111111111
0 0.4305555555555556 0.26666666666666666 0.05925925925925926 0.09074074074074075
0 0.5518518518518518 0.4648148148148148 0.06944444444444445 0.10092592592592593
0 0.5564814814814815 0.6824074074074075 0.06944444444444445 0.10740740740740741
1 0.5416666666666666 0.03611111111111111 0.09351851851851851 0.0712962962962963
0 0.5518518518518518 0.25277777777777777 0.07407407407407407 0.10277777777777777
0 0.7212962962962963 0.20833333333333334 0.09351851851851851 0.12222222222222222
0 0.7324074074074074 0.6972222222222222 0.08888888888888889 0.11481481481481481
0 0.7296296296296296 0.45185185185185184 0.08888888888888889 0.11481481481481481