0 0.37222222222222223 0.25925925925925924 0.07685185185185185 0.05462962962962963
1 0.8944444444444445 0.25277777777777777 0.10277777777777777 0.05
0 0.6981481481481482 0.26296296296296295 0.07685185185185185 0.05
0 0.5361111111111111 0.2657407407407407 0.07685185185185185 0.05
0 0.37222222222222223 0.33055555555555555 0.08148148148148149 0.04537037037037037
1 0.8962962962962963 0.32222222222222224 0.10555555555555556 0.05925925925925926
0 0.549074074074074 0.33425925925925926 0.08148148148148149 0.05
0 0.7185185185185186 0.33611111111111114 0.08148148148148149 0.05
0 0.35833333333333334 0.4222222222222222 0.09074074074074075 0.05462962962962963
1 0.9462962962962963 0.4166666666666667 0.10555555555555556 0.06944444444444445
0 0.525 0.42685185185185187 0.08611111111111111 0.05462962962962963
0 0.7333333333333333 0.4305555555555556 0.09074074074074075 0.05925925925925926
0 0.5351851851851852 0.5518518518518518 0.10092592592592593 0.06944444444444445
0 0.3175925925925926 0.5564814814814815 0.10740740740740741 0.06944444444444445
1 0.9638888888888889 0.5416666666666666 0.0712962962962963 0.09351851851851851
0 0.7472222222222222 0.5518518518518518 0.10277777777777777 0.07407407407407407
0 0.7916666666666666 0.7212962962962963 0.12222222222222222 0.09351851851851851
0 0.30277777777777776 0.7324074074074074 0.11481481481481481 0.08888888888888889
0 0.5481481481481482 0.7296296296296296 0.11481481481481481 0.08888888888888889