0 0.22962962962962963 0.5814814814814815 0.06481481481481481 0.08611111111111111
1 0.2814814814814815 0.04722222222222222 0.062037037037037036 0.09351851851851851
0 0.27037037037037037 0.24537037037037038 0.05925925925925926 0.08333333333333333
0 0.25462962962962965 0.4148148148148148 0.05925925925925926 0.08611111111111111
0 0.3037037037037037 0.5916666666666667 0.05277777777777778 0.09074074074074075
1 0.3537037037037037 0.05092592592592592 0.06666666666666667 0.10092592592592593
0 0.3277777777777778 0.4074074074074074 0.05925925925925926 0.09074074074074075
0 0.34814814814814815 0.2324074074074074 0.05925925925925926 0.09074074074074075
0 0.3962962962962963 0.6157407407407407 0.06481481481481481 0.10092592592592593
1 0.4546296296296296 0.03148148148148148 0.07685185185185185 0.062037037037037036
0 0.4203703703703704 0.44074074074074077 0.06481481481481481 0.09537037037037037
0 0.44722222222222224 0.22592592592592592 0.06944444444444445 0.10092592592592593
0 0.5509259259259259 0.4462962962962963 0.08148148148148149 0.11018518518518519
0 0.5324074074074074 0.6731481481481482 0.0787037037037037 0.1175925925925926
1 0.5879629629629629 0.021296296296296296 0.09814814814814815 0.03796296296296296
0 0.575925925925926 0.225 0.08611111111111111 0.11296296296296296
0 0.7555555555555555 0.19722222222222222 0.10740740740740741 0.13148148148148148
0 0.7138888888888889 0.7064814814814815 0.10092592592592593 0.125
0 0.7379629629629629 0.45092592592592595 0.10092592592592593 0.125