0 0.275 0.24259259259259258 0.12222222222222222 0.08611111111111111
0 0.7759259259259259 0.2675925925925926 0.11481481481481481 0.0824074074074074
0 0.2759259259259259 0.41574074074074074 0.11851851851851852 0.08518518518518518
0 0.7870370370370371 0.4398148148148148 0.12222222222222222 0.09537037037037037
0 0.5287037037037037 0.6222222222222222 0.11574074074074074 0.08981481481481482
0 0.25833333333333336 0.6268518518518519 0.11851851851851852 0.09166666666666666
0 0.7814814814814814 0.6324074074074074 0.11944444444444445 0.09537037037037037
0 0.8138888888888889 0.8435185185185186 0.12685185185185185 0.09537037037037037
0 0.2814814814814815 0.8481481481481481 0.12037037037037036 0.10092592592592593
0 0.549074074074074 0.8527777777777777 0.12129629629629629 0.09537037037037037
0 0.7564814814814815 0.10462962962962963 0.11018518518518519 0.08703703703703704
0 0.5111111111111111 0.42314814814814816 0.1111111111111111 0.08148148148148149
0 0.537962962962963 0.25555555555555554 0.11296296296296296 0.08333333333333333
0 0.5120370370370371 0.10740740740740741 0.10925925925925926 0.0824074074074074
0 0.2574074074074074 0.09351851851851851 0.10555555555555556 0.08148148148148149