0 0.24537037037037038 0.7268518518518519 0.11018518518518519 0.14351851851851852
0 0.23333333333333334 0.4398148148148148 0.11481481481481481 0.14166666666666666
0 0.21481481481481482 0.17222222222222222 0.11481481481481481 0.14814814814814814
0 0.43425925925925923 0.7064814814814815 0.11481481481481481 0.14629629629629629
0 0.4166666666666667 0.44814814814814813 0.11481481481481481 0.14351851851851852
0 0.3990740740740741 0.14444444444444443 0.11944444444444445 0.14351851851851852
0 0.6324074074074074 0.40370370370370373 0.1175925925925926 0.1537037037037037
0 0.6638888888888889 0.7046296296296296 0.12222222222222222 0.14166666666666666
0 0.6092592592592593 0.13055555555555556 0.11944444444444445 0.14351851851851852
0 0.8388888888888889 0.07222222222222222 0.11944444444444445 0.14351851851851852
0 0.9074074074074074 0.65 0.125 0.14814814814814814
0 0.8824074074074074 0.36203703703703705 0.125 0.15833333333333333
0 0.08055555555555556 0.7657407407407407 0.11296296296296296 0.1361111111111111
0 0.04814814814814815 0.21296296296296297 0.09537037037037037 0.14629629629629629
0 0.0712962962962963 0.4888888888888889 0.11481481481481481 0.14166666666666666