0 0.2777777777777778 0.7944444444444444 0.14166666666666666 0.11018518518518519
0 0.5472222222222223 0.7333333333333333 0.14166666666666666 0.11481481481481481
0 0.8009259259259259 0.6842592592592592 0.14814814814814814 0.11481481481481481
0 0.25 0.6138888888888889 0.14629629629629629 0.11481481481481481
0 0.4925925925925926 0.5657407407407408 0.14351851851851852 0.11481481481481481
0 0.7796296296296297 0.5074074074074074 0.14351851851851852 0.11944444444444445
0 0.4824074074074074 0.35555555555555557 0.15092592592592594 0.1175925925925926
0 0.1962962962962963 0.40185185185185185 0.14166666666666666 0.125
0 0.7407407407407407 0.3074074074074074 0.14351851851851852 0.11944444444444445
0 0.7388888888888889 0.08148148148148149 0.14629629629629629 0.11944444444444445
0 0.18611111111111112 0.16111111111111112 0.14814814814814814 0.125
0 0.45925925925925926 0.11296296296296296 0.15555555555555556 0.12685185185185185
0 0.2833333333333333 0.9490740740740741 0.13425925925925927 0.10092592592592593
0 0.8064814814814815 0.8583333333333333 0.14629629629629629 0.11481481481481481
0 0.5416666666666666 0.8981481481481481 0.14166666666666666 0.11481481481481481