0 0.26944444444444443 0.7592592592592593 0.1388888888888889 0.10277777777777777
0 0.5564814814814815 0.725925925925926 0.13425925925925927 0.10740740740740741
0 0.8222222222222222 0.6990740740740741 0.14351851851851852 0.10740740740740741
0 0.26481481481481484 0.5675925925925925 0.14166666666666666 0.10740740740740741
0 0.5166666666666667 0.5453703703703704 0.1388888888888889 0.10740740740740741
0 0.8185185185185185 0.5148148148148148 0.1388888888888889 0.11296296296296296
0 0.5287037037037037 0.3296296296296296 0.14629629629629629 0.10740740740740741
0 0.22870370370370371 0.3435185185185185 0.13425925925925927 0.11296296296296296
0 0.8009259259259259 0.3055555555555556 0.13425925925925927 0.11296296296296296
0 0.8240740740740741 0.0712962962962963 0.14351851851851852 0.11296296296296296
0 0.24537037037037038 0.09722222222222222 0.14351851851851852 0.1175925925925926
0 0.5324074074074074 0.07314814814814814 0.1537037037037037 0.1175925925925926
0 0.25833333333333336 0.924074074074074 0.12962962962962962 0.10740740740740741
0 0.8074074074074075 0.8824074074074074 0.14166666666666666 0.10740740740740741
0 0.5314814814814814 0.8925925925925926 0.13425925925925927 0.10740740740740741