0 0.24259259259259258 0.725 0.08611111111111111 0.12222222222222222
0 0.2675925925925926 0.22407407407407406 0.0824074074074074 0.11481481481481481
0 0.41574074074074074 0.7240740740740741 0.08518518518518518 0.11851851851851852
0 0.4398148148148148 0.21296296296296297 0.09537037037037037 0.12222222222222222
0 0.6222222222222222 0.47129629629629627 0.08981481481481482 0.11574074074074074
0 0.6268518518518519 0.7416666666666667 0.09166666666666666 0.11851851851851852
0 0.6324074074074074 0.21851851851851853 0.09537037037037037 0.11944444444444445
0 0.8435185185185186 0.18611111111111112 0.09537037037037037 0.12685185185185185
0 0.8481481481481481 0.7185185185185186 0.10092592592592593 0.12037037037037036
0 0.8527777777777777 0.45092592592592595 0.09537037037037037 0.12129629629629629
0 0.10462962962962963 0.24351851851851852 0.08703703703703704 0.11018518518518519
0 0.42314814814814816 0.4888888888888889 0.08148148148148149 0.1111111111111111
0 0.25555555555555554 0.462037037037037 0.08333333333333333 0.11296296296296296
0 0.10740740740740741 0.487962962962963 0.0824074074074074 0.10925925925925926
0 0.09351851851851851 0.7425925925925926 0.08148148148148149 0.10555555555555556