0 0.7944444444444444 0.7222222222222222 0.11018518518518519 0.14166666666666666
0 0.7333333333333333 0.4527777777777778 0.11481481481481481 0.14166666666666666
0 0.6842592592592592 0.19907407407407407 0.11481481481481481 0.14814814814814814
0 0.6138888888888889 0.75 0.11481481481481481 0.14629629629629629
0 0.5657407407407408 0.5074074074074074 0.11481481481481481 0.14351851851851852
0 0.5074074074074074 0.22037037037037038 0.11944444444444445 0.14351851851851852
0 0.35555555555555557 0.5175925925925926 0.1175925925925926 0.15092592592592594
0 0.40185185185185185 0.8037037037037037 0.125 0.14166666666666666
0 0.3074074074074074 0.25925925925925924 0.11944444444444445 0.14351851851851852
0 0.08148148148148149 0.2611111111111111 0.11944444444444445 0.14629629629629629
0 0.16111111111111112 0.8138888888888889 0.125 0.14814814814814814
0 0.11296296296296296 0.5407407407407407 0.12685185185185185 0.15555555555555556
0 0.9490740740740741 0.7166666666666667 0.10092592592592593 0.13425925925925927
0 0.8583333333333333 0.1935185185185185 0.11481481481481481 0.14629629629629629
0 0.8981481481481481 0.4583333333333333 0.11481481481481481 0.14166666666666666