0 0.27314814814814814 0.24537037037037038 0.14351851851851852 0.11018518518518519
0 0.5601851851851852 0.23333333333333334 0.14166666666666666 0.11481481481481481
0 0.8277777777777777 0.21481481481481482 0.14814814814814814 0.11481481481481481
0 0.2935185185185185 0.43425925925925923 0.14629629629629629 0.11481481481481481
0 0.5518518518518518 0.4166666666666667 0.14351851851851852 0.11481481481481481
0 0.8555555555555555 0.3990740740740741 0.14351851851851852 0.11944444444444445
0 0.5962962962962963 0.6324074074074074 0.1537037037037037 0.1175925925925926
0 0.2953703703703704 0.6638888888888889 0.14166666666666666 0.12222222222222222
0 0.8694444444444445 0.6092592592592593 0.14351851851851852 0.11944444444444445
0 0.9277777777777778 0.8388888888888889 0.14351851851851852 0.11944444444444445
0 0.35 0.9074074074074074 0.14814814814814814 0.125
0 0.637962962962963 0.8824074074074074 0.15833333333333333 0.125
0 0.23425925925925925 0.08055555555555556 0.1361111111111111 0.11296296296296296
0 0.7870370370370371 0.04814814814814815 0.14629629629629629 0.09537037037037037
0 0.5111111111111111 0.0712962962962963 0.14166666666666666 0.11481481481481481