0 0.05648148148148148 0.6333333333333333 0.10277777777777777 0.125
0 0.1425925925925926 0.16018518518518518 0.09814814814814815 0.12222222222222222
0 0.10925925925925926 0.3990740740740741 0.10277777777777777 0.12685185185185185
1 0.1361111111111111 0.9027777777777778 0.12222222222222222 0.09814814814814815
0 0.27685185185185185 0.20185185185185187 0.10277777777777777 0.125
0 0.2388888888888889 0.4546296296296296 0.11018518518518519 0.12962962962962962
0 0.2064814814814815 0.6787037037037037 0.10740740740740741 0.1388888888888889
1 0.31574074074074077 0.9435185185185185 0.12222222222222222 0.08148148148148149
0 0.44074074074074077 0.23703703703703705 0.11296296296296296 0.12962962962962962
0 0.4074074074074074 0.45555555555555555 0.11018518518518519 0.12962962962962962
0 0.36574074074074076 0.7203703703703703 0.11018518518518519 0.1388888888888889
1 0.5027777777777778 0.9787037037037037 0.14351851851851852 0.04259259259259259
0 0.5916666666666667 0.5111111111111111 0.11481481481481481 0.12962962962962962
0 0.6407407407407407 0.2537037037037037 0.11481481481481481 0.13425925925925927
0 0.5555555555555556 0.75 0.12685185185185185 0.14629629629629629
0 0.7611111111111111 0.8231481481481482 0.1361111111111111 0.15555555555555556
0 0.8481481481481481 0.3194444444444444 0.12685185185185185 0.14814814814814814
0 0.8111111111111111 0.5731481481481482 0.125 0.15555555555555556
1 0.024074074074074074 0.8824074074074074 0.04722222222222222 0.08611111111111111