0 0.30648148148148147 0.875 0.11018518518518519 0.08611111111111111
0 0.7898148148148149 0.8703703703703703 0.11018518518518519 0.08148148148148149
0 0.5472222222222223 0.8629629629629629 0.11481481481481481 0.08333333333333333
1 0.04722222222222222 0.75 0.09351851851851851 0.11018518518518519
0 0.7712962962962963 0.7296296296296296 0.11018518518518519 0.08611111111111111
0 0.5157407407407407 0.7222222222222222 0.1175925925925926 0.09074074074074075
0 0.28703703703703703 0.7148148148148148 0.125 0.08888888888888889
1 0.03888888888888889 0.5648148148148148 0.07685185185185185 0.11481481481481481
0 0.7657407407407407 0.562962962962963 0.1175925925925926 0.09537037037037037
0 0.5435185185185185 0.5592592592592592 0.1175925925925926 0.09074074074074075
0 0.2740740740740741 0.5537037037037037 0.125 0.09074074074074075
1 0.025 0.3712962962962963 0.05 0.14166666666666666
0 0.5203703703703704 0.3675925925925926 0.1175925925925926 0.09537037037037037
0 0.7833333333333333 0.36203703703703705 0.12222222222222222 0.09537037037037037
0 0.27685185185185185 0.36018518518518516 0.12962962962962962 0.10555555555555556
0 0.24166666666666667 0.14537037037037037 0.1388888888888889 0.1175925925925926
0 0.7546296296296297 0.14537037037037037 0.13148148148148148 0.10555555555555556
0 0.49722222222222223 0.13796296296296295 0.14351851851851852 0.10092592592592593
1 0.041666666666666664 0.8907407407407407 0.08333333333333333 0.09537037037037037