0 0.9435185185185185 0.36666666666666664 0.10277777777777777 0.125
0 0.8574074074074074 0.8398148148148148 0.09814814814814815 0.12222222222222222
0 0.8907407407407407 0.600925925925926 0.10277777777777777 0.12685185185185185
1 0.8638888888888889 0.09722222222222222 0.12222222222222222 0.09814814814814815
0 0.7231481481481481 0.7981481481481482 0.10277777777777777 0.125
0 0.7611111111111111 0.5453703703703704 0.11018518518518519 0.12962962962962962
0 0.7935185185185185 0.3212962962962963 0.10740740740740741 0.1388888888888889
1 0.6842592592592592 0.05648148148148148 0.12222222222222222 0.08148148148148149
0 0.5592592592592592 0.762962962962963 0.11296296296296296 0.12962962962962962
0 0.5925925925925926 0.5444444444444444 0.11018518518518519 0.12962962962962962
0 0.6342592592592593 0.2796296296296296 0.11018518518518519 0.1388888888888889
1 0.49722222222222223 0.021296296296296296 0.14351851851851852 0.04259259259259259
0 0.4083333333333333 0.4888888888888889 0.11481481481481481 0.12962962962962962
0 0.3592592592592593 0.7462962962962963 0.11481481481481481 0.13425925925925927
0 0.4444444444444444 0.25 0.12685185185185185 0.14629629629629629
0 0.2388888888888889 0.17685185185185184 0.1361111111111111 0.15555555555555556
0 0.15185185185185185 0.6805555555555556 0.12685185185185185 0.14814814814814814
0 0.18888888888888888 0.42685185185185187 0.125 0.15555555555555556
1 0.975925925925926 0.1175925925925926 0.04722222222222222 0.08611111111111111