0 0.6935185185185185 0.125 0.11018518518518519 0.08611111111111111
0 0.2101851851851852 0.12962962962962962 0.11018518518518519 0.08148148148148149
0 0.4527777777777778 0.13703703703703704 0.11481481481481481 0.08333333333333333
1 0.9527777777777777 0.25 0.09351851851851851 0.11018518518518519
0 0.22870370370370371 0.27037037037037037 0.11018518518518519 0.08611111111111111
0 0.4842592592592593 0.2777777777777778 0.1175925925925926 0.09074074074074075
0 0.7129629629629629 0.2851851851851852 0.125 0.08888888888888889
1 0.9611111111111111 0.4351851851851852 0.07685185185185185 0.11481481481481481
0 0.23425925925925925 0.43703703703703706 0.1175925925925926 0.09537037037037037
0 0.4564814814814815 0.44074074074074077 0.1175925925925926 0.09074074074074075
0 0.725925925925926 0.4462962962962963 0.125 0.09074074074074075
1 0.975 0.6287037037037037 0.05 0.14166666666666666
0 0.47962962962962963 0.6324074074074074 0.1175925925925926 0.09537037037037037
0 0.21666666666666667 0.637962962962963 0.12222222222222222 0.09537037037037037
0 0.7231481481481481 0.6398148148148148 0.12962962962962962 0.10555555555555556
0 0.7583333333333333 0.8546296296296296 0.1388888888888889 0.1175925925925926
0 0.24537037037037038 0.8546296296296296 0.13148148148148148 0.10555555555555556
0 0.5027777777777778 0.862037037037037 0.14351851851851852 0.10092592592592593
1 0.9583333333333334 0.10925925925925926 0.08333333333333333 0.09537037037037037