3 0.42962962962962964 0.6361111111111111 0.06388888888888888 0.06574074074074074
2 0.35185185185185186 0.32685185185185184 0.05 0.05277777777777778
3 0.475 0.5953703703703703 0.06111111111111111 0.06481481481481481
2 0.43796296296296294 0.700925925925926 0.04814814814814815 0.049074074074074076
2 0.3990740740740741 0.562962962962963 0.05 0.049074074074074076
0 0.8462962962962963 0.4064814814814815 0.05092592592592592 0.04537037037037037
1 0.4675925925925926 0.7444444444444445 0.05648148148148148 0.05740740740740741
3 0.7851851851851852 0.7231481481481481 0.06481481481481481 0.06388888888888888
3 0.5259259259259259 0.4046296296296296 0.06388888888888888 0.062037037037037036
2 0.4777777777777778 0.3712962962962963 0.05555555555555555 0.04537037037037037
3 0.6416666666666667 0.6583333333333333 0.05925925925925926 0.062037037037037036
3 0.7203703703703703 0.587037037037037 0.06111111111111111 0.06388888888888888
3 0.6425925925925926 0.5277777777777778 0.062037037037037036 0.06018518518518518
1 0.43703703703703706 0.4564814814814815 0.05648148148148148 0.05740740740740741
0 0.4787037037037037 0.27870370370370373 0.04814814814814815 0.04537037037037037
0 0.5416666666666666 0.6240740740740741 0.04722222222222222 0.04537037037037037
1 0.5675925925925925 0.19444444444444445 0.05648148148148148 0.05462962962962963
3 0.5 0.21666666666666667 0.06018518518518518 0.06574074074074074
2 0.6129629629629629 0.22777777777777777 0.05462962962962963 0.04722222222222222
0 0.6962962962962963 0.8 0.05462962962962963 0.05092592592592592
2 0.7074074074074074 0.6759259259259259 0.04814814814814815 0.05
2 0.8277777777777777 0.525 0.05092592592592592 0.046296296296296294
2 0.6166666666666667 0.33055555555555555 0.05462962962962963 0.04722222222222222
2 0.6370370370370371 0.44722222222222224 0.053703703703703705 0.049074074074074076
1 0.7138888888888889 0.4009259259259259 0.05555555555555555 0.05277777777777778
1 0.6231481481481481 0.3814814814814815 0.05925925925925926 0.058333333333333334
1 0.4212962962962963 0.337037037037037 0.05740740740740741 0.05462962962962963
3 0.3472222222222222 0.45092592592592595 0.06111111111111111 0.062037037037037036
2 0.7194444444444444 0.3138888888888889 0.05092592592592592 0.05
1 0.5203703703703704 0.5305555555555556 0.049074074074074076 0.05185185185185185
2 0.5055555555555555 0.4583333333333333 0.053703703703703705 0.05
2 0.40185185185185185 0.5120370370370371 0.05092592592592592 0.04722222222222222
2 0.6092592592592593 0.6027777777777777 0.053703703703703705 0.049074074074074076
1 0.5879629629629629 0.5231481481481481 0.05185185185185185 0.05555555555555555
2 0.5796296296296296 0.45185185185185184 0.053703703703703705 0.05185185185185185
2 0.37962962962962965 0.3851851851851852 0.05277777777777778 0.049074074074074076
1 0.5731481481481482 0.6731481481481482 0.05555555555555555 0.05740740740740741
2 0.4722222222222222 0.525 0.05 0.05
2 0.812962962962963 0.6259259259259259 0.05185185185185185 0.049074074074074076
2 0.7101851851851851 0.25555555555555554 0.05185185185185185 0.049074074074074076
0 0.41944444444444445 0.2574074074074074 0.053703703703703705 0.05
2 0.6101851851851852 0.7361111111111112 0.049074074074074076 0.05092592592592592
2 0.7277777777777777 0.44722222222222224 0.05185185185185185 0.04722222222222222
0 0.725 0.7231481481481481 0.04722222222222222 0.044444444444444446
1 0.5416666666666666 0.34444444444444444 0.06018518518518518 0.05648148148148148
2 0.562037037037037 0.799074074074074 0.05185185185185185 0.05092592592592592