3 0.6361111111111111 0.5703703703703704 0.06574074074074074 0.06388888888888888
2 0.32685185185185184 0.6481481481481481 0.05277777777777778 0.05
3 0.5953703703703703 0.525 0.06481481481481481 0.06111111111111111
2 0.700925925925926 0.562037037037037 0.049074074074074076 0.04814814814814815
2 0.562962962962963 0.600925925925926 0.049074074074074076 0.05
0 0.4064814814814815 0.1537037037037037 0.04537037037037037 0.05092592592592592
1 0.7444444444444445 0.5324074074074074 0.05740740740740741 0.05648148148148148
3 0.7231481481481481 0.21481481481481482 0.06388888888888888 0.06481481481481481
3 0.4046296296296296 0.4740740740740741 0.062037037037037036 0.06388888888888888
2 0.3712962962962963 0.5222222222222223 0.04537037037037037 0.05555555555555555
3 0.6583333333333333 0.35833333333333334 0.062037037037037036 0.05925925925925926
3 0.587037037037037 0.2796296296296296 0.06388888888888888 0.06111111111111111
3 0.5277777777777778 0.3574074074074074 0.06018518518518518 0.062037037037037036
1 0.4564814814814815 0.562962962962963 0.05740740740740741 0.05648148148148148
0 0.27870370370370373 0.5212962962962963 0.04537037037037037 0.04814814814814815
0 0.6240740740740741 0.4583333333333333 0.04537037037037037 0.04722222222222222
1 0.19444444444444445 0.4324074074074074 0.05462962962962963 0.05648148148148148
3 0.21666666666666667 0.5 0.06574074074074074 0.06018518518518518
2 0.22777777777777777 0.387037037037037 0.04722222222222222 0.05462962962962963
0 0.8 0.3037037037037037 0.05092592592592592 0.05462962962962963
2 0.6759259259259259 0.29259259259259257 0.05 0.04814814814814815
2 0.525 0.17222222222222222 0.046296296296296294 0.05092592592592592
2 0.33055555555555555 0.38333333333333336 0.04722222222222222 0.05462962962962963
2 0.44722222222222224 0.362962962962963 0.049074074074074076 0.053703703703703705
1 0.4009259259259259 0.2861111111111111 0.05277777777777778 0.05555555555555555
1 0.3814814814814815 0.3768518518518518 0.058333333333333334 0.05925925925925926
1 0.337037037037037 0.5787037037037037 0.05462962962962963 0.05740740740740741
3 0.45092592592592595 0.6527777777777778 0.062037037037037036 0.06111111111111111
2 0.3138888888888889 0.28055555555555556 0.05 0.05092592592592592
1 0.5305555555555556 0.47962962962962963 0.05185185185185185 0.049074074074074076
2 0.4583333333333333 0.49444444444444446 0.05 0.053703703703703705
2 0.5120370370370371 0.5981481481481481 0.04722222222222222 0.05092592592592592
2 0.6027777777777777 0.3907407407407407 0.049074074074074076 0.053703703703703705
1 0.5231481481481481 0.41203703703703703 0.05555555555555555 0.05185185185185185
2 0.45185185185185184 0.4203703703703704 0.05185185185185185 0.053703703703703705
2 0.3851851851851852 0.6203703703703703 0.049074074074074076 0.05277777777777778
1 0.6731481481481482 0.42685185185185187 0.05740740740740741 0.05555555555555555
2 0.525 0.5277777777777778 0.05 0.05
2 0.6259259259259259 0.18703703703703703 0.049074074074074076 0.05185185185185185
2 0.25555555555555554 0.2898148148148148 0.049074074074074076 0.05185185185185185
0 0.2574074074074074 0.5805555555555556 0.05 0.053703703703703705
2 0.7361111111111112 0.38981481481481484 0.05092592592592592 0.049074074074074076
2 0.44722222222222224 0.2722222222222222 0.04722222222222222 0.05185185185185185
0 0.7231481481481481 0.275 0.044444444444444446 0.04722222222222222
1 0.34444444444444444 0.4583333333333333 0.05648148148148148 0.06018518518518518
2 0.799074074074074 0.43796296296296294 0.05092592592592592 0.05185185185185185