2 0.2361111111111111 0.7490740740740741 0.032407407407407406 0.03981481481481482
2 0.46111111111111114 0.6648148148148149 0.027777777777777776 0.03888888888888889
2 0.32314814814814813 0.5833333333333334 0.030555555555555555 0.03796296296296296
2 0.2611111111111111 0.37037037037037035 0.03148148148148148 0.04259259259259259
2 0.3712962962962963 0.36944444444444446 0.03425925925925926 0.03888888888888889
3 0.2712962962962963 0.7222222222222222 0.037037037037037035 0.05
3 0.4361111111111111 0.6324074074074074 0.03425925925925926 0.04814814814814815
3 0.38981481481481484 0.6435185185185185 0.03518518518518519 0.046296296296296294
3 0.28425925925925927 0.6481481481481481 0.03611111111111111 0.049074074074074076
3 0.46296296296296297 0.5657407407407408 0.037037037037037035 0.05277777777777778
3 0.4148148148148148 0.5222222222222223 0.03796296296296296 0.046296296296296294
3 0.32314814814814813 0.48518518518518516 0.03796296296296296 0.05
3 0.20925925925925926 0.4685185185185185 0.03888888888888889 0.05
3 0.32222222222222224 0.3490740740740741 0.03981481481481482 0.05
1 0.21203703703703702 0.38055555555555554 0.03425925925925926 0.046296296296296294
1 0.26481481481481484 0.4564814814814815 0.037037037037037035 0.046296296296296294
1 0.36944444444444446 0.5287037037037037 0.03425925925925926 0.044444444444444446
1 0.2824074074074074 0.55 0.03333333333333333 0.04259259259259259
1 0.2361111111111111 0.5342592592592592 0.03425925925925926 0.04537037037037037
1 0.3861111111111111 0.5842592592592593 0.03333333333333333 0.04351851851851852
1 0.21481481481481482 0.6212962962962963 0.03796296296296296 0.04537037037037037
1 0.33055555555555555 0.6398148148148148 0.032407407407407406 0.040740740740740744
1 0.4305555555555556 0.7222222222222222 0.03333333333333333 0.041666666666666664
1 0.37407407407407406 0.7444444444444445 0.032407407407407406 0.04351851851851852
1 0.30925925925925923 0.7685185185185185 0.03518518518518519 0.04722222222222222
0 0.21296296296296297 0.700925925925926 0.02962962962962963 0.03981481481481482
0 0.3768518518518518 0.4666666666666667 0.028703703703703703 0.03981481481481482
0 0.35833333333333334 0.3194444444444444 0.027777777777777776 0.03981481481481482
0 0.30277777777777776 0.4212962962962963 0.02962962962962963 0.03981481481481482
0 0.4888888888888889 0.7555555555555555 0.02962962962962963 0.03981481481481482
0 0.34629629629629627 0.7111111111111111 0.02962962962962963 0.037037037037037035
0 0.3388888888888889 0.4185185185185185 0.02962962962962963 0.03981481481481482