2 0.7490740740740741 0.7638888888888888 0.03981481481481482 0.032407407407407406
2 0.6648148148148149 0.5388888888888889 0.03888888888888889 0.027777777777777776
2 0.5833333333333334 0.6768518518518518 0.03796296296296296 0.030555555555555555
2 0.37037037037037035 0.7388888888888889 0.04259259259259259 0.03148148148148148
2 0.36944444444444446 0.6287037037037037 0.03888888888888889 0.03425925925925926
3 0.7222222222222222 0.7287037037037037 0.05 0.037037037037037035
3 0.6324074074074074 0.5638888888888889 0.04814814814814815 0.03425925925925926
3 0.6435185185185185 0.6101851851851852 0.046296296296296294 0.03518518518518519
3 0.6481481481481481 0.7157407407407408 0.049074074074074076 0.03611111111111111
3 0.5657407407407408 0.5370370370370371 0.05277777777777778 0.037037037037037035
3 0.5222222222222223 0.5851851851851851 0.046296296296296294 0.03796296296296296
3 0.48518518518518516 0.6768518518518518 0.05 0.03796296296296296
3 0.4685185185185185 0.7907407407407407 0.05 0.03888888888888889
3 0.3490740740740741 0.6777777777777778 0.05 0.03981481481481482
1 0.38055555555555554 0.787962962962963 0.046296296296296294 0.03425925925925926
1 0.4564814814814815 0.7351851851851852 0.046296296296296294 0.037037037037037035
1 0.5287037037037037 0.6305555555555555 0.044444444444444446 0.03425925925925926
1 0.55 0.7175925925925926 0.04259259259259259 0.03333333333333333
1 0.5342592592592592 0.7638888888888888 0.04537037037037037 0.03425925925925926
1 0.5842592592592593 0.6138888888888889 0.04351851851851852 0.03333333333333333
1 0.6212962962962963 0.7851851851851852 0.04537037037037037 0.03796296296296296
1 0.6398148148148148 0.6694444444444444 0.040740740740740744 0.032407407407407406
1 0.7222222222222222 0.5694444444444444 0.041666666666666664 0.03333333333333333
1 0.7444444444444445 0.6259259259259259 0.04351851851851852 0.032407407407407406
1 0.7685185185185185 0.6907407407407408 0.04722222222222222 0.03518518518518519
0 0.700925925925926 0.7870370370370371 0.03981481481481482 0.02962962962962963
0 0.4666666666666667 0.6231481481481481 0.03981481481481482 0.028703703703703703
0 0.3194444444444444 0.6416666666666667 0.03981481481481482 0.027777777777777776
0 0.4212962962962963 0.6972222222222222 0.03981481481481482 0.02962962962962963
0 0.7555555555555555 0.5111111111111111 0.03981481481481482 0.02962962962962963
0 0.7111111111111111 0.6537037037037037 0.037037037037037035 0.02962962962962963
0 0.4185185185185185 0.6611111111111111 0.03981481481481482 0.02962962962962963