2 0.7638888888888888 0.25092592592592594 0.032407407407407406 0.03981481481481482
2 0.5388888888888889 0.3351851851851852 0.027777777777777776 0.03888888888888889
2 0.6768518518518518 0.4166666666666667 0.030555555555555555 0.03796296296296296
2 0.7388888888888889 0.6296296296296297 0.03148148148148148 0.04259259259259259
2 0.6287037037037037 0.6305555555555555 0.03425925925925926 0.03888888888888889
3 0.7287037037037037 0.2777777777777778 0.037037037037037035 0.05
3 0.5638888888888889 0.3675925925925926 0.03425925925925926 0.04814814814814815
3 0.6101851851851852 0.35648148148148145 0.03518518518518519 0.046296296296296294
3 0.7157407407407408 0.35185185185185186 0.03611111111111111 0.049074074074074076
3 0.5370370370370371 0.43425925925925923 0.037037037037037035 0.05277777777777778
3 0.5851851851851851 0.4777777777777778 0.03796296296296296 0.046296296296296294
3 0.6768518518518518 0.5148148148148148 0.03796296296296296 0.05
3 0.7907407407407407 0.5314814814814814 0.03888888888888889 0.05
3 0.6777777777777778 0.6509259259259259 0.03981481481481482 0.05
1 0.787962962962963 0.6194444444444445 0.03425925925925926 0.046296296296296294
1 0.7351851851851852 0.5435185185185185 0.037037037037037035 0.046296296296296294
1 0.6305555555555555 0.47129629629629627 0.03425925925925926 0.044444444444444446
1 0.7175925925925926 0.45 0.03333333333333333 0.04259259259259259
1 0.7638888888888888 0.46574074074074073 0.03425925925925926 0.04537037037037037
1 0.6138888888888889 0.41574074074074074 0.03333333333333333 0.04351851851851852
1 0.7851851851851852 0.3787037037037037 0.03796296296296296 0.04537037037037037
1 0.6694444444444444 0.36018518518518516 0.032407407407407406 0.040740740740740744
1 0.5694444444444444 0.2777777777777778 0.03333333333333333 0.041666666666666664
1 0.6259259259259259 0.25555555555555554 0.032407407407407406 0.04351851851851852
1 0.6907407407407408 0.23148148148148148 0.03518518518518519 0.04722222222222222
0 0.7870370370370371 0.29907407407407405 0.02962962962962963 0.03981481481481482
0 0.6231481481481481 0.5333333333333333 0.028703703703703703 0.03981481481481482
0 0.6416666666666667 0.6805555555555556 0.027777777777777776 0.03981481481481482
0 0.6972222222222222 0.5787037037037037 0.02962962962962963 0.03981481481481482
0 0.5111111111111111 0.24444444444444444 0.02962962962962963 0.03981481481481482
0 0.6537037037037037 0.28888888888888886 0.02962962962962963 0.037037037037037035
0 0.6611111111111111 0.5814814814814815 0.02962962962962963 0.03981481481481482